5 6.343334316 0.374161359 30.268295927 691255 42
4959.521472364 30.162949734 0.667148115 0.026724060 28.370574612 0.000000000 1.000000000
9
1 0.058378114 2.764953099 0.215638260 0.769882751 2.083101003 1.164349242
4 0.189671051 11.059812398 0.700610773 2.112837940 5.716785872 3.195397289
8 0.341882245 22.119624795 1.262851566 3.500152651 -1.000000000 5.293533443
16 0.616243063 44.239249590 2.276291116 5.798394828 15.688937147 8.769330940
32 1.110778691 88.478499180 4.103016842 9.605690361 25.990481295 14.527378728
64 2.002179618 176.956998361 7.395691654 15.912901768 43.056142786 -1.000000000
256 6.505100771 707.827993443 24.028673075 43.670783064 118.161696630 66.046476730
512 11.725450159 1415.655986885 43.311705450 72.345542578 195.748082697 109.413384858
1024 21.135134760 2831.311973770 78.069389146 119.848492831 324.278619658 181.255524575
105
0.000000000 281 78
0.000000000 287 46
0.000000000 343 114
0.000000000 184 69
0.000000000 329 57
0.000000000 180 105
0.000000000 288 84
0.000000000 168 107
0.000000000 387 93
0.000000000 483 48
0.000000000 64 77
0.000000000 419 52
0.000000000 447 106
0.000000000 285 42
0.000000000 205 119
0.000000000 214 26
0.000000000 445 73
0.000000000 298 37
0.000000000 427 104
0.000000000 455 119
0.000000000 84 115
0.000000000 97 29
0.000000000 179 102
0.000000000 265 29
0.000000000 355 21
0.000000000 499 110
0.000000000 469 37
0.000000000 173 117
0.000000000 265 64
0.000000000 160 116
0.000000000 88 53
0.000000000 261 79
0.000000000 365 64
0.000000000 351 116
0.000000000 511 74
0.000000000 177 88
0.000000000 102 109
0.000000000 501 67
0.000000000 86 73
0.000000000 333 25
0.000000000 464 75
0.000000000 510 52
0.000000000 312 46
0.000000000 377 80
0.000000000 412 27
0.000000000 293 105
0.000000000 249 43
0.000000000 391 93
0.000000000 405 51
0.000000000 493 94
0.000000000 464 75
0.000000000 291 91
0.000000000 293 32
0.000000000 256 113
0.000000000 176 41
0.000000000 467 66
0.000000000 335 70
0.000000000 202 28
0.000000000 261 51
0.000000000 379 98
0.000000000 67 115
0.000000000 365 64
0.000000000 122 106
0.000000000 416 70
0.000000000 156 53
0.000000000 117 44
0.000000000 370 60
0.000000000 320 118
0.000000000 207 54
0.000000000 462 47
0.000000000 196 99
0.000000000 106 62
0.000000000 488 60
0.000000000 454 40
0.000000000 268 73
0.000000000 465 50
0.000000000 163 67
0.000000000 371 117
0.000000000 473 73
0.000000000 509 96
0.000000000 294 117
0.000000000 93 115
0.000000000 425 89
0.000000000 199 87
0.000000000 68 51
0.000000000 437 75
0.000000000 120 92
0.000000000 134 68
0.000000000 263 73
0.000000000 140 60
0.000000000 390 64
0.000000000 128 56
0.000000000 183 91
0.000000000 338 110
0.000000000 264 71
0.000000000 94 58
0.000000000 137 66
0.000000000 115 110
0.000000000 192 46
0.000000000 199 72
0.000000000 378 34
0.000000000 484 42
0.000000000 430 66
0.000000000 406 116
0.000000000 496 81
