7 2.753528101 0.315708087 72.101692048 227323 38
1966.364080717 31.173178165 1.126163570 0.052499548 28.719594254 0.000000000 1.000000000
12
1 0.336327250 1.499898246 0.046187379 0.583569997 1.301723265 0.322744247
2 0.606230179 2.999796492 0.083252794 0.965071324 2.152707989 0.533734118
4 1.092730458 5.999592983 0.150063239 1.595974203 3.560012955 0.882655884
8 1.969647662 11.999185966 0.270489127 2.639321667 5.887325316 1.459680737
16 3.550291732 23.998371933 0.487556901 4.364744023 9.736087989 2.413928113
64 11.534931870 95.993487732 1.584077044 11.936903711 26.626703477 6.601722186
128 20.791725367 191.986975464 2.855300338 19.740499908 44.033566010 10.917512560
256 37.477104211 383.973950928 -1.000000000 32.645596046 72.819939471 18.054694993
512 67.552515016 767.947901855 -1.000000000 53.987231639 120.425031746 29.857718003
1024 121.763470817 1535.895803710 16.721617528 89.280685088 199.151336521 49.376814434
2048 219.478768805 3071.791607420 30.140731065 147.646776612 329.343943389 81.656267349
4096 395.610683838 6143.583214840 54.328695632 244.168944520 544.648280759 135.037994526
96
0.000000000 396 106
0.000000000 501 67
0.000000000 329 55
0.000000000 324 44
0.000000000 358 50
0.000000000 366 34
0.000000000 393 46
0.000000000 504 71
0.000000000 216 54
0.000000000 296 75
0.000000000 497 84
0.000000000 119 38
0.000000000 77 73
0.000000000 394 118
0.000000000 453 35
0.000000000 69 50
0.000000000 370 65
0.000000000 228 52
0.000000000 171 28
0.000000000 464 43
0.000000000 293 53
0.000000000 506 41
0.000000000 330 75
0.000000000 240 26
0.000000000 223 35
0.000000000 80 20
0.000000000 462 120
0.000000000 390 37
0.000000000 212 101
0.000000000 263 59
0.000000000 457 48
0.000000000 228 107
0.000000000 193 107
0.000000000 131 45
0.000000000 471 65
0.000000000 210 75
0.000000000 484 44
0.000000000 71 57
0.000000000 206 67
0.000000000 270 82
0.000000000 392 62
0.000000000 318 46
0.000000000 338 36
0.000000000 272 46
0.000000000 490 84
0.000000000 148 47
0.000000000 128 44
0.000000000 457 119
0.000000000 380 52
0.000000000 105 23
0.000000000 172 67
0.000000000 124 58
0.000000000 366 53
0.000000000 127 73
0.000000000 298 88
0.000000000 451 59
0.000000000 174 71
0.000000000 164 96
0.000000000 298 50
0.000000000 270 87
0.000000000 348 119
0.000000000 165 41
0.000000000 248 107
0.000000000 270 98
0.000000000 413 100
0.000000000 327 61
0.000000000 122 85
0.000000000 279 55
0.000000000 110 76
0.000000000 75 32
0.000000000 271 103
0.000000000 412 106
0.000000000 167 95
0.000000000 205 96
0.000000000 73 86
0.000000000 293 36
0.000000000 232 29
0.000000000 421 20
0.000000000 482 59
0.000000000 284 66
0.000000000 421 113
0.000000000 214 48
0.000000000 388 26
0.000000000 470 27
0.000000000 191 106
0.000000000 139 33
0.000000000 91 48
0.000000000 478 113
0.000000000 393 20
0.000000000 218 54
0.000000000 381 27
0.000000000 96 113
0.000000000 279 27
0.000000000 492 39
0.000000000 330 88
0.000000000 128 24
