3 6.386304912 48.834154092 27.010409840 283293 8
517.282331840 373.689316226 0.171887975 0.007991936 2026.717829876 1.000000000 0.000000000
11
1 0.352625559 0.564119614 0.339875917 1.108738522 4.589665056 1.786195098
2 0.635607897 1.128239228 0.612626654 1.647159033 6.818477128 2.653598961
4 1.145683822 2.256478456 1.104260112 2.447044841 10.129634686 3.942227506
8 2.065096150 4.512956912 1.990429873 3.635367521 -1.000000000 5.856633928
32 6.709517185 18.051827647 -1.000000000 8.023449314 33.213371951 12.925902318
64 12.093910935 36.103655295 11.656639622 11.919759933 49.342297149 19.202919656
128 21.799285649 -1.000000000 21.011103703 17.708179026 73.303676952 28.528153335
256 39.293232552 144.414621180 37.872533865 26.307543623 108.901072004 42.381864181
1024 127.664089202 577.658484719 123.048225551 58.062146837 240.350453237 93.539026544
2048 230.114638905 1155.316969437 221.794540403 86.258020010 357.068336849 138.963019161
4096 414.781849533 2310.633938875 399.784864285 128.146243662 530.466223228 206.445602524
104
0.000000000 124 327
13226.957215930 65 424
22212.808455116 107 351
128798.883743375 83 273
162257.761805594 89 364
182014.947873331 65 424
203978.198186979 24 187
204411.670920121 128 216
254763.260435804 40 151
264004.656359940 28 260
270690.937937925 20 159
271332.595225430 31 291
281295.760343568 127 256
288634.344045530 57 187
324426.511977317 104 207
358946.195984626 37 387
389393.002186152 65 460
391272.063616707 123 318
409639.603912747 109 256
420101.268924092 22 252
437705.852462011 114 466
450821.229205943 17 394
451977.663286136 91 199
474788.033659744 32 509
475599.227930951 92 361
501041.067003117 49 491
501078.874144410 23 301
557908.634367563 71 330
567693.469642494 55 371
568911.633534848 78 238
588655.158033200 27 342
598300.798651179 112 206
624214.755082788 108 191
632350.760041784 109 227
647047.473141113 29 274
658067.972753175 22 263
660865.178693528 45 401
670815.616415950 127 405
673671.853371839 78 257
681961.217900127 16 187
686196.190325011 41 344
699522.216967664 98 280
714974.919374533 48 294
729386.038754599 104 251
733338.191508647 77 483
766237.640327446 49 434
775179.654809550 30 501
788606.689960738 119 238
812783.100297399 78 180
815063.980494539 28 289
833631.756797236 54 430
898893.437963441 63 392
945399.073867027 110 190
962467.164462268 50 282
964923.269443054 121 510
969787.788895859 81 301
977321.563226837 33 296
1010213.477533474 42 390
1034361.308322858 108 307
1039492.269653688 120 236
1060507.056565144 67 173
1064236.997161086 101 191
1064833.035831777 116 293
1090383.234087059 73 276
1096134.760436687 119 473
1097154.827695515 47 243
1114453.635077534 97 430
1119672.013976545 75 458
1159091.858429963 54 343
1176268.920710146 117 167
1200984.825535350 120 176
1202018.628608854 96 150
1224429.137495763 20 187
1235413.754780962 124 455
1238364.098226232 82 271
1253302.407862664 62 484
1286481.343171556 90 299
1290937.843271742 17 229
1337919.287007506 60 244
1340011.101431171 114 502
1424039.031515417 113 297
1455127.624440970 50 450
1478414.097111796 38 276
1492477.678243945 123 196
1519983.114962608 69 193
1578759.390841229 50 193
1603474.965875787 63 220
1620705.813635738 84 372
1623020.502936169 101 217
1623250.035425012 35 350
1643945.113538583 24 303
1654003.130905262 101 168
1685499.361208172 93 409
1692157.521101332 86 155
1721936.010307665 110 331
1736012.408551725 105 448
1769862.341979480 89 254
1774012.211727245 87 466
1828296.766317798 94 161
1831749.975260546 77 348
1833769.653888681 79 175
1835251.539599368 40 198
1877430.364083172 31 291
1926795.204868518 22 286
