8 6.523901172 0.317562002 9.036721872 322632 13
530.022061264 35.740010678 0.898191797 0.040616435 438.070073620 0.000000000 1.000000000
9
1 0.256384140 2.702459551 0.047112614 0.873051388 0.943534615 1.218994484
2 0.462132649 5.404919101 0.084920531 1.333862329 1.441547766 1.862399903
16 -1.000000000 -1.000000000 0.497323738 4.756906414 5.140941211 6.641811416
32 4.878301491 86.478705619 0.896426498 7.267680176 7.854414880 -1.000000000
64 8.793142951 172.957411237 1.615809592 11.103681792 -1.000000000 -1.000000000
256 28.569005733 691.829644948 5.249780851 25.918472763 28.010924147 36.188563176
1024 92.820973474 2767.318579793 17.056588307 60.499503044 65.383751822 84.472187388
2048 167.309890567 5534.637159586 30.744516204 92.432139847 -1.000000000 129.058002875
4096 301.576232545 10000.000000000 55.417018904 141.219349693 152.620276997 197.176948071
118
0.000000000 81 272
659.793561185 81 254
1893.092282619 111 223
19606.542027860 88 442
25765.977843512 109 296
26884.380817846 26 243
32040.178358334 61 335
34095.218924354 127 184
36027.285807489 97 314
36497.089255530 22 268
40126.938765375 124 296
40146.706376743 80 458
41990.456447248 64 161
42002.204853734 50 425
46521.825351757 38 279
50656.320615669 30 223
51613.696879731 110 500
58961.228400268 60 394
61955.576767392 119 432
66119.087512444 27 413
70359.441754085 110 376
70991.972727933 21 404
73561.672401238 17 161
80635.400657015 113 191
81245.445714590 96 449
84204.009039230 124 420
90119.784635482 69 238
93046.474435864 68 211
103234.619386106 97 328
119383.714450299 70 298
123547.898870089 75 456
123661.231809775 16 496
133264.168776953 103 169
133806.715846920 108 487
138283.792679480 42 499
138629.844386414 51 455
142159.434045090 49 239
144628.156932251 34 282
146239.221029648 52 357
151285.408448348 35 190
153848.833758267 71 497
173592.678573067 98 198
174652.963213938 58 373
181727.497333053 68 380
185777.329665412 37 196
188434.002527019 92 450
189725.866390278 43 151
192728.188291785 54 365
199536.243930714 86 397
205420.341471690 39 264
205685.789021183 76 301
205865.771088991 78 206
214451.228250799 33 243
221962.170228620 110 448
222996.323313433 78 240
223173.661492803 114 340
233727.802489542 72 282
235503.694204011 103 351
237652.088357469 39 214
237774.549225601 21 250
248245.267837894 56 489
248509.257220886 60 405
251715.791036843 78 329
252255.032185200 28 475
262195.570628471 76 183
263577.397144860 128 399
265920.991350114 45 473
268006.856188581 62 407
269331.750497510 108 506
276745.033705099 98 399
277092.306985556 98 246
277938.190842107 54 281
299254.312785423 35 287
302555.975582543 71 267
310810.671195781 22 425
318053.168187777 94 373
333373.306552157 80 461
334072.060100747 73 509
336920.774325285 30 397
344745.107137153 126 321
349845.569467851 110 178
362385.119653846 91 439
367549.983805274 123 191
370385.047774461 119 301
371139.404112609 35 355
375852.479671974 125 244
376140.407926525 62 472
379744.037992158 125 203
387913.021647138 39 379
387914.721440985 17 254
392307.458955471 90 398
395395.520635788 88 357
396150.380535190 106 309
396565.381290670 83 195
401424.571974541 70 503
404281.089097393 34 266
410882.394659702 45 398
415984.254666447 24 218
418433.694260822 109 281
427732.353303781 62 442
431807.404538586 121 326
434056.091228049 26 484
435116.118890662 115 280
437369.611584813 100 503
439993.035635567 49 280
443666.750028705 86 188
449225.433662048 42 466
453693.625151832 105 461
454878.034266280 58 192
456169.949903676 20 210
460934.358157160 40 458
461161.744292586 25 260
462623.338877934 42 259
469218.045387925 45 304
469947.307169359 93 328
470358.286553507 53 300
471019.270649071 19 228
472592.310541975 68 421
