4 2.438913839 0.159713260 0.449365639 103298 11
7370.989550933 50.136383149 0.287591911 0.015449896 0.000000000 0.000000000 1.000000000
13
1 0.170818650 0.887463443 0.256876735 0.536171027 3.357497674 0.685788276
2 0.307900774 1.774926885 0.463020552 -1.000000000 5.497706123 1.122938202
4 0.554991430 3.549853770 0.834594974 1.437589671 9.002172316 1.838745646
8 1.000372567 7.099707541 1.504358212 2.353969028 14.740530794 3.010838481
16 1.803172477 14.199415082 2.711607070 3.854486642 24.136757271 4.930071963
32 3.250220059 28.398830163 4.887674252 6.311496498 39.522528713 8.072704570
64 5.858524663 56.797660326 8.810037361 10.334706471 -1.000000000 13.218581709
128 10.559996125 113.595320652 15.880100495 16.922477558 105.968387277 -1.000000000
256 19.034402786 -1.000000000 28.623895835 27.709567515 173.517038010 35.441856363
512 34.309528633 454.381282609 51.594598727 45.372796579 284.124003898 58.033967448
1024 61.842957104 908.762565218 92.999311941 74.295301371 465.236443158 95.027228349
2048 111.471987399 1817.525130436 167.631345819 -1.000000000 761.797472487 155.601530014
4096 200.928360423 3635.050260872 302.155655934 199.201658522 1247.398817574 254.788407106
1864
0.000000000 223 76
11260.807642142 317 87
14348.951377113 295 76
16250.056692039 451 77
29197.826688908 196 87
31383.567986170 460 70
41495.607621155 155 82
48007.227156683 221 71
48505.495860840 308 68
53359.332657480 274 79
61605.775283551 405 66
75142.457354003 371 80
76338.395019444 421 73
78908.845307487 90 85
80683.325664800 352 62
87598.438507074 372 94
88758.782447494 254 94
89067.573486767 32 62
90633.754769061 436 68
101553.141927284 301 81
102493.486940806 273 76
109552.902607912 422 90
113847.639105699 406 92
120360.075664108 77 64
129125.208488279 69 70
133417.595859499 480 70
134871.704478289 460 62
140322.715241992 229 67
144626.565311577 187 72
147367.113403293 94 70
154196.348276166 313 82
157015.087753979 181 94
157516.433403931 322 82
159443.095858208 185 72
172940.294926867 171 69
175190.445395702 380 94
180725.920082504 446 65
186946.398564258 325 63
190683.392548228 246 74
192710.250331595 238 79
194168.318250231 240 98
199036.557356857 268 99
199651.934093093 158 72
201147.648894597 314 99
208368.580699514 374 99
227329.806488894 308 99
227828.118894582 312 91
234176.376632566 77 86
236764.625975024 397 93
239555.208510409 283 74
250040.796739568 185 65
250312.542880624 247 87
252281.881264836 299 60
259350.967830589 240 92
262339.172599984 36 64
265149.131629438 397 94
274433.400965913 134 89
276235.751527302 445 78
285247.489525085 315 97
317425.028830563 133 91
322957.800511096 229 64
329438.285632936 498 61
337811.772595998 92 77
340977.158419318 170 77
345646.462660378 372 77
365181.086268426 349 92
371793.004846362 158 94
372111.764041965 487 100
372672.008249651 397 80
372791.925524168 148 78
378718.539025783 126 97
380191.830363869 57 93
385915.033077500 407 71
397857.222631974 357 95
399462.234891250 176 82
408638.112356410 181 67
415412.540070882 441 84
423410.415868552 152 83
431608.140530500 288 70
432014.558272052 58 84
432527.153051944 356 94
435417.484676073 327 87
435773.542856116 107 93
441018.209284632 367 89
443624.611094564 53 63
452432.207706433 315 64
452827.384043812 341 69
456087.310493147 215 84
459526.214167005 310 89
462076.965715444 207 60
484971.885556934 107 72
485233.047209796 156 86
495379.497180083 470 83
497245.747264675 508 69
497388.206388311 77 100
501464.414637004 258 69
501753.110016562 59 97
508555.792283814 198 93
508689.256010359 193 99
510162.212192720 220 92
510804.044305348 470 94
511220.901553055 314 93
511960.103729806 281 91
513036.473608666 288 94
521772.685882455 154 80
526783.868365248 265 88
531956.787541727 163 68
534569.713005408 449 63
543269.481671699 456 83
550360.078045891 445 98
555312.460479660 374 83
556402.395515997 159 100
557305.247280208 122 84
559027.496862213 143 100
559879.261093364 373 70
562099.465477946 101 77
563025.299864772 433 100
569696.869158708 239 77
576209.468939762 311 89
577196.286353558 379 89
579898.924853230 259 63
580240.487377897 156 71
583446.692591143 227 63
583471.290172672 436 64
593479.399184853 281 60
602721.875490903 68 93
608466.004274693 392 69
627707.387907276 502 65
641663.547594419 320 68
644298.771716062 247 78
647420.188466797 480 72
654570.291699823 476 79
654635.322324935 172 63
657904.023604534 118 89
658451.992281554 177 90
676278.266430426 420 81
687817.674697014 508 73
691982.726146813 325 64
695215.920228806 202 85
702896.700557624 122 84
713166.963190947 425 97
714036.422601587 166 77
718843.457880441 182 77
719264.582437793 330 100
724801.660662168 45 97
731900.391791100 306 79
735599.582356383 298 72
739558.243295071 405 70
740019.303786006 356 91
741582.905177231 492 61
761366.709673616 256 98
762594.193072191 231 70
769497.859895252 392 79
770259.730529398 460 91
772770.090345531 207 97
786778.724654738 50 83
798841.750036346 504 63
799145.714544015 194 60
805719.531096989 238 72
819456.203555561 328 78
828205.908742501 349 96
837236.692741714 388 63
840533.417225517 440 99
841192.943030580 447 88
843912.596779699 234 65
858395.373709335 416 98
859314.710963555 348 82
861094.377437781 444 97
871198.151369642 504 92
875319.950878839 267 99
876097.164773173 87 89
883382.228492233 410 99
891121.437759903 233 92
895353.963863518 357 64
897035.513733680 436 76
901112.784890804 349 79
905910.120249411 263 88
906893.208815415 292 83
907953.781466032 495 81
910827.812316559 97 76
913985.652545493 201 70
914572.557935610 287 95
923322.052483119 295 78
952720.517699054 40 66
953273.953123558 122 92
956728.083977994 349 99
969766.172009951 53 83
978169.285474259 363 82
980212.757351611 450 64
985714.673470448 259 91
988947.851536638 109 96
997508.303791477 355 60
998036.243257191 447 92
998910.921473174 466 87
1002567.344799256 461 79
1005332.695882831 57 66
1017424.975906224 404 68
1019234.045295801 197 67
1026435.269875975 421 95
1027661.384881387 437 61
1028844.068467502 211 85
1029718.351870751 512 82
1030878.529590811 166 69
1047058.862741035 243 75
1049090.844926077 374 60
1065094.164686888 156 96
1067073.168674367 411 100
1067874.075350350 261 63
1070597.291853937 162 68
1079017.511094913 58 86
1080400.110773280 465 73
1086600.966535462 78 86
1095002.047539322 178 79
1102559.908178179 267 87
1105881.755282474 405 90
1117134.137272284 233 78
1118509.402651489 388 63
1119160.396751832 73 81
1129094.474321556 263 71
1130829.497733218 150 92
1133791.910848111 188 67
1139749.836418984 459 67
1142481.318229708 286 85
1143438.389622733 481 85
1146110.166334387 246 68
1152772.221273917 79 76
1153772.907919417 303 85
1154181.804936427 379 93
1164190.011842615 498 77
1166402.441253575 430 93
1177454.712835746 501 61
1184336.931607261 340 66
1193510.219746257 375 100
1193971.242312790 154 83
1196107.408074386 488 63
1203615.452223969 304 64
1206936.572964636 188 77
1207374.772544079 450 91
1215460.518533244 435 96
1218683.969431664 187 83
1227881.025668012 260 69
1228038.377621011 472 68
1241502.700229190 454 73
1255947.167267641 328 61
1264255.834765651 70 78
1272951.634696000 178 92
1278288.399387368 278 65
1292549.154033112 308 86
1293718.018692699 233 83
1299069.817203843 436 83
1299385.709897921 254 81
1303566.601085405 511 73
1305236.405563410 381 92
1314347.884089726 332 94
1320366.121686246 430 81
1321517.100187774 198 85
1327171.998951800 345 69
1331074.926456204 356 66
1333328.595982502 63 77
1335954.321967690 479 60
1346546.526613218 35 63
1351690.249560577 353 98
1368793.525875584 172 76
1371399.703045240 204 79
1373935.261600212 285 79
1382770.188597839 372 95
1384649.355474461 67 66
1384881.101570880 371 64
1393973.049417740 127 71
1407300.190626493 135 66
1418237.387412793 377 70
1424058.508768695 218 78
1430505.037601809 45 92
1433021.229118740 353 81
1440635.500718428 50 84
1453059.871620598 119 100
1456320.609825163 72 82
1457508.029656624 353 67
1476040.234525263 152 83
1479169.139661637 95 87
1480170.311978164 480 97
1481092.675034123 448 93
1489863.498695357 117 60
1493098.311245572 221 72
1493387.707967540 397 77
1499077.871863559 224 99
1501325.654006886 198 88
1506465.067388282 95 62
1514796.855384386 121 69
1517043.849080791 339 87
1523286.152293992 507 85
1524784.722963995 511 77
1529503.114843803 368 78
1530582.134172020 443 60
1543782.825969661 377 71
1544134.423658911 315 61
1548793.352089474 153 95
1548840.615576884 73 87
1555769.312375333 185 66
1556803.213246563 150 83
1557607.166329034 57 79
1559247.946494178 300 91
1560849.795162126 180 94
1560899.467462352 195 61
1575952.138884554 96 67
1575996.185866601 72 61
1577038.277676600 364 95
1577703.746408973 77 81
1578980.323391120 227 85
1592321.598380330 244 76
1595536.853483398 313 78
1596544.412649947 340 64
1598923.138437999 234 70
1607911.938266583 39 62
1613239.595988851 34 91
1620617.108544039 98 95
1626970.056452443 307 91
1629825.275471915 234 98
1635898.758594265 293 100
1646232.101712579 472 75
1650408.124554849 201 73
1664168.258958278 174 95
1671163.238610334 459 69
1677930.943516541 236 94
1680554.498013605 300 92
1685175.922181185 275 92
1687655.970562581 502 90
1690679.451420016 464 69
1693951.392263669 112 66
1705548.168396843 68 68
1706202.111045936 464 86
1708520.166884665 140 79
1710973.072890401 402 81
1712370.159139324 420 80
1728719.358355314 259 60
1735638.024544991 114 79
1737231.135451502 456 82
1738365.346873735 285 88
1743524.369922979 202 80
1745222.135700912 106 94
1757467.837161543 202 74
1762407.699768279 123 92
1774249.784805492 482 69
1777513.323145835 449 81
1778536.922383944 434 95
1793088.689667753 504 61
1807652.506684052 394 99
1808563.892360900 493 69
1817983.032351577 277 100
1820990.355889894 192 98
1821448.629107863 133 69
1829071.678355252 61 79
1830513.292230827 158 86
1831537.419942833 379 66
1835614.241731939 47 93
1837325.268280390 431 86
1838920.931528162 230 80
1840683.681518315 180 83
1841355.879171242 488 88
1842976.388539930 190 95
1844215.657729405 117 77
1844888.170236993 63 99
1856120.983246851 245 82
1863251.551781909 461 98
1863315.762160198 446 89
1867702.563092635 281 70
1878520.416182999 176 91
1885418.931575190 443 88
1886666.524135095 314 80
1887195.883024175 495 95
1891616.372469612 459 89
1896579.701212768 197 93
1905329.225650486 329 77
1919093.925679682 196 65
1919701.207430540 398 99
1938015.837113847 49 97
1943703.784484861 266 90
1948859.823071025 170 80
1951986.770813127 479 98
1953307.974338511 305 70
1956648.432219007 45 62
1957028.568040777 33 75
1961904.878651840 434 98
1975559.694646039 313 97
1977975.072651679 420 78
1979057.420671075 339 94
1981380.541562451 401 92
1991917.152445782 489 70
2010094.166298773 170 76
2012906.182169240 371 68
2015078.867420317 49 79
2016150.560547465 32 86
2023232.026380879 338 82
2025082.171849402 56 84
2028047.470747260 399 82
2030004.447938173 365 91
2031225.355952927 455 84
2038747.692500032 365 96
2041379.837056459 384 70
2043761.521608620 227 85
2046651.468140248 284 92
2047664.045896976 422 61
2055260.215932228 325 74
2056689.562962698 199 100
2060266.024068278 444 93
2069444.934681932 93 97
2075107.128164415 416 73
2077245.223991128 272 60
2080213.448637378 271 94
2081597.543539194 163 76
2082973.919402767 500 72
2085918.209021145 466 61
2086475.227792713 77 97
2101449.717704127 102 74
2103894.411386366 210 92
2108800.491061884 250 71
2109540.324225543 249 73
2111060.944466107 432 75
2115152.977207812 395 90
2120591.379172435 318 80
2127332.015824972 310 83
2131864.513911019 114 88
2139280.412503222 329 62
2167541.881720193 127 64
2174351.567466115 150 100
2183421.968479302 171 91
2187676.112610379 227 85
2193228.345609874 52 74
2202313.243295020 463 75
2209898.824817494 290 83
2220860.450067601 174 62
2226369.079799830 329 86
2238747.100471159 279 73
2244116.832841251 338 78
2256309.359977553 46 80
2262534.591914765 269 67
2264981.182069255 260 69
2264997.883895191 156 93
2266222.875835218 436 69
2266695.833244016 360 81
2275845.137867725 383 80
2281647.931126026 412 99
2282601.034096596 373 70
2284303.328921425 341 98
2284504.488376549 273 78
2289486.351246553 245 90
2290873.858865238 250 60
2293067.706665887 367 99
2294448.360773914 72 70
2298069.322736127 318 92
2300670.584864589 246 80
2311486.067759986 96 89
2312360.851374563 53 70
2323265.352102962 146 97
2330410.307978822 373 75
2336743.810479727 508 71
2345463.734599637 148 64
2350758.055869275 375 80
2351949.721639851 154 72
2359460.293051647 363 92
2377826.546691626 46 71
2387053.826532697 444 70
2398051.139307247 186 73
2403886.514658991 296 63
2405572.971372814 419 74
2410459.139013537 262 76
2412413.689083585 298 100
2420235.782404168 109 71
2432557.075732938 500 94
2435073.815969929 35 82
2438251.559339716 55 73
2457045.195957936 112 88
2459007.353231852 496 97
2460717.384058498 263 74
2464783.052536269 266 76
2472276.179516186 358 61
2486331.009018478 412 85
2488208.774489225 279 66
2489631.783677927 479 88
2494456.240299905 323 98
2499005.437011386 437 86
2504448.930471717 184 82
2509009.553182555 48 65
2520278.776205492 368 77
2523712.291663297 80 70
2526663.771580995 225 64
2528895.227707478 268 82
2534282.260718535 340 63
2537427.279581694 447 80
2539313.479257754 355 74
2545802.768159450 50 73
2549402.846978118 59 71
2549986.172269830 429 62
2550997.320349258 133 80
2551693.852642674 101 85
2551798.833873850 370 95
2557855.654918991 402 86
2561840.161482205 60 85
2564326.044386947 226 72
2567502.494741027 199 72
2575512.397765217 293 91
2579363.481356112 476 82
2581577.043432407 270 83
2583340.073704363 244 85
2583892.440574023 479 81
2597389.813233059 60 94
2605642.838161268 132 62
2607386.155700204 494 81
2612256.032271561 325 85
2613551.786098165 469 60
2615523.181900239 245 81
2619676.282595347 374 74
2619852.378234592 221 87
2620472.710767843 332 60
2629284.885656986 450 65
2631833.970929061 132 79
2633334.974897489 42 70
2640421.166228042 480 63
2647042.232324055 110 73
2650363.772119921 433 64
2652340.774085938 106 64
2653779.598699147 445 60
2676337.289092181 86 95
2682041.565609002 434 62
2688494.117210367 504 88
2699712.088819948 80 95
2700538.752769358 154 73
2702836.276768183 182 75
2710069.191842326 406 69
2725344.152189309 189 76
2734764.737911614 512 91
2755091.694563479 158 98
2757154.488215193 416 89
2757198.455371629 305 76
2771596.411367113 225 68
2780284.357090314 211 60
2780887.586670364 154 72
2784922.745730281 338 82
2788888.115387716 237 98
2789507.113358732 273 74
2794727.612396779 267 69
2794994.006197505 165 93
2797185.125094618 475 75
2801531.698693780 359 94
2803106.156303378 479 67
2803487.665732492 341 86
2804041.157821061 181 90
2806645.477105330 114 98
2817280.736532249 155 83
2817472.525251912 379 81
2826225.227577986 497 96
2827432.217500546 166 84
2833131.745817841 282 85
2837572.302968670 404 80
2847325.260826422 289 84
2855141.836780587 218 87
2862728.844201921 163 84
2863231.044715855 162 78
2875026.660975954 458 77
2878534.011310184 418 85
2879910.657199592 181 77
2882147.727834628 345 66
2883370.739299919 388 97
2890401.593700840 321 96
2890880.141515699 435 61
2902352.957944929 246 68
2923270.369936928 256 72
2925130.081754293 495 82
2937304.803717899 438 75
2946787.761900627 144 86
2951273.725040528 106 83
2954126.702316179 313 88
2967331.114529489 358 83
2978956.941555139 346 77
2979132.324756799 251 91
2979299.113541043 65 90
2982498.149279299 115 61
2983226.361386750 491 66
3000318.735270980 130 76
3004301.935193375 281 86
3004610.898978379 429 63
3005436.973966850 64 98
3006538.496004830 313 80
3006876.517542325 384 84
3010198.210332183 113 97
3020267.020482064 246 79
3027179.811884226 135 77
3031011.736991303 413 100
3032314.181085524 480 65
3033051.314849499 491 82
3034332.771193060 104 92
3036913.919074317 480 64
3049120.428583551 465 65
3055604.669473708 505 73
3056128.540551172 451 61
3056306.599895476 192 91
3057941.034620316 465 93
3061570.213235151 240 100
3071806.001793198 68 94
3079694.698289365 267 87
3092400.634446681 461 89
3099994.502686924 282 75
3104201.353388640 375 67
3106666.205809031 152 75
3117751.644915770 428 66
3122788.414402612 503 60
3123526.380151694 443 98
3131012.798955751 50 80
3141060.545951677 112 70
3143937.631308540 112 79
3165263.819965293 59 90
3165771.293980939 332 87
3166352.851631342 402 87
3167332.521888269 441 71
3170275.637292116 364 64
3173734.602598117 359 62
3181544.293362117 264 70
3185633.092314307 507 88
3188144.239064001 331 99
3190313.158955173 58 89
3191346.983993912 190 66
3201593.366533366 296 99
3203180.745044343 93 70
3204365.420481007 218 99
3205694.005561301 64 92
3208060.080868262 489 69
3209152.235690094 384 85
3209359.389689706 120 69
3215748.161250975 264 92
3218607.716397460 205 96
3222693.935049164 363 61
3222845.507114107 451 80
3225609.464337013 380 93
3238815.231448511 212 91
3244174.745941927 167 66
3247798.216630463 290 71
3248536.419707948 464 68
3248619.016855055 391 74
3249640.123151346 75 84
3251720.243652599 510 61
3256028.016275846 245 79
3259946.496267636 322 86
3267854.363094485 158 75
3275042.569368483 153 89
3283977.038821866 55 69
3284188.275514873 233 64
3297576.696474053 478 80
3297674.988673449 378 62
3305879.386269825 298 86
3309897.193313492 271 87
3351040.902399741 72 72
3351680.489345312 346 98
3352466.907363894 184 65
3361181.824684972 115 77
3373302.779952350 308 89
3378168.734553332 476 89
3388083.420768865 271 90
3389626.676879302 202 61
3394424.960748969 236 74
3406592.301603970 76 69
3411189.162244500 371 94
3417303.570266575 136 85
3423026.658364560 80 98
3433802.042250806 425 82
3441719.366277455 484 89
3444776.794705549 363 70
3445861.911739677 415 76
3453793.623563080 381 89
3455238.481315082 253 79
3462396.684271579 100 77
3467952.406557305 498 73
3479429.836412386 101 80
3485946.481480101 302 94
3490519.178726879 298 99
3493441.940466897 135 99
3495021.669103856 352 86
3495190.795535960 134 83
3501860.481438736 218 85
3506784.898686978 75 72
3507895.866992552 199 97
3510902.826171165 327 60
3511012.625013061 38 85
3515039.037272190 376 86
3515873.930022931 282 65
3518484.028103617 316 80
3520936.982323151 117 65
3521138.419677687 308 67
3526045.703771276 476 79
3529469.708492239 65 88
3542901.446628170 49 92
3554893.507793250 312 87
3566483.232992189 404 84
3576678.247924021 303 98
3577667.730864268 317 94
3579695.145092903 492 85
3586776.783950800 506 71
3591033.548267523 450 65
3599311.872041114 95 79
3602611.391367082 388 77
3611803.150763161 78 100
3616357.539282525 511 91
3617167.369789576 203 99
3621289.661987884 416 84
3622591.238978848 256 79
3623011.991606209 285 95
3623667.854033152 152 86
3624852.963849253 471 75
3626917.182240109 433 77
3639719.220786406 299 90
3650755.430834755 340 100
3651271.129465080 472 97
3651808.934268630 495 65
3655013.561302957 405 100
3655557.875897739 131 83
3658588.217086153 293 98
3662053.758810498 284 87
3672872.987967593 37 73
3687135.600497324 200 68
3693442.912423037 199 96
3695788.350116861 182 89
3697886.993104460 387 95
3703051.018179632 387 87
3709084.368916119 382 99
3711451.677215382 149 95
3719350.183847759 417 97
3721855.992335545 468 81
3723405.489157754 337 61
3725767.426639986 238 90
3728629.280240753 237 65
3729308.756567888 158 76
3731669.641082318 363 76
3734606.426652716 381 73
3736609.689302621 290 95
3740318.593146305 508 100
3741490.496511851 116 62
3746766.460307880 133 93
3751935.577955404 499 92
3761087.783807424 131 79
3768812.080988865 49 97
3787126.916588402 124 63
3790050.754580113 351 90
3791121.627753219 156 70
3798370.685922518 87 65
3802501.189044238 277 96
3803536.189625360 265 60
3811191.269493484 457 80
3811620.484092086 298 79
3829866.810461727 133 60
3832273.717963500 471 71
3834529.575412272 269 89
3841486.925745615 54 74
3845021.308898511 357 93
3846448.137511310 152 75
3851022.175071476 423 100
3854054.565984965 244 73
3854996.812348920 223 78
3865590.105082412 508 76
3870455.986146995 245 99
3875202.900844587 33 93
3877198.087886275 194 61
3882177.511435750 323 72
3884190.593888687 474 87
3892805.346220261 318 89
3894658.796974569 264 93
3896174.201849604 173 76
3900844.691590758 197 82
3910049.177770671 188 64
3915116.781811148 354 71
3921248.176873604 58 72
3923646.302489514 314 77
3929962.111715209 116 60
3932423.221699128 139 68
3932765.995210987 393 80
3934007.774162040 205 72
3935628.450682966 252 98
3945710.254654222 497 95
3949204.727381260 475 72
3949950.499407382 318 89
3951014.518307150 490 88
3954404.321616707 277 100
3963184.847174107 52 69
3984915.933301048 343 95
3991089.688360623 287 74
3992102.842792846 138 60
3994983.639544711 458 89
3995875.959807110 35 73
3996290.396328565 301 82
3996854.232155629 112 93
4000041.257254191 276 63
4001846.870046459 373 84
4002488.564251853 477 77
4009678.879468134 463 97
4010901.092740397 212 68
4016961.781294714 384 72
4020643.662887877 135 77
4027020.053542981 173 60
4030349.571662289 224 91
4032925.249034250 296 93
4035640.539156786 426 91
4035909.249743732 48 74
4062248.359131008 37 69
4072196.922788543 108 98
4073946.272619176 73 87
4075118.793126425 109 67
4075868.303176800 192 95
4078063.172467734 189 95
4083788.251988770 359 69
4084202.853284757 427 65
4090311.606680661 315 87
4091774.654057418 235 79
4093000.744794333 291 85
4094062.932955661 405 64
4101315.260039737 413 75
4107404.940682017 362 96
4111329.818048668 267 68
4112008.620037202 274 91
4116645.954328501 347 63
4116870.177380219 244 67
4127237.570181838 51 64
4127562.686579208 393 79
4135108.622540015 304 74
4135404.599968168 229 93
4137428.824951346 354 64
4138980.802290723 232 79
4145891.928676474 495 71
4146045.888092593 204 76
4150573.403534838 269 100
4150868.173807869 229 82
4154088.528118301 49 75
4154189.077896695 348 64
4169408.233119501 105 97
4184693.906900584 73 81
4192940.023925807 477 88
4194411.291037118 490 85
4195091.726133188 509 68
4196180.678203635 392 65
4198695.646561289 109 74
4201265.015893008 197 75
4201921.062623010 351 74
4207681.146600178 238 95
4209507.710595273 156 64
4212365.666011008 107 79
4213333.632262683 259 83
4218278.600305040 466 90
4220461.420361851 267 61
4226273.329794595 265 76
4233581.646821788 117 74
4245986.887466697 475 62
4247983.559606179 364 78
4249980.750524400 509 94
4259740.765721937 125 86
4269092.954296557 294 79
4272772.222262905 394 69
4273704.575300872 56 73
4275222.566968999 135 83
4284875.017706893 110 100
4285199.981949922 265 90
4292955.522084893 373 93
4298144.254134005 157 64
4298834.385092884 90 93
4304813.386153473 366 64
4308212.324556333 474 81
4314635.614950696 159 68
4317036.692769382 505 72
4319148.278119450 481 100
4353766.328364039 61 88
4359508.026829236 313 65
4360785.880281925 260 66
4362063.085766555 434 69
4364971.862362299 274 69
4383856.358042408 413 100
4393753.967655797 345 90
4394937.908264429 206 97
4396164.389035522 175 66
4396711.284074493 261 90
4412844.750714723 312 82
4414542.930786119 57 62
4414777.806714604 397 76
4418746.201467052 377 67
4423336.825667258 253 90
4440212.167024878 361 76
4446187.402242810 86 95
4450973.436734780 440 72
4452121.515163003 413 80
4455255.867778061 137 98
4458463.704614680 181 62
4461525.918519638 443 68
4471408.755827632 165 71
4472232.290289418 159 83
4472593.295768055 38 95
4474004.324720440 115 93
4474747.472659834 143 73
4477583.613332503 310 94
4481782.946960548 62 94
4482816.387883828 345 61
4490228.425209958 221 100
4494451.886877435 76 69
4497066.488248116 68 73
4500519.117340274 69 90
4517801.146850006 50 77
4539359.471175884 357 91
4554227.181694931 242 77
4558264.487603673 206 75
4563397.382348480 292 100
4573373.651822695 450 90
4579737.868795759 143 84
4580839.079866715 156 62
4584328.331712124 156 68
4601009.471155982 384 91
4601082.970950628 384 99
4603513.993355512 147 73
4615624.120594732 193 93
4624303.594780679 310 73
4651907.667791476 456 90
4659140.735364338 425 81
4662922.304015554 163 88
4665565.872541472 240 98
4666359.432623363 182 68
4669665.243212546 493 79
4677239.328086944 507 90
4681320.864002095 117 93
4690454.706317065 90 66
4694630.241345994 506 79
4695997.947824876 417 64
4700292.219175667 407 71
4719573.307612671 44 99
4722811.199686773 204 74
4724585.178960430 371 79
4724869.157079455 192 62
4735145.891134071 388 89
4737322.324084868 163 100
4740657.399570913 117 64
4752708.348108112 244 60
4755255.323138605 449 87
4756244.890730277 47 69
4759166.746205430 402 82
4761496.666633665 457 71
4766826.822680275 89 75
4771679.465955153 510 93
4775623.760763966 205 90
4782595.710266457 176 99
4801481.735624538 43 83
4801871.267265896 386 91
4819085.441041392 95 62
4830779.618980691 337 67
4831686.994338569 150 68
4831733.275323875 326 85
4833328.835942982 365 100
4838797.450278800 46 78
4839779.126993595 100 85
4847341.280902715 134 80
4851769.463492768 301 73
4854535.493362007 239 79
4860836.702450188 310 99
4871188.705177427 401 100
4871795.197103743 489 95
4874062.871369007 291 79
4876592.932623805 383 63
4879164.945103059 107 74
4880796.432146492 418 73
4891015.624800078 240 95
4894366.703338363 482 94
4894898.000505560 183 91
4895883.640996998 310 83
4906308.600405725 367 68
4916428.502497045 393 98
4925639.584333817 385 64
4939326.287713096 358 60
4944943.275780695 154 86
4947341.474653805 313 85
4948492.122120003 399 92
4949321.421578522 114 64
4949620.559265148 98 77
4952927.566476549 64 76
4957134.463057141 330 85
4981373.338713884 197 73
4982781.718573803 505 68
4987705.560295144 360 93
4988627.776450212 373 78
4996330.732640633 391 90
4996885.272056138 306 77
4997068.738113211 128 63
4997714.127848649 61 96
4997856.036598024 133 64
4998853.719746282 313 66
5004368.050967208 254 80
5009874.919041688 36 95
5029180.296944949 91 78
5039328.585636971 91 93
5039367.019863559 359 62
5040535.601758786 116 72
5040987.630059294 329 83
5048621.074491408 350 68
5054449.464205383 167 91
5058453.404027739 54 64
5064976.123472034 288 86
5070787.955191712 469 72
5075429.900128522 383 79
5083463.209106870 242 100
5084879.269991172 318 80
5090331.439818311 155 63
5092831.545366339 188 80
5093230.681830148 83 96
5096227.797230747 119 84
5108083.287491871 362 84
5110718.583580389 343 90
5131337.148268522 119 90
5134583.487616262 267 74
5141138.264313417 355 71
5144227.239582515 316 73
5146142.479216019 294 65
5156761.272595875 458 78
5166215.746509928 47 61
5166833.714717983 498 84
5171875.705604133 246 80
5173709.556336747 110 66
5174149.802928801 249 87
5197706.367942445 261 67
5198252.652005248 324 85
5204298.593315640 156 64
5205516.683879200 52 66
5205870.925541911 487 100
5208653.334576600 315 82
5214696.374538881 185 77
5215305.055147829 407 94
5223782.775719340 39 72
5225192.470590851 67 61
5226745.304941433 316 62
5233676.794166818 290 92
5235457.521439576 195 89
5237494.143529155 51 81
5243729.243614469 174 88
5249606.712126867 274 76
5252898.725190002 225 60
5263268.576216156 256 95
5264175.264572967 58 68
5277463.450763651 362 100
5280513.081560046 298 60
5282565.065612511 468 81
5291882.021652864 164 87
5292951.754035587 102 91
5300443.739109376 168 92
5302848.306589425 452 75
5302902.712167220 273 60
5303162.756446867 481 95
5314725.779235033 283 87
5317912.861976027 152 85
5324546.102044750 298 67
5332166.848752621 303 65
5339919.506676185 425 78
5342205.247124763 118 61
5342323.931583202 79 75
5346053.612042878 217 86
5350710.366812301 97 77
5353236.497741970 281 82
5359293.722229680 480 85
5361137.253011601 303 70
5369536.903884585 376 100
5374427.135925370 65 87
5377289.592837012 38 82
5379464.754801982 335 91
5387590.409099155 215 69
5394380.284898045 201 63
5396828.035455081 187 67
5397277.699596627 194 76
5398598.259759468 466 80
5401553.332364575 167 78
5404949.490073003 249 79
5408696.796165761 420 83
5416297.149163186 119 89
5418974.906544973 218 88
5425033.959382674 463 66
5433317.182761586 46 90
5435961.336094896 490 69
5437974.913916439 139 94
5453124.692024000 387 71
5456002.225880817 187 98
5473482.838994685 392 66
5476200.056429030 295 86
5482734.644815959 325 66
5497919.695401092 40 72
5501089.246797479 367 87
5508259.425712058 349 75
5520752.247680000 176 61
5521652.011055124 319 100
5537382.514222488 483 99
5538846.585056366 202 79
5543361.381427737 234 67
5543537.856319197 40 83
5548591.523185704 300 62
5552784.474287930 39 76
5554298.615552062 311 60
5554416.370494573 69 64
5564150.517480819 145 93
5564508.618135298 91 75
5567960.857189871 79 70
5572447.327510832 311 70
5574358.081105612 480 99
5577181.911475891 463 71
5582955.658149368 51 92
5588194.980488411 94 63
5593339.450353800 418 65
5594477.925708028 408 60
5601477.283568133 180 64
5611982.572056227 127 76
5619793.451629900 470 68
5620622.132985438 450 93
5624090.030787883 466 64
5632096.066273389 116 88
5640472.608085264 430 80
5641493.850229401 378 68
5646249.205905708 46 73
5649756.990290693 87 91
5659608.969846271 293 76
5673983.875734960 267 66
5675692.759423431 48 93
5680328.523808960 95 69
5682609.368684676 469 87
5685766.485044617 372 84
5687884.436767356 499 85
5688583.737923007 468 74
5720143.068276928 456 98
5720471.592350535 307 78
5723507.195599916 361 92
5730328.094248857 443 69
5731580.910037064 36 65
5743736.920538544 139 92
5745420.991122688 83 87
5753605.593901534 208 72
5757213.438685681 109 87
5761076.047869818 418 69
5764265.791131426 290 89
5769964.320462526 350 100
5777936.443014716 347 64
5783432.893966591 197 84
5790484.017963910 506 77
5797277.787818413 264 80
5802159.184747462 492 93
5809253.114737195 479 86
5810155.710927787 476 79
5813237.952890241 264 67
5813351.370136586 254 98
5823602.408476862 89 88
5850326.406627925 419 61
5857423.070636481 190 68
5860010.439994381 69 75
5860061.700572561 326 62
5864789.174812740 508 86
5870779.764453272 170 63
5879137.525758559 512 64
5882140.934526443 181 86
5888599.006960945 206 63
5892815.594454919 506 87
5911622.193128783 185 76
5921680.435032802 106 99
5930891.435787495 468 79
5932343.791404409 295 82
5936128.779122869 441 91
5944384.157873764 409 88
5955740.087694509 406 89
5960567.792172487 90 61
5963190.506742368 319 87
5964212.924884682 367 77
5982412.942748222 90 76
5990249.495045135 318 66
5993353.167294905 385 98
6000574.082656455 368 61
6009596.549930156 429 93
6020464.841765431 240 73
6022981.832437715 368 66
6027514.954717506 34 75
6034536.132113287 163 85
6035201.588961056 181 86
6046355.230549191 304 74
6046868.456491479 457 77
6052847.750523620 66 87
6058681.956179355 405 71
6060884.922532394 429 72
6067170.639474723 454 64
6068839.499251221 428 98
6077211.816306655 226 72
6094761.377235951 211 89
6096332.096170815 99 67
6099489.647474780 86 91
6099913.810657801 214 70
6100884.212020407 41 71
6116991.537200269 350 84
6119891.367082373 487 77
6119922.733175037 224 98
6121879.735398819 127 81
6129878.659103146 52 68
6132813.865211765 410 91
6134942.291941223 162 62
6135576.905975775 41 66
6137757.740393927 479 82
6138932.701120060 392 82
6149282.245394195 408 94
6153341.101852217 82 84
6157119.273757210 232 79
6160392.508904726 448 64
6160431.010970683 274 63
6164482.781004422 421 93
6168465.337536632 298 98
6168729.989569337 420 98
6171249.148734432 307 73
6174423.650232620 488 84
6178254.473174527 128 96
6187810.126347541 137 74
6188370.052224885 351 79
6201055.521456635 412 84
6201600.651505833 59 97
6206417.365585607 336 99
6209281.880916066 180 72
6212153.371651968 275 80
6213351.963824095 464 71
6214403.660047951 386 93
6225404.799337136 497 99
6228029.149471767 116 92
6230436.055860839 195 82
6237167.963418514 132 100
6241532.146488773 363 86
6242184.795759714 153 87
6249517.115146392 62 81
6252636.370153025 345 86
6257715.997033597 168 80
6259027.023855903 109 65
6272837.175533325 102 90
6273245.550950014 414 97
6280081.176236596 466 87
6283433.452083627 96 91
6284155.944657096 148 91
6290589.261628697 301 77
6296867.733123604 150 83
6301902.312324664 489 98
6302485.782167706 491 97
6316940.522386597 256 81
6318433.670002061 304 63
6319136.169797411 149 79
6325950.720144635 47 88
6340782.073836622 271 68
6344481.422749225 467 95
6352483.503866049 203 86
6368407.782961708 356 89
6369101.048862624 362 99
6369323.104505115 512 100
6376971.078906507 213 60
6378112.307972345 99 71
6378271.452656363 445 62
6381257.621114635 417 67
6384004.523289134 55 74
6394802.475938370 439 87
6395727.731258292 412 65
6410377.466887674 428 68
6412935.518865420 230 63
6417314.615874595 335 68
6420190.900656403 366 89
6426091.138948533 120 84
6430173.804090774 487 62
6433687.875528613 94 85
6436031.167270265 311 64
6436873.761008968 168 65
6444958.971669550 297 82
6449951.398296987 324 72
6452218.194573383 508 79
6452993.743246313 62 75
6456190.456390899 171 63
6461188.115486807 511 89
6471155.881295855 310 93
6472127.649626009 502 65
6472966.734951787 427 97
6476603.573888853 201 83
6478300.210863672 419 90
6485007.520947731 406 98
6487189.803854218 197 87
6490101.437539164 219 94
6491708.604727229 285 98
6500600.099083561 417 60
6513664.228950686 471 92
6515263.105896537 487 95
6530852.488409271 500 78
6543819.662922242 382 94
6546982.430838260 98 66
6547349.589446758 98 92
6549732.181452106 160 66
6552101.138952543 396 95
6558568.608451266 448 60
6562158.628369826 492 70
6563804.808628241 175 75
6564558.708396889 496 78
6565278.296502695 223 61
6590862.919784485 336 62
6595792.400154304 121 86
6596815.263463252 467 88
6596931.265454497 243 80
6597435.817827407 190 69
6599607.376460834 248 79
6605798.266998844 307 64
6624232.091806125 512 71
6629486.375862875 431 72
6650998.431804338 140 69
6658592.630448934 506 97
6666969.022042277 447 68
6670337.408433120 505 87
6670377.369946502 354 79
6672816.569196288 49 86
6693044.063357070 236 76
6699189.899630675 207 84
6707587.533482119 485 91
6719707.878935404 173 95
6722335.979182836 482 70
6722504.632254828 287 87
6723379.350797092 206 71
6725051.282773220 503 96
6725545.926542651 122 64
6742365.521734655 251 82
6743462.173331891 159 62
6744826.465596097 147 92
6746447.969418709 408 87
6759744.784281589 275 86
6760801.031255903 368 60
6761080.917832811 438 96
6765631.627295532 84 62
6770419.398192050 347 78
6772597.086020167 179 91
6780889.752385741 430 64
6790528.313805307 215 98
6791130.564226041 108 66
6792176.553923913 316 82
6796015.045968099 270 60
6800764.911509712 246 76
6803786.064071175 377 79
6806913.610155423 47 71
6824231.315701842 352 67
6827417.309120744 294 94
6847764.286203003 38 80
6847872.711450890 58 70
6852716.564289028 76 64
6853530.668398327 205 83
6860038.937049341 363 90
6862287.532294233 351 84
6862895.576180215 376 86
6862959.910219859 307 83
6865269.408274801 185 89
6867506.107224951 488 64
6867768.251024387 272 91
6868190.502832292 347 81
6874451.295024374 377 72
6878641.133978320 259 74
6888522.261574991 331 79
6894579.622359928 455 87
6897000.329843298 320 89
6897644.891109813 184 63
6902825.778870665 73 93
6908389.452610476 216 83
6908420.164187633 205 94
6919338.179489000 121 75
6933186.272046045 166 67
6937940.842060715 320 83
6939398.043064257 257 73
6941730.230793525 477 77
6944210.765576247 278 91
6951945.293756785 80 64
6963632.156034641 203 63
6994886.171794235 248 74
7000986.911487714 361 86
7017848.277427370 115 99
7030044.523667546 374 95
7034685.508845516 48 83
7035552.039926270 286 96
7045486.025607199 306 64
7047407.897269517 202 78
7047653.255566398 98 94
7053996.130816335 38 72
7055070.693614306 512 68
7058752.283488397 509 68
7061451.173396419 180 91
7070761.353646024 317 90
7073481.957939430 83 83
7077447.611119351 160 91
7090363.151603722 160 65
7098864.030915886 485 94
7102393.393987176 202 96
7111454.706762035 66 94
7115571.773040037 335 80
7118714.379633959 389 67
7121540.168967965 84 70
7122942.995371267 374 73
7124598.889314055 139 66
7124903.975537971 484 69
7130503.640459205 153 86
7131872.634947509 72 64
7134292.836449926 492 71
7136871.745933179 169 80
7139061.702180360 408 77
7140372.646735099 346 75
7152078.697633507 490 70
7160234.603005048 376 73
7162267.623863784 289 78
7162961.118342930 172 93
7179363.747456502 334 98
7183127.607107809 254 70
7186115.451855075 416 74
7196361.334298092 214 98
7210824.555245142 185 79
7222195.572307848 454 95
7250724.798514919 182 68
7251815.889264547 180 64
7252359.863022548 244 62
7254027.810959798 136 78
7258121.876594031 338 83
7269771.530143126 373 99
7272115.838032084 150 66
7273836.180310353 441 90
7280427.534097685 512 65
7294631.354376626 426 85
7297675.699632859 94 63
7332974.472099681 506 93
7335725.943840770 215 93
7340361.976909750 508 86
7341082.757546339 430 90
7365479.847766753 428 80
7370785.742902462 40 89
7371046.003294024 68 90
7372917.267304451 270 71
7376613.142088415 350 88
7384587.373101883 91 91
7389080.726663297 467 99
7394729.584676390 350 90
7401693.397787706 431 79
7403893.618940792 224 77
7406234.652612177 241 62
7407350.719623424 96 68
7414093.047226381 98 80
7418772.312519593 440 64
7419985.646635107 288 99
7423132.300570889 358 62
7425295.371111445 390 88
7437875.056263188 175 68
7439019.267604913 265 67
7456078.018337880 57 72
7460897.119731334 96 74
7467525.975738342 136 83
7476805.554386140 423 73
7479165.420085241 288 73
7485585.652532371 139 94
7486103.602278903 63 75
7487281.651066840 45 63
7488428.516629450 78 95
7490312.188855252 115 82
7495246.225896188 428 91
7495388.427406570 394 85
7503179.247306834 266 96
7509670.156485788 454 67
7513016.245624449 125 84
7514215.057795843 55 60
7528942.656441845 294 62
7529787.483777119 423 93
7531640.712036904 106 96
7535568.750504015 183 69
7535866.436119420 312 82
7550622.069901276 49 67
7558046.164041546 389 76
7559364.748996181 225 82
7564038.565068589 38 66
7565855.737380562 495 80
7566693.722613531 207 66
7567704.059263470 209 77
7574351.973311868 234 87
7577459.425444274 406 78
7582742.169154842 321 62
7589779.001318457 291 72
7600400.823561814 193 83
7603392.460912205 249 71
7616686.718495787 73 61
7626040.486981408 151 67
7630298.917362880 99 66
7631272.937706616 163 62
7632904.544993410 37 66
7636157.302569238 435 75
7636422.767876196 83 86
7637390.467785629 304 89
7642516.081095738 439 76
7648400.103953566 74 61
7648933.590028194 506 61
7649670.636421572 347 75
7649875.426821941 453 99
7657357.191242358 320 99
7660869.877973356 110 78
7662380.797341447 115 60
7662655.480563288 505 88
7663791.258243523 263 87
7669842.123581123 116 100
7673270.672594127 446 64
7674397.211945571 437 66
7675726.749650104 126 74
7682678.144024016 387 66
7682695.350635434 283 68
7686815.964314166 113 74
7689465.655603849 481 81
7690958.846852552 454 86
7694851.641748757 163 62
7696917.020880723 459 80
7711092.376104332 67 61
7711511.218360617 199 77
7712377.731120514 288 90
7714881.507208494 110 77
7714960.849493443 170 90
7723699.223985219 102 65
7727226.925125405 153 98
7729894.251530884 76 80
7729992.660175772 171 86
7735712.218798179 477 70
7740147.303184044 51 73
7743479.444795162 363 98
7753988.593554603 475 89
7755092.816071518 254 66
7776368.392258911 442 98
7779815.837309306 111 77
7782588.887750478 395 98
7784249.880756037 91 81
7806896.036064702 41 68
7822815.643692585 216 69
7835707.715740883 356 78
7837195.278837087 120 90
7838040.342018835 180 65
7842669.777980007 486 77
7852899.216120077 395 86
7854859.232091143 474 84
7856517.073393586 60 70
7859546.997154818 383 99
7862049.486439247 228 96
7862376.039836156 273 63
7864593.028581327 511 69
7867890.173644791 389 71
7870082.345676721 221 68
7872196.634726825 491 93
7876371.203921761 171 80
7879087.883007633 345 62
7879912.717697249 463 70
7883085.110315823 160 91
7886788.119409076 313 63
7905113.170158047 66 61
7914676.440636057 146 78
7917024.360434853 272 69
7930286.171464864 68 83
7936485.505992500 121 73
7938780.163536945 185 85
7952444.493129742 351 100
7958348.669887414 411 71
7961709.770097811 302 93
7965516.055367314 417 63
7974293.650988712 349 64
7974768.794824578 200 93
7982204.737649804 218 70
7983044.804049220 230 83
7985230.121966265 271 60
7999647.865178829 70 81
8003586.487455461 312 78
8023679.525782102 474 91
8037802.506328542 111 89
8042655.809105474 32 91
8056455.145379471 379 89
8067621.864661906 293 90
8069939.376776441 507 79
8074488.615798397 151 68
8097389.870893842 217 76
8101130.254911508 195 67
8102341.365088795 384 68
8103507.324603148 149 83
8104651.286909136 457 68
8110296.054726693 305 75
8117819.386307207 175 73
8128817.096773691 105 85
8129337.480746010 445 90
8133792.254360126 265 79
8133929.040267061 476 84
8139457.155934406 76 96
8146474.750200320 250 63
8148081.776119461 502 97
8151830.734654875 180 66
8166373.144837322 52 72
8169065.702485338 462 79
8181636.174587490 130 81
8182115.435801877 317 88
8186620.401917252 378 99
8204127.132354260 363 87
8204900.476363524 60 97
8206091.596175062 268 83
8216340.409176838 158 92
8220815.208807961 500 84
8221254.517273285 292 98
8224241.543640727 259 81
8230377.305998097 365 90
8266478.767117171 322 74
8270784.867917345 351 79
8274144.036306667 138 67
8290567.449916313 348 85
8292207.123563006 475 66
8306605.425506432 306 83
8315789.116985753 397 91
8316591.705866840 185 99
8316930.260270969 46 98
8317440.379244108 415 66
8332727.072782100 326 93
8338814.737779381 39 94
8340563.793487647 227 96
8346182.744361757 188 74
8355794.537399288 231 97
8371399.005783620 188 75
8373808.628470495 510 78
8384658.563289043 200 85
8389053.429193901 165 81
8390631.913213387 165 79
8398230.014608994 423 83
8415070.278182307 123 62
8417362.535587275 36 68
8421024.849316021 326 90
8423033.025054151 292 70
8429500.954416821 267 74
8430063.992092554 225 87
8445021.239311088 356 85
8455319.920302626 77 67
8457844.649005625 359 79
8468424.041544108 194 81
8474268.501106706 122 83
8482809.447997129 465 95
8488447.521658938 79 97
8489318.191495357 476 94
8491214.123754578 201 81
8491296.538542597 157 85
8501098.425124163 450 88
8506206.039955959 48 81
8506774.755041767 456 89
8510838.098614924 82 72
8519084.121328294 208 99
8521364.365766959 49 100
8524592.108253175 277 94
8525573.458808076 449 77
8537633.144861314 200 72
8543299.142984392 454 97
8550549.066486338 213 68
8556445.695520235 57 94
8556902.117988521 310 61
8557129.841254344 476 69
8562258.206414642 248 65
8571041.424601354 484 84
8573183.494207753 163 72
8590985.007823272 430 91
8598042.650199596 230 83
8603468.691831313 229 71
8609348.653991772 223 67
8610151.199569980 512 78
8615460.219569352 330 68
8618872.962141022 304 79
8619821.518404594 200 98
8624269.859843580 41 62
8624402.071776001 218 83
8639910.953426348 354 63
8641307.269445028 484 70
8650720.692816572 257 70
8655491.980217859 349 98
8664198.861579696 472 79
8665083.627973350 241 73
8665734.550188750 261 63
8666924.683082074 251 71
8671024.204103511 315 66
8673931.098707529 43 82
8674349.829178343 497 63
8674764.581467278 310 82
8678375.807618462 88 78
8680645.523320619 456 76
8685149.855316214 504 98
8696417.939712102 313 77
8706620.537654772 255 62
8716236.091565598 199 63
8718793.535108084 439 99
8725332.634783739 198 75
8728143.885809315 500 89
8732462.175269818 406 88
8734853.018409828 222 62
8738241.138468277 232 62
8739938.346333105 53 60
8740923.554505313 380 89
8741147.169450859 342 90
8747868.917276219 280 100
8750596.126852151 376 82
8753045.540714100 217 88
8758769.308462929 162 96
8773752.740092326 44 67
8775486.160628274 499 69
8786792.983975483 356 76
8795315.578995302 155 61
8806527.521252399 463 60
8810148.070282424 438 86
8825794.583381260 339 74
8827109.477598615 249 67
8827351.367053980 361 77
8829809.178203128 396 87
8837880.488510730 395 91
8852256.797729420 454 78
8857232.704682296 70 60
8863348.685989534 424 92
8867613.772955436 497 96
8880996.271958394 121 68
8887940.260651851 162 69
8897535.552238200 327 67
8899294.222941518 446 79
8903750.828383880 372 93
8905416.392824244 373 75
8905685.405212296 70 72
8910164.826874325 173 75
8914634.716287127 229 88
8919554.296355229 351 81
8926189.824158648 230 61
8927005.930107718 299 77
8929797.871186178 138 61
8938034.325900491 235 70
8941024.193285402 114 89
8944430.682759419 492 69
8950269.333916169 138 97
8951497.330026194 176 68
8954628.028714174 221 88
8956024.638971712 176 63
8964200.944244251 500 65
8966522.859817170 312 78
8966670.598547423 186 93
8968215.162251450 390 95
8968767.255429758 484 69
8969981.804546336 458 64
8985651.563283434 481 63
8987460.947941324 69 68
8987573.333915757 403 77
8996246.201384030 341 98
8998167.637415351 332 80
9015596.984643321 225 70
9017152.480764456 135 77
9018915.046263449 138 96
9043254.147706037 212 96
9046610.045704836 362 84
9050449.354916543 232 62
9055533.524909569 427 78
9058775.691331558 506 97
9059381.753675645 190 63
9063571.272851504 473 67
9070839.162250502 100 61
9076201.928896612 455 89
9080327.694804633 411 94
9080890.782246593 173 60
9083422.702094672 303 74
9089566.126217296 355 98
9091016.521895772 451 65
9093127.903350130 452 75
9093254.976660341 487 92
9103284.466259053 283 64
9103517.022107447 300 89
9104181.894160435 107 64
9104561.630769284 350 93
9110918.149441568 385 87
9125621.384170016 164 96
9126520.607399285 128 61
9126540.415777883 281 61
9131813.448288251 310 76
9132589.569677355 391 62
9133077.644810271 483 83
9141954.062786931 192 73
9150374.989338774 55 89
9152101.238682412 97 88
9155799.461033829 281 85
9161755.198538529 145 69
9167818.639917120 84 88
9171909.408047592 411 96
9173106.349231696 396 89
9177896.116231646 429 78
9181240.667574042 76 60
9185761.349671900 446 79
9187348.226374950 340 61
9191930.027004052 81 95
9192456.749380572 429 77
9193794.144558076 412 96
9197049.685772441 314 96
9198631.574782273 88 98
9204263.994136449 314 95
9210503.515176546 205 96
9214591.722583558 397 65
9220099.957248991 172 70
9222162.019399615 406 66
9230238.056149427 418 79
9233374.836309489 150 67
9234214.534127817 397 80
9244117.211667169 39 65
9244789.007879013 262 73
9245745.570212364 285 75
9247921.811353434 93 87
9249896.247663081 491 62
9250923.161515160 402 61
9260884.717923462 401 74
9262720.286770249 137 76
9265075.657831643 392 94
9267196.486642973 218 69
9267808.526233368 481 76
9269233.333762921 82 100
9273599.104255056 133 64
9273656.458716298 478 76
9274488.074908165 345 99
9276490.447335554 104 85
9297657.021680253 389 74
9298892.737978170 468 100
9300865.800044112 360 78
9302642.272149598 253 67
9307811.983688092 480 78
9310925.181324877 217 91
9317285.147176513 474 62
9328273.302425923 425 69
9349016.714506991 248 90
9354230.055879753 399 71
9360942.273034090 369 84
9366585.850829933 348 97
9373907.938059302 434 99
9374990.111715881 64 97
9384507.774750868 79 73
9389506.377653826 40 98
9392556.576406393 417 85
9396919.430129077 512 72
9401916.687412551 403 76
9418274.449156059 154 88
9427078.989116943 211 71
9429656.857908795 318 61
9431396.375117332 371 95
9433664.541140631 310 84
9434227.884521598 243 60
9443148.778745053 346 99
9443302.235516500 507 73
9444678.671958335 71 92
9447419.101947764 48 62
9461181.068039261 212 74
9467727.482328130 188 63
9475702.571138183 302 91
9476049.755589752 399 62
9482087.613167798 271 73
9483786.503496150 507 97
9498139.155780787 240 100
9509800.430587193 236 90
9526951.953603499 425 86
9541019.703958023 230 69
9545225.849270752 221 70
9547511.678306529 456 64
9548884.069567837 211 65
9552527.920222569 277 100
9555414.994490892 119 88
9557897.437060589 329 95
9558519.184247490 177 83
9559263.874623736 91 81
9569859.880330009 314 62
9575911.909701070 119 93
9589948.430046646 40 94
9591117.394983478 417 69
9602392.367245279 207 89
9604551.632503420 334 88
9613501.172088956 101 100
9617022.974724723 42 81
9617511.315502265 423 81
9622574.327354016 274 83
9624519.856455415 289 89
9631925.926139751 146 85
