5 5.025751076 0.394618984 57.729955154 458773 29
5856.480893272 43.561354877 0.336664986 0.015524205 0.000000000 1.000000000 0.000000000
13
1 0.169610795 2.927164189 0.251408434 0.371919456 3.617768733 1.171612503
2 0.305723615 5.854328379 0.453163934 0.509263455 4.953753770 1.604270555
4 0.551067099 11.708656757 0.816828410 0.697326432 6.783097047 2.196702414
8 0.993298956 23.417313514 1.472333966 0.954838105 9.287987997 3.007910032
16 1.790422287 46.834627028 2.653883335 1.307444785 12.717895739 4.118683852
32 3.227237828 93.669254056 -1.000000000 1.790263560 17.414414412 5.639648956
64 5.817099171 187.338508112 8.622492395 2.451379708 -1.000000000 7.722282527
128 -1.000000000 -1.000000000 15.542050519 3.356635640 32.650971275 10.573999889
256 18.899810967 749.354032449 28.014560441 4.596188337 44.708460927 14.478811576
512 34.066926755 1498.708064897 50.496271115 -1.000000000 61.218591680 19.825608744
1024 -1.000000000 -1.000000000 91.019575404 8.617574489 83.825653792 27.146893929
2048 -1.000000000 5994.832259589 164.062868879 11.799909077 114.781148029 37.171814470
4096 199.507600666 10000.000000000 295.723472949 16.157429727 157.168018940 50.898780339
1567
0.000000000 32 78
440.723038139 494 70
2838.872103449 45 99
6716.033314255 471 74
7236.588439767 207 71
12305.086493055 145 93
12403.009095743 160 90
17389.339546650 507 66
22838.735143737 284 99
25806.054379968 449 82
32799.874752733 392 93
43049.123629845 176 69
45362.116065109 341 86
48028.994506213 358 69
50383.815188464 368 80
60290.150262184 478 92
72649.191857378 508 88
77361.297943352 136 92
77710.578715726 104 90
81664.748090991 477 95
82472.381370839 229 69
85323.653793032 430 77
85423.269883174 98 72
86752.920464445 415 78
87899.367763103 348 71
88163.679264753 172 89
92530.136881159 306 69
103435.810913029 129 74
108891.782817812 437 89
108901.176565115 289 73
109867.216025802 315 91
127542.448154440 99 77
129648.490997939 115 64
145411.294539124 494 96
153765.686179587 216 75
155922.543441343 512 95
165357.089626211 289 92
172125.457132249 331 66
172186.526733702 357 80
172199.517115676 197 95
172661.696028837 354 98
176883.288944148 86 91
196300.349412977 168 77
198725.802037390 165 75
200848.692652228 306 90
219649.019415877 128 69
219875.200693941 425 96
222286.125969652 41 61
228640.178133791 418 96
229318.474797228 402 72
230498.455114681 238 93
243773.645666948 186 100
243773.655306183 190 70
245623.925427823 399 62
259125.699667667 480 60
261014.931133872 120 91
270885.647450747 362 76
274578.913436313 375 92
280296.131617319 491 96
294376.290607625 126 86
298306.058671083 359 85
312137.118983131 294 72
313887.652977461 370 92
314678.774049520 504 72
315811.292160830 501 90
320023.711450617 137 80
324309.756532360 39 98
326447.877998679 59 96
326598.163040179 508 89
330442.891159275 414 70
330844.292744004 83 79
343265.070644985 511 68
344344.044852862 192 66
346697.127579121 442 75
346791.312991487 494 76
346901.448567353 460 82
348878.999675668 273 67
351514.149124509 46 60
354895.705591685 246 92
356317.102016876 148 83
359815.820241448 324 79
359834.347413955 144 64
368423.534559263 445 87
377155.819808300 417 90
378755.363951775 165 91
384555.784184121 355 75
385579.838766308 512 99
390637.427488817 195 81
393705.994237339 42 91
396596.585463046 178 97
413857.519786731 62 94
419427.990524327 96 78
419429.509192877 488 75
421026.140460503 195 85
423577.247255543 64 87
425696.356396458 503 99
425814.297241473 261 78
427272.161008332 385 91
433312.561661645 260 80
441525.904689521 356 60
441718.585875180 455 63
443037.002177459 159 62
446927.436920015 345 92
463782.481983009 425 89
466411.637078095 161 98
471797.639825640 103 71
480377.880436257 115 65
487360.641466904 220 66
489904.677466879 195 82
494640.453018063 39 89
510017.680606654 422 80
515569.068353614 221 79
516570.827689110 229 97
517230.408602295 233 66
523767.320880166 388 95
523783.910355332 500 78
524011.527642802 384 91
524386.370023581 214 100
525783.257007845 236 86
527506.094675523 419 89
527870.180608478 114 93
544235.253316360 497 64
544488.620482377 217 97
553494.174113189 389 88
554994.297908569 283 78
555541.029978392 393 67
557668.988936938 187 72
560576.468060714 68 61
562820.211267298 356 70
583560.934830933 498 92
584662.338837483 434 77
588679.737014257 106 62
590301.809449847 251 80
591162.975544182 125 77
591958.046272613 263 86
595330.392390055 359 100
609852.984105434 295 68
616951.107739002 50 89
619378.711458493 206 91
625910.853537036 359 65
632625.651109734 138 70
635483.035250349 234 97
661504.911946887 448 75
664450.483134918 477 83
674653.901290798 222 97
675042.567778623 157 72
686701.777983147 346 97
687521.729018533 113 92
690860.264297060 391 84
691904.128329150 344 66
704837.750759660 364 89
706722.413221035 140 98
713376.443139632 369 97
715507.666802867 43 66
719702.633681069 112 95
721784.462709597 298 60
725259.898148258 263 60
726660.815181810 359 76
728863.162211690 322 66
738480.332617458 439 60
761309.087570679 221 85
762982.574632897 424 85
763621.890043513 200 67
780428.463476336 407 62
780924.000982457 129 81
787632.010630720 475 61
796318.571162003 484 90
823168.060855893 369 93
828152.953031569 202 86
829214.365607485 357 95
829289.989244693 377 65
832513.024900492 273 77
841009.654245099 260 86
846338.011813014 311 82
847317.457363542 482 68
851577.459674473 325 90
862051.918314156 320 92
867952.237326080 104 86
887684.417161473 327 89
889586.970620737 361 85
898247.031296067 37 74
906882.480873842 473 60
926374.668437879 371 96
929130.156529038 38 81
940906.685861119 92 97
945771.954665564 192 98
946988.041131400 343 80
947686.090613653 138 84
962737.349722600 335 75
964180.461052621 426 62
966345.374547905 49 83
971490.739549294 284 88
987574.596817499 414 96
992381.526613529 282 85
997939.077529163 81 83
1004606.842474314 309 100
1010438.012268985 104 66
1025241.999115140 272 69
1039280.830995110 292 97
1060284.735874294 158 91
1061959.308705052 376 97
1063974.794523223 247 97
1064166.100343188 90 100
1073035.602423246 449 85
1073353.406315331 144 83
1087993.399190804 477 76
1089093.162348986 154 86
1089633.964179935 261 73
1090565.272596363 157 86
1106644.636367963 364 92
1107632.324966892 272 63
1107895.844873451 89 77
1110155.634419823 318 98
1111448.643769065 178 94
1123866.888692146 257 69
1134641.921368092 326 65
1140386.022296230 356 82
1142455.056333845 217 71
1142468.633169465 482 84
1153545.628100521 68 94
1154173.767438933 344 95
1155881.031486826 306 84
1156555.789673982 235 66
1161661.085497309 472 84
1163512.486128337 187 65
1169378.179291685 221 72
1169831.776645761 441 63
1180539.891889530 478 70
1182975.137387024 377 96
1189560.333710432 322 96
1193649.413739994 286 71
1200308.249484280 231 92
1200726.903840111 234 64
1207016.511075624 363 68
1207409.066055188 313 87
1217016.607851786 33 99
1222416.230807340 133 71
1226501.200915547 300 84
1241495.131677469 503 97
1246183.534502125 257 88
1254455.058465933 128 74
1254534.978508131 474 65
1256496.557839433 270 90
1263297.054002082 413 77
1264243.938021875 149 71
1267484.857414745 198 62
1268499.712956017 223 98
1278707.301170920 84 70
1281544.626629056 120 73
1285165.921484404 268 86
1287838.671459363 458 79
1290739.089975775 498 77
1291032.023088717 471 71
1295888.228044316 469 96
1300654.852110875 453 92
1305738.416815534 203 78
1307500.090340666 420 93
1309586.175052891 295 92
1311557.440085648 405 67
1311829.215027224 216 86
1318468.892094918 44 64
1320272.107986077 459 63
1332855.653062094 79 68
1333957.411006700 43 94
1338453.348455680 329 67
1346418.454256062 233 91
1350273.293661286 203 98
1350794.119598854 130 64
1356213.084791030 221 65
1358993.824761232 139 88
1362145.764156013 458 78
1369523.992440719 267 61
1370548.719113540 446 87
1370749.735877973 251 60
1372313.253509793 198 98
1373815.758337888 52 100
1381365.029139135 61 73
1398009.946262933 384 91
1398547.745810932 43 99
1407338.890087475 127 100
1415786.570143793 246 75
1423332.122327600 107 68
1429655.576712545 71 85
1432114.791286556 97 77
1435605.064462471 189 83
1441392.840049684 272 64
1452361.049336065 340 85
1454686.131846764 181 89
1456460.943535585 244 91
1458116.271413996 408 80
1463171.245483547 153 70
1465971.137269398 259 61
1466230.228077824 135 79
1481318.080200779 163 81
1482899.278516261 377 83
1485557.965548420 465 60
1495672.807618987 270 77
1500702.477041691 164 69
1501948.679610358 490 94
1508821.777881189 208 74
1517028.533323383 345 92
1532637.238011148 267 71
1539875.961463558 32 99
1545406.823375784 384 98
1552265.295496578 276 65
1566988.886073817 396 100
1568012.206496005 254 83
1569304.839629990 391 70
1581537.036510043 329 100
1582334.726504532 199 71
1592590.682981565 355 97
1603698.383680951 38 81
1606193.473687893 76 69
1616555.856243189 442 61
1616818.776614419 62 82
1622611.213951282 103 91
1627009.393288011 200 98
1627617.257440716 141 79
1629825.026237119 454 75
1633678.524437638 263 61
1635000.244123124 292 60
1639389.175529055 58 71
1640499.960464961 198 66
1648915.358822865 332 67
1660894.303886130 478 95
1662363.403947316 498 70
1662546.790720458 202 89
1665875.768493421 57 98
1669823.454792975 292 69
1675204.446707475 350 70
1680272.941960452 166 63
1684596.788725027 438 66
1686096.391530777 170 78
1694209.990469866 175 76
1694461.303332543 39 85
1698014.861636717 419 73
1703063.544454219 254 84
1704042.820509719 52 97
1706010.578290710 276 82
1708026.835775558 348 86
1708281.275173363 294 64
1708546.630966026 56 99
1723255.854907632 48 90
1726041.502623189 164 65
1728333.939150613 159 70
1732489.190155970 251 100
1737746.025973324 500 60
1749279.489086937 293 79
1749719.601085257 317 85
1750543.935080638 426 98
1767082.107915807 503 83
1767324.037350599 430 85
1769132.695340701 86 90
1769379.441865880 77 88
1772354.749752428 417 81
1773233.468892270 92 64
1777322.189233962 217 67
1781357.207469789 413 78
1783062.081089025 285 79
1788845.899799985 301 98
1794442.957715071 109 78
1794538.347668496 96 98
1805454.323721843 351 79
1820155.244727857 217 67
1821359.855394212 310 77
1827824.151529070 410 70
1832809.554448943 438 72
1832909.607433318 44 63
1834060.480583291 283 75
1834448.566701443 415 67
1835643.718790759 446 66
1845411.319118341 214 69
1853620.243970284 158 90
1856960.152080756 33 68
1857506.235546799 456 76
1863243.930387819 342 88
1865589.711593885 470 77
1866981.060797024 349 63
1867164.081512681 202 82
1872028.318122261 97 75
1872431.614421015 413 97
1879875.098240759 294 61
1893401.534460658 418 97
1901488.311555007 167 94
1903250.399837649 172 76
1906184.647941204 386 85
1911064.072531493 221 69
1912392.864841290 88 94
1918434.664849482 371 85
1919861.656137165 470 64
1920606.040612307 441 81
1924126.120510372 237 61
1924991.822402955 44 100
1928140.000209131 249 67
1932505.524843260 263 88
1934336.511821854 363 78
1935773.305922073 303 86
1956923.978989676 221 74
1959879.854246900 423 79
1979086.979412657 105 65
1998706.153247861 357 95
2000052.379137801 316 89
2004649.506680937 349 73
2004689.069352160 398 89
2004863.407821008 93 93
2025598.704478421 299 83
2048728.555444190 482 89
2052352.088645012 257 99
2056237.857594118 379 62
2056321.978728989 399 66
2061181.508078225 190 98
2062893.810686367 371 82
2068146.783318938 458 70
2068924.591580014 149 87
2072963.351932773 286 71
2085238.307896716 424 73
2095820.116261724 478 75
2104124.123810766 168 75
2104497.898508117 443 71
2112111.143902766 55 70
2113355.010477037 79 74
2115008.092259248 441 82
2116392.215757421 246 67
2118474.321729378 305 92
2120754.644640438 95 73
2127237.839402325 131 67
2133672.886221478 370 64
2146072.480690672 411 90
2150072.085474902 463 67
2154752.716037790 491 71
2165176.863623879 44 73
2170699.451784928 206 98
2174919.007865279 163 70
2176464.030695361 126 62
2180132.363628533 96 65
2186933.623438576 477 71
2201760.521177019 134 69
2201903.815483279 160 78
2202309.160010412 201 96
2210331.079652844 267 74
2210769.975750094 50 96
2215403.850118669 296 70
2228352.378805968 190 88
2231736.140397827 214 77
2243561.183674244 471 77
2259750.736309906 195 85
2268095.826221896 89 65
2273972.023633856 367 100
2274167.862731076 456 66
2296017.705777904 400 90
2309457.786461846 464 69
2311219.951638568 177 80
2313405.727012629 468 67
2323649.873207827 137 80
2324237.223456452 293 83
2331257.804343991 156 68
2338659.470851393 465 95
2348036.035254891 370 100
2350083.221343624 387 99
2352680.533333972 487 72
2359126.266622141 238 79
2362506.475589806 433 78
2364080.524869856 388 85
2370791.177712998 398 70
2372051.713886214 119 71
2384908.130643177 366 84
2388141.503518788 65 72
2392128.183428812 343 65
2392919.283228362 507 89
2403083.610007094 183 63
2411828.740649195 35 100
2413718.170639351 117 70
2416299.094724032 164 71
2423088.896285885 411 99
2429241.334683618 86 89
2433489.049097039 84 81
2446826.433717678 238 91
2454594.774500890 381 76
2456674.301124675 325 61
2461519.392659251 199 73
2464476.339689419 263 76
2464550.798749107 253 89
2465382.802881312 135 70
2468666.056810630 325 99
2468996.452556818 233 71
2475062.752915034 237 81
2475973.831937756 154 80
2482042.346854491 42 87
2489569.330487380 336 94
2497911.024906527 242 94
2499765.703640389 342 78
2501301.273672725 54 62
2501448.600839060 101 91
2501748.964905112 108 96
2501952.307000843 459 94
2503233.684355488 162 60
2503447.436450809 124 100
2508806.740279300 147 94
2518151.284845290 324 81
2518390.446492058 177 61
2525336.314644984 450 89
2533440.227298962 485 74
2537184.401786558 381 89
2540317.075034235 364 64
2553126.224552530 219 94
2560824.289683251 199 77
2562336.559993015 258 75
2565453.326581405 255 94
2568368.633955975 333 80
2576136.154631002 106 61
2584147.771932573 80 69
2584552.147455228 77 94
2590847.639412165 364 83
2594006.877090515 162 96
2601931.419135409 495 83
2601936.326817881 319 75
2604110.567905137 229 79
2605823.169580852 116 72
2610598.334642461 229 65
2613799.733168561 447 90
2615525.541783557 317 98
2621110.714248397 350 89
2631412.143883204 407 63
2632001.404974344 411 72
2649269.361265635 76 81
2654473.037635645 194 82
2654916.443766512 356 77
2660186.633889357 244 61
2661451.784427840 61 72
2662549.227035854 285 69
2664840.309988516 291 68
2666049.234291392 310 61
2680416.611144088 132 94
2697098.367755010 353 90
2699020.799945160 457 79
2708547.074551610 95 63
2708694.910785106 89 70
2717284.486997261 511 86
2718214.543545294 33 99
2721011.853905299 145 71
2722394.282437003 333 84
2724903.550684593 263 96
2727564.686459638 475 91
2728577.569099602 298 63
2730830.083769734 420 92
2734187.963215998 136 97
2736977.249747728 364 66
2739332.706345674 122 76
2740410.239768650 191 79
2744106.078551318 458 84
2745291.489162569 216 77
2753393.512971705 241 84
2754256.654460060 481 87
2762102.411306254 203 88
2762816.996672023 228 70
2769161.880110152 335 62
2772672.813476910 299 87
2774948.873760289 163 93
2776742.187259498 386 97
2780199.682778840 379 61
2783539.210513405 429 99
2783952.604597159 463 97
2784134.967826957 127 79
2786099.723573887 86 84
2787470.524168986 167 68
2790654.589431454 489 83
2791521.085948499 233 98
2804974.085546517 97 92
2805103.686943477 198 98
2810118.257158237 37 78
2811460.245447856 188 96
2819676.724096597 49 100
2824586.554622455 124 63
2829959.943387687 224 100
2832473.091780512 238 88
2852130.731741508 434 97
2853884.555333691 387 67
2858235.681488071 134 84
2859876.100688348 503 87
2861724.156150351 151 71
2863212.078302959 205 95
2866202.830210500 454 69
2882639.754921874 248 91
2883370.291568317 413 98
2887048.907855464 214 96
2888180.542021462 250 61
2889224.319503129 59 68
2893631.006591159 47 91
2897080.344494179 342 65
2924782.991682314 357 98
2925182.604435021 273 65
2928829.297866865 332 71
2929604.461210258 63 98
2946339.089975412 403 94
2954691.649157926 275 61
2959321.065583257 356 82
2968490.440882524 191 67
2981461.179416535 39 75
2986781.496897973 96 90
2988739.956783653 243 74
2991088.748663861 374 72
2992336.071756947 335 63
2992972.840116137 100 76
2997924.691658936 242 73
2998006.047741062 479 89
2998170.442457860 44 81
2998665.697751465 87 63
2999156.020970730 114 74
3000955.611658121 140 66
3003156.016670272 265 64
3007354.627305772 399 80
3012581.924287136 275 98
3016037.705725488 95 69
3021002.550245134 93 96
3031488.562226947 439 60
3034222.230227497 64 87
3056712.908327578 391 96
3056974.218638358 207 86
3057293.028517249 240 60
3058338.823007966 508 94
3063623.410578827 39 91
3071078.828133566 72 73
3071119.714621774 506 82
3075429.849423969 139 70
3085204.649002779 102 69
3089420.404110198 238 94
3091193.869798540 426 97
3095436.974602586 373 61
3099023.181759043 87 100
3101411.808970930 415 88
3101541.255087962 82 72
3111894.648124763 335 63
3116552.750082005 371 76
3133458.747559055 127 73
3133619.983877706 268 78
3136379.336991769 492 80
3138665.612990448 402 79
3142669.771101159 322 85
3143608.993533684 390 91
3152983.510943038 122 83
3154516.379648333 234 72
3186529.805034930 482 100
3190538.202661734 161 83
3191399.108193885 240 78
3191471.043000381 492 86
3193963.202388453 165 75
3198161.222919985 431 94
3199242.881172838 115 83
3211073.609211511 303 62
3223016.237995615 390 73
3226383.725772194 496 82
3228639.634230062 59 78
3236274.077968840 123 79
3244205.071996233 117 83
3244955.104421196 239 91
3247282.060617886 145 77
3271134.066332186 269 64
3272907.801538324 348 92
3287920.670211460 407 65
3300672.654810445 256 63
3306859.680329491 45 67
3314814.402804786 450 92
3316745.253634170 129 62
3318294.367261746 482 65
3322021.450004153 305 86
3336423.224623787 147 68
3337109.149557290 512 90
3349567.283355280 342 75
3350835.388458754 482 81
3368457.424310188 111 65
3376954.554433384 372 89
3380636.107415370 154 67
3381417.248142581 508 80
3382082.910253163 117 74
3384200.356933329 433 66
3385730.029197869 41 94
3387288.939293094 445 82
3398621.972923954 203 68
3400579.237673834 483 76
3405067.600606853 334 69
3409114.106248485 156 67
3419574.256277946 67 96
3419632.833119785 402 92
3429155.439865508 143 85
3438029.571874157 370 86
3451115.785753170 251 83
3452249.207837078 393 77
3458715.679787737 95 81
3459273.144730940 268 71
3459933.543424059 466 79
3466804.345626589 479 78
3467662.323725300 271 94
3471299.879723741 356 66
3472171.588848971 51 82
3474815.155054742 351 73
3475697.944583566 137 81
3483898.052310539 465 64
3484985.993219412 334 75
3485445.974819742 500 76
3495042.028806678 331 65
3509249.244444743 482 93
3510947.393487762 265 99
3515519.403526063 491 86
3525623.144098196 333 80
3529215.156816578 164 90
3540212.609045611 233 83
3540482.491309641 107 72
3541734.815635419 494 87
3544397.056608012 402 86
3546942.928231548 152 96
3552642.069569001 418 99
3555278.835534665 163 65
3556842.299579994 212 84
3566986.970418324 64 60
3567104.110439607 84 73
3568775.274449942 250 99
3574131.982948753 167 95
3578220.422009848 301 72
3578343.500990154 410 89
3578900.402863316 58 91
3579536.120101197 435 62
3592342.941414944 347 72
3596113.707364367 84 99
3596898.801649524 272 100
3617893.071348962 440 84
3621243.809285056 424 74
3627039.937894176 232 64
3627715.962791968 241 81
3628679.730128611 396 88
3631874.552798590 63 66
3635238.614217726 482 77
3636247.483717232 75 90
3639829.536499980 486 75
3640806.936302880 460 94
3644065.217757643 180 74
3652033.558103576 235 62
3653640.813608732 120 89
3656766.698640125 149 83
3664205.180731333 322 81
3666532.755277874 425 96
3671053.259007188 408 84
3687776.805428382 41 72
3692980.653139181 196 92
3695470.045069282 468 71
3705172.643543361 291 96
3709351.143199627 359 99
3716740.244065963 276 79
3716881.985130762 35 66
3727478.534513359 431 97
3727962.741144178 267 65
3732112.576054665 67 65
3742377.048026252 74 96
3749379.341128186 240 65
3750297.908190493 460 77
3753753.448241669 368 71
3754217.036867111 409 86
3773544.879569463 486 82
3774603.305974807 401 66
3775904.898757913 346 70
3778295.379829118 392 71
3782200.284569307 65 95
3783062.928715254 207 82
3783065.780441899 482 91
3793080.708590319 331 67
3799726.324519406 125 61
3801407.485987169 488 65
3804318.893923692 412 99
3805012.682068424 295 72
3805817.389742197 393 63
3806801.954799281 393 100
3809493.588057114 34 97
3820793.688797649 440 97
3822090.487264751 69 81
3825807.659802172 378 94
3825885.007447324 228 88
3840481.113821116 114 73
3840907.055818873 475 93
3845104.090339161 241 96
3848592.616720335 243 97
3859711.610618678 478 93
3863675.699339887 95 66
3873714.418747761 250 65
3875838.668991068 77 96
3887305.993008985 226 60
3889091.609921135 224 84
3904173.880312358 89 85
3919413.342097513 405 84
3922064.294426420 261 75
3924579.600580337 363 71
3928705.064369917 499 81
3928849.203949487 32 78
3938652.622203912 409 92
3944243.498865614 425 100
3945299.588592617 489 82
3946165.380571181 180 92
3947433.048399691 500 87
3951572.243947690 505 84
3961383.347528887 66 77
3965490.760804135 467 75
3992305.917941505 324 79
4004372.869354239 171 61
4005259.788810170 481 64
4010918.181305918 440 73
4018916.843369760 92 84
4022233.588862325 217 75
4023361.738489095 196 74
4025148.561828638 255 83
4026965.405681259 483 64
4031255.212782409 261 87
4037511.342641787 511 61
4040035.581112373 297 60
4051105.306005675 164 74
4053975.452857076 385 95
4073623.139292546 497 64
4079830.204692206 512 95
4092931.048420268 500 84
4095793.326969832 494 85
4099143.665663153 363 62
4102490.923935499 453 78
4110762.688371920 187 83
4111583.314862411 379 88
4116618.191657506 294 62
4121499.014134809 511 95
4130358.587540295 209 64
4132482.102135883 400 61
4133854.235799090 512 87
4134243.302538126 420 64
4134508.476374733 139 76
4140965.384391360 432 95
4144532.454690859 230 60
4155975.074987614 234 89
4158593.687811613 330 82
4162697.726194828 507 67
4163063.622164476 406 94
4170316.082960201 361 74
4171390.012626381 132 91
4178196.362653283 191 96
4187007.818757913 175 62
4205255.719279085 385 63
4209261.244381088 113 77
4224631.736884506 99 76
4238742.338792528 473 96
4243277.044763828 216 83
4249258.047056409 493 96
4252504.300869196 104 95
4252750.214335000 173 100
4261113.896607450 320 85
4271759.552037439 273 68
4271859.443297462 429 60
4274466.658837637 260 81
4277551.955421662 348 82
4280660.568133858 71 69
4282254.081711098 464 77
4286373.743218128 421 94
4288352.818853305 186 67
4292055.903144530 200 90
4294417.204922734 275 79
4296167.341833738 192 99
4302018.518453472 401 68
4304101.123004137 347 74
4311625.956821593 82 85
4312094.205212025 251 74
4312498.751838271 184 85
4318419.259903998 218 87
4321952.984562880 178 100
4323305.763786543 451 64
4331648.710945741 387 66
4335366.429841051 224 70
4345027.500563158 332 92
4345899.760824642 341 89
4354135.548468233 406 61
4356437.310170712 39 76
4363402.501381952 128 76
4367967.082611515 218 91
4374031.573185421 363 100
4383635.480593305 416 70
4386631.029661259 246 74
4387082.534564596 376 94
4388051.344125603 277 70
4388763.486748993 240 78
4426760.628126680 297 93
4427740.398143266 203 91
4433889.297247050 511 65
4437471.919953362 247 80
4442978.470377382 75 92
4443659.730854702 505 86
4450527.244899414 83 72
4451508.732703464 108 73
4457888.160255102 342 96
4464106.052788713 369 63
4465803.543000575 136 66
4466379.883923670 226 62
4475522.817022519 140 83
4478404.817204434 318 100
4479093.901374866 127 89
4481359.990615501 200 84
4487875.277225617 169 80
4497660.484644031 272 70
4498773.299025181 159 81
4504483.029096855 265 81
4507178.260641258 133 95
4520866.901385120 350 66
4531015.332641271 312 62
4535595.649377912 176 88
4547293.740625806 264 66
4547667.332895979 239 69
4557238.315466061 418 84
4560071.817604849 360 80
4571876.902633332 457 94
4587179.913634826 281 100
4597748.391628003 319 61
4598669.774383391 149 92
4600594.389744312 411 88
4606514.619079691 350 96
4610981.315151953 45 68
4625356.428145374 176 85
4634201.053821499 428 90
4647158.102741823 433 64
4656734.869964009 174 82
4663179.754074855 152 79
4664222.592909458 108 68
4664616.730045375 192 71
4665085.547477614 162 95
4667620.307798858 152 61
4672630.126092584 202 89
4673897.638070660 235 68
4689941.819610907 219 71
4690934.395323847 114 83
4691828.581672627 103 87
4696952.185179258 159 94
4705085.770321971 204 91
4707027.267497851 65 62
4707678.845931932 188 96
4712346.707703827 128 76
4720180.487582806 488 80
4720686.666995052 79 72
4724605.334350619 113 86
4727047.023380061 402 95
4735424.425894452 483 61
4756237.392540630 118 65
4757874.951640028 364 70
4760369.189826275 317 100
4761882.118222713 66 86
4768561.366511650 292 78
4771594.624235203 359 79
4781282.482730351 382 79
4782848.091677452 508 98
4790850.900245397 344 75
4793408.106710414 170 92
4800245.874564250 116 96
4805455.861628518 39 88
4810675.574169178 240 98
4827484.113631271 77 81
4828553.701902376 279 98
4832060.002841065 84 95
4845136.354345307 424 60
4849436.615200216 412 98
4853918.975443462 413 84
4859848.692884644 221 97
4860961.605112014 453 82
4865464.379289728 235 76
4874908.406541825 147 89
4882663.178296582 384 86
4885075.999185002 322 82
4893015.103705174 492 99
4896962.777579778 158 62
4901176.741528424 447 97
4901379.225869932 253 89
4911190.767799848 259 67
4912776.846574999 394 78
4914600.757153285 168 81
4917200.258137665 174 96
4917792.445446100 451 100
4930456.731651633 490 100
4943895.272119216 483 67
4953189.457444878 62 94
4955490.444621132 119 100
4957037.672254029 106 70
4967263.796835708 85 88
4967400.053522927 72 100
4978635.372214881 182 91
4981031.934531674 118 72
4984527.190144536 117 90
4992304.811630191 133 61
4993596.190614250 288 93
4998374.574152755 159 82
4998897.726010886 241 77
5006321.943540133 354 77
5010259.923344559 493 71
5011625.468328846 134 81
5022276.480600076 394 94
5027537.033078798 98 66
5048041.479002625 142 100
5054494.987938661 332 66
5054665.600056471 51 80
5058601.053919723 128 99
5060025.011857267 456 61
5072760.918029577 45 79
5076053.062501443 191 72
5087187.057798093 84 72
5089161.439519386 48 94
5102261.939785277 275 87
5103685.995075836 87 94
5104819.484974734 53 62
5108107.178759325 415 90
5114630.534746433 395 62
5128190.998131286 135 96
5130008.736109530 294 89
5130172.251326881 293 69
5130413.477200038 149 65
5131830.884422963 217 65
5142357.933115046 365 88
5147708.538095979 483 98
5151706.315382908 220 96
5158250.604605722 250 60
5161363.462067414 373 77
5164906.100643906 362 100
5170574.340371056 367 100
5171532.140183701 111 95
5171716.642915340 188 80
5212213.045002759 166 70
5218156.956480368 356 82
5221071.708626770 429 100
5227887.617662156 436 100
5229394.575439699 207 89
5243601.765312190 471 99
5247576.831495804 494 87
5257095.072997850 227 75
5258838.047575942 310 100
5263509.605537225 205 96
5265704.066730275 110 98
5268763.779215170 356 63
5271028.920512103 181 93
5273828.113427253 77 99
5286436.123226187 156 98
5288348.123054176 80 69
5293097.672356977 366 94
5311171.704848287 366 87
5312966.478025338 500 96
5314757.906332652 146 90
5323288.803833459 490 85
5324982.654244792 503 88
5330207.243359447 104 71
5331584.335978450 324 76
5334721.542551629 105 87
5367890.190930250 341 94
5379890.918515443 365 65
5381462.293801412 475 82
5386266.241101752 469 81
5396853.245292001 32 93
5403375.807935802 127 72
5403980.287531086 445 81
5407626.623624195 186 70
5423226.345685284 304 99
5425208.929623400 55 90
5429978.586339123 204 95
5436539.823483719 485 63
5441692.321355384 119 67
5447001.125259249 492 94
5449514.271904953 438 79
5457542.832204249 436 98
5491297.049031045 332 64
5503669.528345554 65 87
5505658.710301927 61 90
5508888.910892042 65 74
5510355.846032218 338 70
5512461.899898334 203 72
5521072.602309273 358 100
5521130.368061465 124 83
5522609.203478138 37 78
5535334.823790343 194 94
5535729.930550355 367 76
5540007.981403809 409 78
5552396.856808012 195 91
5561644.177088001 157 64
5563052.269866208 495 79
5564538.571292594 389 64
5569625.446126169 134 92
5579578.260547692 86 82
5581308.869426424 227 87
5582053.747415905 197 96
5588069.328376760 161 83
5590866.999874380 109 68
5601980.961846758 135 100
5606566.598878522 305 73
5613700.358487321 67 96
5615262.079594421 214 65
5616085.737501580 333 70
5634784.268173770 51 93
5636857.717614898 248 90
5639701.643578710 219 93
5643582.235974910 136 94
5650493.276467749 328 66
5670970.550929876 223 72
5673256.783180619 226 65
5676847.671346243 187 100
5677298.050758663 506 89
5678139.371781112 108 98
5679143.500834168 457 66
5679335.200228170 364 93
5682990.197553570 72 92
5687536.330496342 80 71
5693927.490145597 119 83
5697045.184939407 113 88
5699864.332775478 59 91
5701027.533959024 507 74
5703009.218199201 206 84
5707513.609093100 93 80
5717854.453099736 277 74
5719827.678108951 485 86
5723996.667214555 336 94
5730026.846235562 148 87
5731108.371545929 123 65
5732862.779540048 411 60
5733902.624085835 45 65
5738389.887899424 69 88
5744608.957802143 67 87
5747262.807647103 82 74
5747794.872111034 124 73
5759876.609293885 168 65
5764672.344714701 487 68
5766078.719968561 207 63
5768917.163493313 127 99
5773334.448275710 423 90
5775952.469829025 423 90
5776044.691018841 427 61
5777864.428704087 396 64
5779418.065853070 123 64
5780864.887983867 382 71
5782365.376878249 386 80
5786151.163144861 261 70
5789412.468952639 504 70
5797962.369321997 280 76
5801989.511198573 232 91
5802173.827714919 70 64
5802507.044164524 339 82
5810534.855481743 318 62
5812460.345684757 389 84
5814558.981090752 408 68
5816952.849379853 301 82
5817454.820566922 427 73
5821024.902528304 241 99
5821416.236675786 310 98
5827764.059114460 449 94
5828892.231775898 201 100
5832490.086097336 181 91
5851874.748113964 431 86
5857949.916064090 167 64
5876342.725647505 493 62
5890242.000544918 169 70
5890656.663792104 130 61
5897032.444473390 110 99
5899384.978563530 143 87
5908563.401360103 387 73
5913124.646482769 218 84
5918693.417210711 200 69
5921614.828107669 248 83
5930720.669635527 326 65
5934010.140177504 185 85
5949203.922917789 468 60
5956425.679410306 189 79
5962632.179565926 209 66
5965302.683467160 293 100
5968477.380586629 211 62
5979490.260078075 323 68
5983388.335227988 77 85
5984394.980764732 268 68
5987336.537605724 399 84
5995161.599744664 131 72
5998337.839546540 470 89
6001689.197729643 312 62
6002628.459218545 400 87
6004138.059647197 109 66
6010243.717846473 421 68
6026863.082554269 156 63
6029789.746445222 427 69
6036426.569749857 286 63
6036451.747114016 458 61
6037230.470013507 186 96
6038803.253735491 236 96
6041593.140942485 234 87
6046905.858058935 117 90
6050294.068703736 381 71
6050592.008327486 262 72
6054841.273033192 192 96
6056758.528765919 402 70
6069189.352565442 199 76
6071274.719283591 247 85
6075097.546483780 38 64
6077079.619698505 504 74
6084626.828013819 381 66
6088769.532612467 46 76
6096238.539645500 393 91
6099273.350651170 429 73
6107234.524566258 62 97
6108618.583923562 119 95
6110923.019495804 45 76
6111716.247815917 134 69
6127434.457055398 150 74
6127782.358084773 443 61
6151296.671758808 156 73
6153722.748477474 215 75
6155622.179210068 389 61
6160160.601533527 248 61
6161597.608541031 294 98
6162911.976759455 103 99
6169090.113415778 82 87
6169245.406934382 252 61
6180070.132814967 40 79
6180957.631190050 107 72
6181453.958242971 410 100
6184589.089819701 344 64
6197168.960146407 155 60
6198039.149157425 444 99
6200322.784051897 164 76
6214044.303827817 222 94
6214075.778401386 385 71
6214307.680544563 60 86
6217023.790042140 71 87
6217219.284077210 487 61
6222160.612499493 334 96
6227284.533883339 73 94
6230945.312177510 214 92
6235729.728487538 273 78
6244259.784318701 302 62
6251064.357132865 70 88
6253288.789796102 296 74
6258578.946528861 345 99
6262777.390178108 259 73
6267545.976046434 259 85
6267857.672793761 401 94
6272755.045699630 400 94
6273169.540405709 374 73
6274127.296440244 218 94
6279995.363876807 120 61
6285214.998702786 179 76
6286663.739924442 39 63
6305215.304553803 107 92
6309010.313726122 396 83
6313339.513053993 429 70
6317846.679184958 264 66
6318858.027447439 455 74
6318934.894657490 285 63
6320167.052733473 439 64
6321704.525216637 63 70
6322166.721921252 129 76
6322655.788054748 396 98
6329242.271308992 189 95
6336120.927767154 204 64
6346220.410764036 334 72
6350476.493692776 501 60
6356303.538956482 112 82
6365703.829786077 165 99
6366698.027470487 460 80
6371553.237482844 388 76
6372155.985863150 305 67
6373915.993281109 75 73
6380511.377123674 137 63
6382980.362519325 102 97
6387999.693675422 509 88
6393010.941337634 331 84
6407587.634885174 483 88
6408965.084048813 146 84
6410335.829919809 91 65
6410580.961051216 141 85
6410896.535008877 68 76
6446499.511993865 447 66
6448989.351343556 443 98
6452332.508066371 208 67
6468860.783481403 230 77
6490593.237538707 244 61
6500633.475524257 32 93
6501769.993487542 325 89
6503301.325527647 412 98
6513616.499372049 68 80
6523319.426258716 477 89
6524702.841316770 213 73
6534062.541816088 340 95
6537387.307241049 88 77
6540937.977922240 162 92
6546910.211372244 257 98
6549061.843499420 112 89
6549151.971793582 204 63
6558832.623244097 352 64
6580736.611213112 372 72
6588893.382461959 121 80
6592025.932831121 59 89
6600891.593125422 341 97
6603702.541064479 37 88
6621452.683679675 172 94
6623466.978667597 393 98
6628238.546325106 486 70
6643957.153812203 360 63
6645168.020837740 95 84
6646989.832147138 336 96
6649318.356995623 256 100
6652026.590238501 104 96
6660210.928524534 333 67
6665917.604405526 137 67
6668861.345670721 391 92
6671814.486936706 347 80
6672327.939843173 173 70
6672398.340622025 350 95
6677947.671378005 511 100
6679942.894621068 366 66
6685791.466384131 188 81
6691367.677706172 198 65
6703833.495745740 63 89
6716791.245361404 101 92
6719969.552368150 313 79
6727740.828327253 332 100
6729230.702562402 467 80
6729861.628959257 237 73
6731828.908521170 114 78
6738889.440352037 73 78
6740218.196721339 191 99
6743661.258324136 399 62
6751843.107686642 481 70
6757569.840784009 108 90
6758373.497221173 368 68
6763627.334942370 319 100
6764323.441855369 122 69
6771064.650046338 282 94
6771429.454312621 302 89
6774620.951396181 32 78
6777500.902479537 122 83
6780297.695205148 207 63
6785313.954115256 419 83
6785480.337461078 468 74
6797301.788058929 209 60
6801854.381089129 213 100
6818573.699006925 360 86
6818685.756360476 321 60
6820603.578862150 124 100
6838697.638605483 37 93
6848100.352825155 128 89
6849202.513454196 74 62
6852508.368328177 158 70
6860265.064479742 445 97
6864045.247463519 207 70
6868586.518687666 469 70
6873372.389968764 45 81
6875530.233213171 443 97
6877228.344411302 434 75
6877815.557995147 222 74
6887008.667182667 373 81
6887073.707967769 333 80
6887839.392439610 390 94
6889739.200973121 262 99
6891674.346344836 407 72
6893928.090962064 51 67
6904951.176172334 251 72
6917756.151638383 222 71
6923182.608818241 162 91
6931790.153378069 379 70
6935993.900217818 317 75
6936997.551859534 315 67
6943450.282760878 88 84
6949022.404315911 298 74
6949135.252170647 81 76
6969774.592952618 352 73
6974457.873981194 103 88
6984531.591408625 481 62
6989117.520079148 489 82
6990968.531831486 439 67
7005265.655908233 81 75
7005903.992018324 218 78
7008506.721643211 122 85
7017454.933199463 444 62
7018678.522632236 492 95
7020539.924997327 175 92
7026518.296067995 240 61
7031863.045048365 413 83
7038558.623147734 452 96
7044709.070341660 297 87
7049446.083220254 472 92
7050182.784839866 301 97
7067648.874690494 308 93
7068941.559547884 124 65
7069366.759483067 217 62
7071042.391055761 132 76
7071852.126008556 490 96
7074726.157400447 110 83
7076982.368573357 63 77
7087113.741703162 476 81
7088024.235951787 206 60
7096860.984722024 481 84
7099224.866575729 120 60
7101364.796347182 338 68
7107905.111555057 174 87
7108583.135199754 511 91
7108982.906508556 302 63
7111738.364458052 443 77
7126078.635076009 86 61
7132656.677391639 475 96
7134393.692653815 506 91
7134649.113372100 168 83
7135565.816896407 193 68
7141993.676756059 195 61
7142337.831412497 375 92
7153563.301294777 469 94
7163714.498743555 350 77
7165322.564002309 43 83
7170064.786653812 70 74
7180601.399190892 71 90
7181122.553542910 505 72
7182587.489657128 491 74
7183778.248130520 183 77
7187483.714095013 503 90
7188612.233599090 69 86
7193684.702857588 450 69
7194684.383359371 240 63
7205255.539738505 383 100
7214282.874570754 104 86
7216231.310662638 78 85
7216523.361251829 231 66
7225271.300164516 379 85
7226125.960057635 494 60
7240626.415955359 203 69
7241323.173217395 116 62
7245865.275080302 73 89
7255776.548039330 491 87
7257215.449510996 326 75
7267047.132769549 187 72
7289578.536152928 457 72
7291591.586493675 77 100
7291932.907136716 377 69
7298048.199119331 343 87
7301719.695260244 450 84
7301953.366095405 40 62
7306509.948163950 270 82
7325986.004552087 398 80
7327320.396838911 337 61
7327923.182398632 323 93
7330099.824062033 258 71
7353167.164665121 187 72
7356191.501835552 262 61
7364083.234482457 460 71
7364674.823236383 498 82
7372968.091112546 500 93
7374946.717117450 55 100
7375789.122147484 94 95
7380351.737533210 56 97
7386657.661620003 362 100
7388029.938330454 373 70
7393958.286764837 239 80
7403405.358172704 41 92
7409366.715756577 268 86
7412529.225905450 315 78
7415341.544871801 435 97
7434178.347790847 472 80
7442578.535736630 85 98
7442948.276850390 172 74
7449452.638385089 461 81
7457918.369169967 229 99
7466250.789339017 483 98
7515434.943594728 221 81
7516258.856922925 338 82
7520403.414671136 512 89
7538846.152697281 450 79
7541828.669784251 58 82
7543120.406222845 429 94
7547917.909551299 111 89
7558775.257511789 317 86
7563138.459621773 90 82
7576955.412574355 491 82
7576964.369341150 118 84
7583419.141801148 279 68
7583623.866894389 225 73
7591879.519815608 177 80
7593455.991605654 509 73
7600465.840184958 138 65
7608560.832831720 345 60
7608614.138798586 383 66
7613234.906679139 499 89
7622632.177913879 278 92
7644110.593833305 262 100
7644408.860910367 277 97
7663619.230889709 316 97
7666668.954102446 282 61
7668312.700609441 449 99
7670422.874179035 60 72
7679038.206227319 155 62
7679136.601392847 117 91
7679683.850927077 93 78
7698872.603502301 123 65
7699547.099486332 291 96
7706947.010498304 85 96
7708568.897025712 367 75
7709004.701931803 267 83
7716290.182578576 427 84
7716378.435868804 491 91
7719265.503530561 227 93
7720757.315099589 127 87
7723247.082067166 378 95
7727092.027473024 221 87
7743089.939068125 96 60
7744046.652331201 297 98
7759829.621241713 149 66
7763250.911040669 471 82
7771060.970481893 106 81
7777097.047859500 74 73
7777432.079783595 161 100
7780446.385119258 308 87
7785307.763082797 478 96
7790869.515825624 336 71
7792016.501115967 236 84
7805394.952148992 293 98
7809805.851291657 48 64
7813174.126502399 400 95
7816670.862994478 306 68
7818494.950548596 61 93
7819191.605789647 40 67
7823437.831700142 181 74
7825673.490278278 455 84
7830923.491967397 317 96
7839525.100727339 477 97
7842813.822922156 294 72
7843680.863861853 510 80
7844603.890257433 485 67
7844644.159866299 201 99
7851305.613668030 378 81
7860429.669289047 235 100
7864364.280831994 462 78
7866728.636504160 114 95
7873941.533206386 144 62
7874428.612391100 176 85
7875029.175597468 387 81
7886019.090495122 438 65
7912357.226053677 426 70
7912579.007908322 321 92
7918026.534925787 325 80
7920901.199568324 104 82
7928170.978257711 56 77
7928272.096004293 92 68
7929155.414463835 166 100
7929984.604371731 339 65
7941395.433653811 207 93
7942115.289618274 510 85
7947702.306036784 405 83
7950568.304394013 150 81
7954612.471514250 371 75
7965463.234785189 444 74
7966495.258226927 504 64
7975678.729133726 292 79
7976412.167722181 358 79
7981518.571844722 74 100
7981814.458647769 467 86
7982860.409619060 257 97
7983306.967592042 344 97
7984476.537797906 472 66
8006138.964140504 474 67
8043803.667548280 230 65
8047085.078558669 206 61
8051441.725592932 494 72
8058564.121143635 211 67
8065484.740964961 279 66
8077361.089268228 422 75
8079436.738899441 370 67
8079712.026916856 57 87
8084265.565937195 270 74
8087768.753897944 162 93
8097941.452691203 469 78
8099484.811930178 167 75
8114756.943138293 382 70
8115386.961524538 283 87
8115392.686106129 323 64
