8 1.802243225 0.467407909 0.409569706 816902 11
22578.556866216 131.698830562 0.071917146 0.007373872 547.022896765 1.000000000 0.000000000
12
1 0.022900013 1.066072435 0.074659528 0.851682426 1.995023616 0.341245555
2 0.041277294 2.132144871 0.134573869 1.215353218 2.846904312 0.486958367
4 0.074402360 4.264289741 0.242569523 1.734312462 4.062540463 0.694890960
16 0.241733982 17.057158965 0.788110706 3.531644686 8.272701577 1.415032193
32 0.435725727 34.114317930 1.420570277 5.039666902 11.805168424 2.019254920
64 0.785396026 68.228635860 2.560579239 7.191618847 16.846008552 2.881482452
128 1.415677063 136.457271719 4.615446448 10.262460328 24.039301597 4.111883565
256 2.551759217 272.914543438 8.319346493 14.644559759 34.304151009 5.867669415
512 4.599548349 545.829086876 14.995629751 20.897827976 48.952119999 8.373180763
1024 8.290690154 1091.658173753 27.029636501 29.821259314 69.854812956 11.948552506
2048 14.943976674 2183.316347505 48.720944802 -1.000000000 99.683014612 17.050618041
4096 26.936531781 4366.632695011 87.819548083 60.726134599 142.247942291 24.331279913
1904
0.000000000 498 84
91.990165337 196 98
134.764470047 311 97
1465.712289777 73 103
1990.191377377 396 85
2596.792076708 250 83
2848.091467701 179 90
3009.039151288 333 106
3353.362624953 262 107
3570.194339006 424 104
3646.767243352 152 93
4819.498561803 344 85
5157.784653948 144 112
5177.117859988 311 99
5551.105850064 129 113
5825.748700851 224 112
5905.686357835 403 91
5972.771540269 130 112
5974.190227177 172 87
6258.320973696 130 83
6321.687918588 254 120
6358.540440550 512 109
6601.630394915 431 98
7056.864972511 425 91
7523.522518032 422 104
7633.978249108 269 117
8936.552310653 384 81
10263.376773528 511 81
10583.456913948 479 86
11629.526962593 416 96
12580.657020480 470 116
12703.316332729 168 111
12753.166429442 147 101
12974.082111590 184 85
16874.182129647 344 109
17184.103639890 143 100
17258.609261585 316 111
17508.848999269 355 120
18381.777075784 443 116
18382.624211608 76 90
18594.943797155 329 82
18709.804106597 226 109
18838.692750072 172 88
19192.464560651 190 101
22730.874701036 403 89
23508.874058828 253 83
23567.205583442 287 100
25065.595485693 396 90
25167.963889756 479 105
25422.117398262 122 111
25450.802022251 467 106
25583.805775509 410 98
26194.774387714 265 98
26237.012634677 177 90
26285.492245522 182 106
28784.852362879 330 95
29574.669358841 272 88
31273.473748794 373 89
33085.942397448 222 96
33837.589839217 285 102
34138.922375004 163 94
34529.767071302 168 87
35930.073056073 491 104
36285.250713922 285 91
36474.073422802 186 105
37116.694728413 112 112
39221.913281937 479 114
40173.427187423 329 113
40857.014328514 138 118
41534.581093631 79 84
42058.197661359 495 96
44269.662830296 457 107
44567.134003499 126 81
44802.688195939 179 80
44939.953565943 405 90
45362.821650846 295 96
46354.595190832 409 120
46909.355796459 396 109
47106.827685452 511 94
47205.572983236 408 93
47305.265580201 156 120
47574.367049598 357 96
48892.781693656 510 117
50229.162829200 121 105
50966.432424063 478 113
51163.246352021 112 109
51437.898602001 386 84
52575.774321898 83 85
53266.825201154 319 109
53459.876066805 137 92
53516.537467145 380 109
55271.503516491 371 82
55811.766764686 180 113
56441.012748977 149 103
56554.529618569 509 119
57139.672451156 125 106
57979.366427882 98 114
59183.750782723 431 110
60542.772020121 330 88
60645.584343532 179 81
60880.530126365 436 96
61677.058428331 118 119
62792.114913144 419 110
62944.697177884 224 112
63085.745479788 452 103
63820.832607035 289 101
63987.318140720 443 114
64053.239226629 452 114
64387.667149630 80 110
64506.652164811 391 106
64638.135653746 363 107
65025.013670763 230 109
65236.232534627 169 113
65850.223058276 274 85
66529.196169476 441 93
68361.189011003 180 120
69447.932060789 434 90
71601.449502952 320 96
72703.395817658 346 117
72823.956393812 112 101
73665.674214300 430 116
74221.547806494 431 94
74628.813487054 283 82
74712.489829764 450 108
76088.003386360 512 81
78550.777939396 275 91
78829.278030434 345 110
79162.182422440 96 97
79255.251725261 424 108
79537.073060290 162 111
79698.655030275 471 85
79972.126710732 80 84
80557.807347396 512 102
80936.814314032 456 86
81111.313672769 268 109
84082.146641538 273 94
84502.410334487 384 87
85479.672975636 264 80
86189.588873540 372 99
86216.406673604 222 101
86792.875981603 459 118
87769.937842751 138 119
88286.443162037 178 119
90409.909574019 421 99
91120.549919757 386 110
91733.882655609 144 107
92895.367105134 388 108
93189.158485500 253 80
94585.142214670 282 87
95232.983060040 298 116
95500.451063742 253 117
96634.421998056 254 80
97674.639939683 126 83
98005.833099643 497 111
98046.145510761 194 96
99302.695954379 304 97
100208.985820606 167 103
100749.655815546 152 88
101358.367739147 330 108
101891.667060025 450 117
102108.640894685 484 110
102485.491335492 278 92
102639.348704545 495 112
102867.419227099 143 118
103977.468441157 224 100
103996.613560396 479 115
104115.120494485 229 103
104274.449782409 189 110
104746.925685409 152 99
106662.362632700 296 100
107594.393141433 408 102
109668.354406874 343 117
110410.263849665 393 85
111010.672388211 154 115
111758.647765793 432 93
112446.264669074 99 100
113276.328500618 438 98
115116.122249755 272 98
116119.372946060 84 103
116404.011487691 484 110
116712.702983665 203 100
117507.241316497 168 99
117537.697107145 279 86
117648.002440964 422 104
117749.150470111 182 112
118266.642584858 219 96
118541.770487086 144 117
118577.325054219 299 96
118609.701720813 151 115
118847.760094399 66 95
119877.799057867 126 114
121807.463508581 456 102
121920.168319606 350 104
123190.452808716 501 83
123698.579506232 261 117
123706.787203550 498 84
124643.651945470 495 102
125501.075009207 228 90
126711.142405214 264 103
126821.660804249 416 104
127158.263651268 241 102
127866.112762645 238 109
128505.229960204 154 82
128640.412213482 419 113
128884.798450966 155 102
129533.544729370 173 106
130626.854193084 73 83
131604.073937883 130 94
131823.604651895 241 95
132009.914518961 433 119
132818.962839189 170 91
136074.323729709 279 81
136263.286747201 346 89
136595.499516549 207 113
137439.408940772 275 82
137869.204862683 327 87
139427.588115833 286 102
139707.086210435 334 111
139730.198973170 205 102
141341.389187955 219 116
141949.898692390 177 104
142173.845682911 269 109
142191.671434068 120 93
142637.484647460 175 95
144796.120751686 437 100
145044.772648161 96 94
145553.446878525 350 81
146685.528790307 339 106
146851.559476358 426 81
147507.881030891 249 88
147872.143586135 476 86
148506.147477757 153 105
149380.408814719 454 95
149416.293731418 123 117
150257.813986800 381 119
150714.211130163 326 104
151400.322495129 478 107
151800.731284035 228 118
152094.903941993 357 115
152219.308921059 250 89
152284.832465692 401 82
152371.281819577 388 103
152973.531146664 245 114
154412.982671677 141 115
154622.965542431 502 116
154685.323913837 213 98
156230.170782255 421 81
156493.277342842 286 120
156764.905010571 408 109
157071.949577262 185 119
157310.429478848 242 92
158324.472363998 196 97
158427.588537508 109 100
158451.025763480 367 80
160476.271240409 402 95
162351.113545906 505 118
162700.969445374 341 86
163978.812593082 413 84
164084.369850026 166 96
165035.877629460 251 109
167447.212662999 280 92
167518.998277350 336 110
167526.092389978 400 113
167891.005528573 381 99
168164.031082852 180 88
168180.720003283 161 95
168518.995880880 71 93
168990.318599454 358 106
169265.158614413 122 119
170030.103431760 172 115
171536.350034549 365 86
172380.004451919 268 106
172555.936044397 447 88
173251.100993876 114 120
173499.426382547 475 107
173536.997042854 401 95
174771.462120625 66 96
174966.899015004 357 111
175157.470465733 469 91
176297.173602618 422 118
176313.973056561 208 95
176410.181588928 253 107
176626.306681276 72 109
176724.843457804 206 101
177747.556951030 491 114
178984.310738755 123 115
181645.433470498 264 87
181976.367621973 479 99
182186.067545373 119 109
182268.423493751 264 92
182921.892659583 283 92
183712.205890094 188 93
183748.585399386 69 93
185258.951350925 397 98
185477.694275960 216 113
185969.910916952 372 84
186771.110215749 156 119
187578.429523794 169 92
187767.684344649 155 97
188338.684311189 324 102
189952.671080343 372 100
191445.813499172 485 91
191909.355253990 404 120
193744.511766678 266 88
193989.966029249 233 116
194096.437790017 261 104
194415.814318154 183 115
195435.892778413 359 115
196238.313106488 347 80
196387.507315017 283 106
197128.182975695 510 116
198498.820892646 64 81
199425.467307223 254 110
199791.737779633 461 96
200465.853212452 129 114
200548.891258007 226 86
201174.597846088 301 119
201499.861298885 96 90
203449.183945557 257 96
203496.510670105 167 85
204009.353508979 120 84
204128.194103545 389 89
204489.428752517 250 101
204923.402612485 475 85
207533.564089283 216 88
207565.256914701 502 82
207654.338793900 331 114
207750.547031337 326 103
210362.111873217 91 86
210619.523749226 398 108
210974.257822701 146 107
211310.281512926 267 101
214312.597593296 371 96
214411.585177600 86 101
214507.439861181 106 112
214512.014412763 165 108
216152.857745354 304 85
218703.294363325 293 98
219319.446609430 208 107
219843.243055836 191 87
220071.363579638 67 115
220610.557082979 106 114
220683.006351364 407 94
220824.089144735 192 115
226199.072066099 349 84
226422.225164507 170 87
226878.448329920 337 106
227193.180631165 102 82
229440.641506505 222 103
229664.371675777 451 118
230545.755019015 383 94
232764.851224301 264 118
232956.115306666 463 83
233316.734726257 296 82
234499.803767773 448 91
235287.251218488 324 94
237115.217982030 510 120
237603.625506113 325 115
238268.847495638 345 97
238582.759040985 217 103
238718.787704081 88 92
238752.395241778 230 116
239219.711763102 121 85
240985.394131888 67 120
242159.834137400 352 100
242350.509585472 471 107
242638.164577200 421 90
243140.370562113 215 114
243257.452062824 188 112
243844.709075660 199 105
245110.081370264 463 81
245987.533190037 184 87
247585.821348792 329 118
247668.535083246 88 94
248442.926346322 302 104
248533.390582290 446 99
249185.654867647 206 95
249846.632287010 304 107
249978.721466632 150 86
250815.384136299 368 113
250964.434898134 455 118
251062.204774625 509 97
251148.247408337 310 103
252148.470857950 350 109
252674.653356672 260 107
253688.262591127 456 105
254159.837401133 492 115
254238.303901526 273 83
255597.967579379 326 117
256388.560155791 103 89
256529.774133711 483 84
256876.438800289 273 84
257182.209237095 151 90
257527.502419774 422 115
257556.760049873 246 98
257715.967444457 234 82
258179.632640837 399 111
258700.658415359 377 92
260153.649435829 118 81
260826.235298938 202 97
261411.317394096 477 104
263120.488360714 393 89
265005.783233203 375 105
266047.661776292 104 97
267244.612736167 439 99
267361.638751613 73 85
267814.586660784 202 82
268204.481232951 141 80
271294.173717608 278 82
271347.825811567 424 114
271805.606631900 459 120
273736.692272729 216 102
274496.684956710 464 91
275014.757074308 254 96
275512.505339661 377 99
275686.275253411 219 120
275706.567839728 383 88
276061.992719274 231 108
276479.964539097 422 98
276930.087967808 421 93
277259.509875931 402 83
278979.178549537 183 119
279122.485976312 395 99
281113.960099301 202 90
281370.252547526 505 91
282145.473756350 408 97
282593.946432677 416 83
283726.538560726 182 105
286413.738976735 285 105
286654.475968205 339 80
286779.116796174 293 89
286863.498451661 295 104
287401.459522851 121 110
287923.998081822 497 84
287933.823491917 413 112
289136.071809885 403 115
289306.748093709 321 100
289800.930550084 323 102
291130.928072174 66 96
291494.067835574 497 96
291528.015963546 114 105
293504.462496623 167 114
294048.817236648 370 103
294084.450439641 485 116
294924.807898374 382 105
295263.378679578 293 111
295579.430881425 219 115
296907.241694414 219 87
296974.422052014 112 117
297077.804234231 211 100
297135.575765803 288 83
298745.490152069 120 116
299164.579548107 235 118
301028.514537581 370 84
301262.935273767 85 94
301890.427374193 270 99
303853.134244642 505 95
305965.201844857 151 119
305972.086505068 164 80
306066.567013275 189 108
306818.228758864 159 108
306819.231148600 267 120
307195.686978869 279 110
307465.970709063 295 98
307894.295821528 303 89
307941.447787320 435 85
308433.071608178 468 107
310201.223041298 447 98
310264.675598184 150 86
310399.548032925 351 102
310767.570142159 127 113
311022.167488896 250 90
311027.262055492 263 108
312635.283210926 484 94
313449.587074739 78 101
314055.279611481 470 82
314799.886934735 496 115
315373.962637034 193 82
318003.851757806 295 87
319616.274446889 462 103
320738.616568093 269 87
320908.230255572 197 117
321160.415666289 292 112
321567.411533173 389 82
321752.639963107 146 106
321899.461866125 461 94
322971.928213134 239 116
323988.153628893 134 116
324986.202407930 224 89
326963.762003553 423 91
328164.942452452 464 95
328867.626773675 92 105
329031.293220082 326 117
330104.328609527 175 81
330200.051133421 216 115
330741.125411931 345 90
330997.487583630 108 84
331567.819170675 409 110
331635.486014333 302 116
332290.754023556 169 80
333573.740335391 431 111
334914.672796129 474 84
335254.307483238 326 88
336099.493715211 471 87
336632.334388297 69 80
337263.381581069 329 87
338002.879365656 212 82
338458.535717114 471 99
339140.790269006 352 110
339338.433136010 193 91
339869.967848281 454 88
341873.035585115 360 84
342550.809903193 248 114
343033.946548705 152 115
343614.659939530 261 112
345723.902799108 491 102
345830.864580552 187 99
347169.564293435 380 92
347616.065421376 65 87
347645.415950549 288 117
348155.100335891 225 119
348434.566621418 328 96
348488.986561236 183 104
348959.633235068 148 99
349851.485494609 392 110
349860.878904908 332 119
352097.945180816 318 87
352101.835359795 153 87
353201.971667015 186 104
354029.873983318 368 99
354749.005932678 280 117
355183.594766767 85 118
356234.712218298 221 88
358531.730196240 410 108
358922.093765265 195 110
360687.680306342 349 97
361656.736442942 462 117
362645.629261747 125 116
363505.299426982 153 103
363668.848622632 72 98
364198.233409597 283 109
364605.420956280 145 84
364871.671112009 68 105
366209.259674577 167 120
366682.816921535 387 96
367297.654039427 442 90
367330.405001202 198 110
367851.081295540 140 112
369034.974057562 73 114
369235.794316388 507 102
369339.462962571 198 111
369763.439659714 444 119
369858.267743104 383 111
371237.976880509 440 98
371372.123543721 511 103
376083.376877134 274 116
376548.571374709 310 112
376567.336316216 239 80
376846.783981058 189 100
377444.249799181 130 119
378051.966547866 143 105
378487.309789147 217 90
380147.578506879 371 91
380993.453024899 156 88
381559.329367140 443 102
382093.599386801 121 81
383275.776716500 265 116
384451.335559006 287 105
384596.715845548 400 112
385119.306920188 192 88
385807.271144954 64 109
385814.792398591 313 100
386331.740045655 157 97
387349.825338866 71 113
387800.995583983 335 116
388982.941192527 353 115
390230.934155274 351 112
393651.042481755 270 98
393817.000503763 80 120
394025.988949569 313 88
394256.118463792 368 111
396137.459252524 210 101
396616.097788150 113 109
398704.650250570 305 99
398952.807099469 120 109
399018.460598810 368 114
399678.304987793 80 116
399798.076830113 321 102
400578.769519717 481 114
401310.169173214 88 106
401462.834181006 435 112
401842.355168832 224 118
402312.388034652 511 97
403459.771186201 102 106
405143.775900870 421 82
406749.843500476 313 108
406993.088444103 151 106
407157.577582519 207 102
407784.478008376 354 96
408222.328909258 489 118
408295.438317260 135 117
408698.519977817 374 98
409002.809720637 507 111
409338.383096691 356 86
409716.048480818 73 108
410297.474011313 448 89
412279.605800269 399 99
412947.701303014 437 120
413689.291418207 72 114
414120.296647945 185 107
415079.787877750 135 108
415425.709809052 328 111
417159.269750825 394 110
419988.715137793 409 114
420832.655879114 318 99
422154.859218156 284 112
422696.170730832 124 114
423107.105003249 139 88
426668.568614421 424 80
427999.592682547 263 104
429193.289268730 73 98
429281.950620632 354 108
429559.337319599 465 107
429929.964054751 350 92
430296.884706636 164 96
430993.640497673 355 97
431613.826143204 350 113
432110.145700005 468 108
432119.533835888 325 94
432721.522758108 423 89
433277.280937612 176 89
433288.098381057 465 84
433354.683063671 207 95
434095.022153584 483 108
434523.525772386 105 96
436025.794977633 193 99
436212.041214982 220 114
436818.488609338 352 91
438533.964120237 310 113
438982.829455165 336 107
439195.089752740 269 104
439315.468773673 214 104
439977.987014409 319 80
440643.687873637 121 100
441698.845792400 94 95
442340.578847301 430 91
443071.908847134 506 96
443463.027490460 173 116
446100.747780885 426 80
446488.879167815 176 109
447001.902082172 265 100
447830.294658619 335 108
448585.678414969 434 100
448942.487758102 117 94
449120.398319204 429 92
449589.111530590 147 119
449629.041618684 459 83
450254.067559645 469 116
450718.851443798 307 117
451582.886523183 417 84
451802.918693912 317 104
452006.892824039 187 104
452078.528982947 327 88
453124.989773549 302 107
453153.715695278 395 91
453431.597441333 340 104
453674.872471123 253 116
454614.600534582 307 118
455110.640324974 497 95
455333.279166823 472 82
455848.674874206 175 98
456475.693190399 64 80
457108.466571840 235 86
457367.097067906 147 88
457488.416697664 317 92
457852.101931892 205 83
458081.301269403 163 81
458754.102956928 252 88
460503.121826377 206 93
460815.250562466 405 100
461093.396282182 222 82
461860.252236606 75 110
461889.373988091 214 120
462139.346709185 153 92
464901.245799126 65 94
464978.639589424 497 112
465950.424485824 490 99
466122.265410471 153 111
468772.453158508 92 98
469050.159304225 372 84
472041.107301027 207 93
472193.374883919 334 87
472875.713517728 307 110
473110.442615290 89 97
474240.147121518 212 108
474342.094419357 474 96
475096.840944007 374 119
475192.466291427 143 111
475779.435952000 266 90
476885.737733228 243 100
477572.620594539 150 100
477903.253090272 120 91
479837.784818634 439 113
481161.969344811 313 104
481967.420797286 335 91
482187.135206530 298 100
483094.604645974 455 103
483701.388390299 77 98
484324.083646273 202 90
484559.988806018 223 118
486717.770913096 416 108
488081.525519366 92 87
488498.997164687 370 83
489213.784322679 464 84
490203.602454206 113 82
491712.768007711 447 114
493418.849110511 352 98
493920.549582738 448 111
494159.009058026 496 83
494873.575841497 386 107
495316.180874429 103 111
498234.505333909 325 94
499030.512762241 268 90
499260.219437892 159 96
500721.161741908 162 116
500950.940072233 302 110
501469.303538241 454 108
502514.945631077 110 102
502688.913196768 169 83
503264.955318598 257 117
503790.731779269 162 93
504551.354326871 278 84
505258.586819422 487 120
506372.426575989 268 112
506675.778316586 510 103
506818.748349307 147 101
507069.070053319 166 108
507655.379844950 495 88
507798.733258888 246 107
508077.268679491 235 109
508945.597684999 157 118
509195.159486340 312 91
509447.181451412 403 96
509555.358846693 406 109
509802.397377852 112 94
511237.260225360 65 110
511982.039960080 177 109
512238.333481865 449 119
512323.509430437 128 94
513356.759075946 133 119
513953.662782532 71 117
514612.666207292 335 100
517196.109391898 479 86
517764.214183362 431 94
518560.801370386 254 93
519133.554039187 271 102
519210.728061546 192 119
520958.498195081 278 114
521469.171934282 208 101
521799.829246430 491 104
523231.469855672 191 119
523481.670553614 85 91
524791.804154078 350 111
525096.945686901 461 92
525155.195569981 359 87
525590.351641572 403 103
526098.244781895 503 118
527565.445036456 264 114
528822.628925404 132 101
528913.436909280 379 115
529611.745247882 394 120
530546.272045674 356 106
531357.105548093 180 109
532167.866819307 349 108
532364.763430484 152 103
533228.840443265 454 102
533337.256980157 352 97
534798.865487105 256 88
534924.143851544 505 99
536423.546847012 472 111
537124.967171246 328 93
537165.949739811 273 99
539497.347976791 413 92
539516.599550666 468 96
540675.547662246 100 96
540878.907695336 280 105
543136.330057919 441 111
543699.300008761 494 91
544203.347324062 233 119
545189.768340109 148 108
545506.190104620 222 93
547940.328845982 226 89
548298.406475070 268 83
548818.209056669 312 81
549396.528457383 189 94
550493.820217564 243 100
551320.437538491 244 92
551506.267320674 211 84
551594.012326039 302 84
552060.174038640 389 102
554235.671043805 452 97
555082.080905933 245 86
555373.948174069 385 105
557454.990533727 385 110
558469.665316838 272 99
558730.855278574 157 100
559773.871381279 383 86
560078.021223531 269 100
560183.026816694 441 93
560571.187684401 478 95
561169.307660733 319 87
561578.105856241 311 119
561910.437936939 511 117
562281.181146503 427 90
562426.178980820 183 99
562513.128336947 437 95
562603.231755063 183 85
562779.195847260 389 99
564534.763284274 329 107
564890.390738892 216 120
564957.528035618 352 99
565655.606132206 440 91
567677.608085907 231 101
568099.661521682 100 91
570042.459120255 414 84
570207.853492429 243 96
574036.104864114 356 89
575046.626577406 486 108
576366.156604535 278 115
576756.682939408 284 93
577365.314330350 304 120
578325.571368120 270 85
578362.355625037 352 106
579179.294423284 396 109
579937.036071171 422 119
580982.130196024 484 84
581756.702872288 248 112
584230.837499045 186 91
584490.040703262 296 110
584535.806943260 461 80
585245.605695976 455 100
586118.188711848 428 102
586200.712267961 181 101
586842.209339563 328 100
586924.657346377 416 94
587091.412490386 151 94
587228.088003010 222 102
590350.371145501 88 95
591064.803919346 162 110
591099.718636269 281 94
591579.389550449 394 101
591626.326179717 434 80
592504.963695117 483 113
592902.013309529 148 107
593133.581846680 488 92
597878.340274476 194 102
598271.190520279 124 92
598542.619978052 496 112
598824.683496141 320 94
598949.550065160 405 117
600421.819341203 147 110
600425.733122862 198 120
600451.993592548 473 115
601059.853263102 126 99
601576.200038528 191 84
601613.219617048 420 104
602218.869836139 77 106
602429.473239141 241 96
603545.636535169 126 119
604223.339696905 116 98
605338.674124935 122 85
606476.808379307 77 91
606666.712318132 390 90
607132.177051740 108 117
607246.000825937 393 97
609384.858574442 205 94
609567.722615146 390 118
610857.022025522 241 119
611214.647999907 489 92
613815.302769013 280 106
614767.012849704 229 107
615481.824440042 383 106
616009.279465040 461 91
617606.212376000 277 104
618354.412177306 384 82
619819.847881653 471 116
620095.784143776 235 83
620605.476414720 153 86
620898.088666996 435 118
621429.823514334 325 107
621436.547343850 419 91
621662.558392023 500 106
622169.637942813 476 98
622191.076564895 76 94
624126.086600115 465 86
624325.616201967 403 88
624404.552140526 296 91
625847.249899160 476 97
626274.654481795 279 95
626452.346892131 388 82
628207.522823641 97 117
629029.813226571 176 104
629910.827210124 252 118
630104.314932276 437 106
631097.307699221 284 81
631689.489890007 183 102
632349.633516573 394 96
632682.482688055 289 113
633325.880422289 467 108
633348.327446176 437 107
633675.062189661 148 118
634537.094968228 480 93
634631.148919643 246 98
635434.920381573 287 113
636348.310640036 396 89
636531.856496761 272 119
637792.912946288 482 113
638182.894339371 293 96
639006.580695862 153 88
640795.359197805 269 83
641108.332937044 439 109
641998.294039992 195 81
642273.256657799 357 101
642636.260096743 279 85
642755.482558544 278 84
642969.930388942 74 111
643472.649252333 215 117
643875.632348147 206 106
644106.707714291 223 90
644481.809118838 462 119
644739.773867248 277 84
646056.201372930 453 89
647580.750872053 471 88
647653.237863885 369 92
650912.423338888 262 108
651195.957213355 342 98
651324.098434476 123 109
651458.572612165 77 106
652405.724169099 284 120
652718.771410705 159 100
653202.062317388 268 110
653867.151716079 107 104
654069.764900650 440 112
654166.852296996 315 111
654269.088974113 354 90
654392.140113999 85 91
655072.251395422 479 111
655384.451086713 375 101
655652.360774555 180 93
656015.810036480 493 114
657810.532994315 206 109
657868.776049575 287 100
657916.625221177 487 116
657977.868740987 70 110
658465.482245622 501 89
659803.722275912 450 113
659824.134247411 282 96
659840.563320494 149 85
660683.443079287 329 117
662636.353363528 196 103
662999.181136495 115 92
664236.724596299 338 96
665005.109436915 382 100
665316.500732125 84 103
665761.039129464 262 105
667437.992271146 84 106
667749.564677813 153 106
668750.316586003 229 105
669094.409227213 326 81
670885.758675791 412 82
672254.471938609 282 82
672741.779924263 370 81
672805.634078260 88 101
673153.971302652 243 111
674970.538823214 245 81
675340.712835036 366 111
676625.749694800 97 87
677464.921177342 139 99
678184.027007333 427 106
679059.806717941 286 106
679714.792749050 95 105
680213.356789385 84 80
680915.246147095 355 95
681809.553881460 232 105
681902.812057723 289 87
683586.646801659 280 80
684981.035194771 360 111
685116.706448307 477 81
685793.889433443 153 85
686771.323700623 173 112
688578.705204712 232 106
690281.007601894 147 110
690660.699859225 319 117
690791.275305879 258 115
691553.450495213 173 94
691798.470817796 505 108
692175.106092393 80 81
692417.052371169 95 104
692594.520178363 311 87
692769.568983670 395 100
695030.687706804 397 89
695731.682397263 167 104
696248.585598773 499 89
696358.442831267 373 120
697378.137018394 107 108
698269.155136297 350 106
698375.856489921 276 80
701287.572380206 87 114
701813.998733345 169 119
701864.676114860 451 103
702747.873180609 301 102
703692.138554739 317 97
704617.644944918 246 109
704661.643752897 68 102
704966.167832143 175 83
705175.541539856 434 90
706092.069600884 136 81
706741.905370055 280 83
706836.239289917 358 82
710058.058354466 136 104
710250.086747494 375 85
710794.608627549 243 105
710896.045114856 339 86
711169.543694253 101 107
711380.206634411 291 120
711867.967897697 132 114
712036.773329395 124 113
712494.892981467 342 98
712541.048026109 413 101
713234.014071803 284 102
713445.360317613 193 117
713622.218706252 365 108
714359.329033302 314 113
714968.550053039 116 118
715285.601272816 419 81
715698.682755941 80 106
715765.859169945 484 120
717525.706318171 458 103
717609.506047598 320 119
718322.397661009 94 120
719210.692254376 88 104
719941.397510312 290 113
721458.868657816 217 105
721655.034518398 114 102
721701.944107242 416 119
722414.504453991 110 89
722729.216183470 258 115
722942.077670616 234 90
723037.899704742 358 112
723239.697145909 414 94
724116.034321049 476 88
724426.727615497 511 82
724496.814464565 390 91
724551.765131393 442 85
725628.923696324 132 110
726357.491177671 341 93
726581.091801869 302 85
728287.690377326 132 119
729131.542284891 327 84
729767.892800886 173 82
730576.288615867 438 93
730682.728799282 444 120
733906.429015299 340 88
734399.588796594 303 116
736097.215831300 370 102
737287.314037657 211 114
737421.376436401 395 100
737862.169897457 78 81
738317.187046621 416 88
738483.153196727 270 86
738722.043003999 441 109
738954.645205914 280 94
740640.317149931 479 104
741342.960820707 328 93
741904.080669309 131 80
742395.573234820 334 117
743126.929975868 179 85
743557.913263201 289 113
743789.366955346 139 112
743839.351221550 111 104
746604.330093195 295 95
747160.283177450 512 87
748267.859644957 307 84
748326.810360957 280 99
748663.996591948 138 120
748672.727661863 131 90
749450.972524070 87 91
749827.971537740 145 101
750302.119862039 325 94
751810.258130643 161 90
752257.160301519 124 105
754231.741595534 227 91
754832.776902446 325 85
755491.696019106 474 99
756513.497198974 171 97
756750.808461194 209 104
759839.977596954 335 109
759878.788408237 285 86
760081.612824836 164 118
760347.241987793 399 85
760577.093538473 69 117
760944.993547780 333 111
762184.039649509 294 96
762585.805639922 274 91
763632.605282216 207 117
763960.638422850 180 92
765385.391994836 113 81
765722.573055759 398 109
765833.520081310 77 116
767933.851215385 264 120
768116.204815000 163 109
768485.008173436 433 82
769227.349771614 274 92
769477.167010197 447 98
770884.702911675 154 102
772184.722511328 418 95
772310.194114876 152 85
774749.524045654 175 105
775948.903728398 300 107
776028.538112412 206 91
776615.861689897 122 96
777693.761203954 378 84
777904.575874030 449 112
779103.297251864 307 101
779344.032038831 198 83
781380.193035485 233 82
782562.368954104 428 94
782714.456637914 426 119
783319.261213861 233 118
783591.569679492 176 109
783756.428405833 480 114
783798.039017014 381 102
784039.885487825 86 108
784080.248590470 160 84
784196.012930954 82 108
784410.250593765 386 84
785251.862473408 272 107
785285.654068954 167 96
786065.520473330 323 108
786480.199568427 352 100
787642.675959024 417 88
788224.426636675 264 80
788361.459185746 397 86
788371.562281488 372 93
789104.234597068 120 86
789211.606911487 208 103
789523.983030709 253 98
790173.233190201 335 89
790386.715995681 463 81
790818.060202657 279 106
791451.480657959 481 104
791481.083751953 368 89
791681.166132864 195 88
792202.369718450 72 86
792532.981213502 447 100
793445.911804707 387 116
793736.174487779 431 106
795070.657228446 122 87
795131.076869425 321 95
795832.562788829 107 101
796570.360041959 434 92
797587.807593966 504 110
798179.593066438 266 117
798756.797938473 104 84
799538.823240336 287 104
800419.127931246 355 113
800513.299288039 191 84
800619.574167782 304 110
801384.467637952 152 120
801966.922640026 264 110
802749.397427853 161 89
802965.096808340 256 118
803107.361544511 323 108
803258.883916906 331 87
804904.367785625 481 107
806194.023600298 223 118
806727.900763512 121 87
807293.692062243 288 89
807664.835634037 455 80
808252.766626360 115 116
808944.652261825 356 117
809018.396083909 268 104
809301.144759944 345 82
809633.871219315 485 105
809837.788651234 259 119
809946.729238185 263 96
810053.457587576 482 83
810074.642429324 503 94
810236.953303709 128 120
810771.509329545 74 119
813326.476415187 366 99
815420.797934923 107 88
817045.051972534 276 119
817755.784283309 442 98
817997.619280145 297 109
818472.009569210 432 107
818610.613157413 479 80
819586.103299695 327 112
820956.795823715 133 113
820979.684651451 276 114
821224.752247500 190 111
821233.549855205 470 110
821495.121273658 255 112
821939.156804625 141 105
821995.322755602 272 107
823557.481854583 127 116
823967.081544880 271 105
827247.218062875 438 113
827248.705127829 94 88
828517.849333296 360 81
828984.637712353 170 88
829267.495731048 366 117
830103.216049990 403 106
831545.241645375 184 93
832973.823957838 415 84
833270.303759781 288 90
833572.304437574 406 111
834290.984870952 71 95
834420.693732537 483 96
834675.232640394 76 119
835537.551388827 328 97
836027.002830400 299 102
836414.647986585 220 107
836785.980121946 205 90
837266.167598738 242 99
837491.326913309 353 88
837597.258479250 482 118
838183.629508458 337 115
840463.044497153 244 119
841569.659490724 76 111
841885.912368630 385 110
842860.759242414 480 83
843951.365896984 85 87
844420.070861463 321 100
844730.806886269 332 91
844992.721129393 76 106
847069.739350010 173 102
847660.999849472 487 92
847995.508260918 87 102
850425.109847567 313 104
850700.183414475 393 101
851299.111121499 408 83
851583.956807728 487 86
854147.997777034 138 110
854274.181793500 497 104
854280.758496284 121 111
855103.681799166 321 95
855382.190910030 150 90
855886.547719595 159 83
856943.392754288 370 104
859317.791674447 327 114
859452.229545598 416 90
860374.603399903 480 81
860657.100948940 239 107
861510.575884884 71 103
862439.436580929 253 91
862858.732290821 505 104
863390.113505651 304 86
863618.876549500 208 118
863684.904908762 262 82
863830.630774232 267 85
864360.115268413 262 102
864800.671256899 111 120
865063.451021309 118 98
865323.236369782 186 113
865366.676415816 191 82
865701.479409180 503 82
866356.795089281 165 114
867333.324545708 111 80
867665.907307095 241 83
868640.364505012 435 97
868997.867240809 299 113
869691.928014283 323 106
870270.830557394 371 89
870466.399320691 74 83
870774.375342851 200 95
871559.037308514 114 108
873009.151318005 399 102
873398.689159461 92 94
873991.950715007 306 115
874745.241854512 408 89
877251.924232590 482 118
877411.811608494 70 101
877674.098988550 104 107
878247.535124121 348 92
879045.702311966 426 100
879182.638636882 339 105
880377.005954189 114 112
881202.768715336 262 101
881577.969258631 485 104
882804.228304856 409 114
882809.566705909 287 84
883965.017815133 233 100
884936.355796686 380 102
885803.453494906 356 98
886572.200399267 510 116
887114.128766514 274 120
887226.204020301 430 89
887488.116294169 426 91
889574.840856570 426 98
889707.900383109 298 91
890543.413974366 66 82
891275.900036401 418 92
891961.807056631 138 103
892401.477254405 356 103
892710.393057003 140 101
892959.868576172 399 116
894754.545909795 130 118
895427.998446635 377 86
895503.647242832 233 115
895568.732555299 70 103
896027.223626162 256 106
896221.248603485 234 84
896248.408012403 337 91
898139.883721178 235 90
898192.924166064 258 94
898909.757309771 238 114
903405.775128600 253 97
903699.239324418 441 115
904162.310006354 180 109
904251.172308502 283 89
904356.438794833 441 97
904802.259315496 310 98
904887.643412952 292 113
904956.305621394 446 114
906945.591192817 326 117
907152.152435678 474 104
908827.023992399 85 109
909064.421204166 119 112
909399.756550503 255 97
910135.380653686 239 101
910486.513093207 178 110
911342.829515229 258 117
912065.896673724 286 97
912280.362575856 133 115
912793.685009199 385 91
913304.664016031 510 95
914365.230677721 206 102
915349.488946561 249 111
915659.336851464 369 109
916091.625685177 111 101
916819.931602664 94 92
917199.889778575 313 110
917679.008240098 173 103
918697.776214291 325 97
918946.887155172 456 97
918954.013588112 85 102
919579.671908938 289 103
919727.897399568 210 95
920007.727020299 429 93
920224.266424128 254 103
920594.220128828 461 106
921810.503616002 217 109
921879.030451510 217 80
923302.634696466 87 99
923564.984458717 410 86
924534.613931533 87 120
926205.030060359 342 99
926767.458796458 93 96
927133.121296851 295 94
927539.751329149 186 112
927877.348446695 446 113
928882.041477501 142 109
928932.342315720 231 95
929764.870097746 268 104
930228.127546934 151 86
930407.285339034 179 106
931798.708323908 389 81
932999.094592302 386 112
933133.987157184 298 111
935187.680128054 173 93
935990.550977955 224 81
936757.280240120 374 80
938025.699989565 93 114
938332.350561032 377 86
939189.182671107 417 109
940376.739050631 381 117
940641.489907836 266 112
941268.539321948 224 97
941375.422606511 92 90
942253.121308522 349 81
942310.885576782 187 101
942680.558662949 424 116
943849.694446460 283 96
944659.932628002 505 81
945168.750312779 282 88
945251.825849873 382 115
946977.388768009 291 83
947175.574379912 493 108
948403.274394828 409 93
948458.772466519 336 94
948462.571051191 196 102
951306.631703593 414 109
951981.859336360 426 101
952310.625800101 379 105
952348.308256363 393 97
952646.493952879 322 84
955030.103181943 382 113
955987.632807040 366 85
956585.599805281 412 93
956728.467350831 250 81
958174.730617377 130 98
958444.822454717 260 101
959073.443913917 214 85
959611.974207770 321 106
959756.040807730 233 104
960623.453300733 348 119
960976.937125342 509 98
965869.208809880 385 85
965926.828004961 269 82
966894.624466904 188 116
969256.033431188 182 110
969505.501750240 389 111
969793.124420724 155 117
970515.157131677 363 113
970711.165361823 383 118
971337.375014052 74 99
971353.015736619 217 119
973515.599507223 196 102
974394.906859575 200 104
975017.796686376 212 102
975147.249805727 449 91
975360.356609328 421 82
975640.702024213 406 105
975695.617140235 172 106
976067.194249664 458 92
977221.801195878 270 107
977531.966316688 455 117
977790.355605969 271 98
978423.771490304 508 104
979865.187601508 506 104
980909.515222056 228 80
981889.438812777 160 96
982881.434780702 320 103
983615.268167411 148 100
983927.802002331 169 85
984654.278066145 274 98
984764.666692161 124 87
985830.855184429 455 89
986248.719649834 225 117
986884.049224162 250 88
987816.321591761 69 97
988563.400656438 277 111
988627.658437543 456 97
989305.690874140 443 111
989981.625773418 355 102
990201.824660056 119 116
990668.366782771 153 112
991333.241059006 415 83
991657.524241343 265 89
991809.634351146 95 107
992104.227361493 201 107
994376.021855486 124 84
995548.020551091 410 87
996480.965848233 225 99
997432.853717694 304 113
997530.097294503 144 100
997701.325998344 139 93
998058.186475157 275 92
999015.917548600 300 96
999190.844045750 167 100
999716.912092654 240 89
999729.179854720 110 81
999737.782179585 113 86
1001113.462372170 112 91
1001119.412222938 472 104
1001250.071593821 115 83
1001670.121575996 281 86
1002922.192749779 138 88
1003396.491695301 190 115
1003996.399901484 217 107
1004077.657287635 94 105
1004564.281671768 267 116
1005161.625071834 214 112
1005209.021333785 259 94
1006318.354842054 250 114
1006388.435002015 413 86
1006681.508851976 343 98
1007169.481030182 305 119
1007639.681039647 222 101
1008052.087511272 404 90
1008270.184651999 500 106
1008435.940319366 78 116
1008445.078588346 169 89
1008514.425485119 376 88
1009638.408637855 256 80
1011002.806753246 97 86
1011049.641599892 443 93
1011074.728069613 306 118
1011961.209729449 467 95
1012154.139866411 486 119
1012392.716319988 506 89
1013086.058449237 453 95
1013492.852737492 464 103
1014304.203784634 462 111
1014719.665317449 213 97
1015825.149355759 511 96
1015904.261966399 504 105
1015974.787838566 356 103
1016151.312101616 288 115
1016198.392519564 483 108
1018060.403097267 106 110
1018618.204121349 102 91
1020361.533743180 439 80
1020515.889350635 505 92
1020684.895588447 435 94
1021011.307890129 244 90
1021117.199239862 67 82
1021132.250405846 134 80
1023457.127895580 345 110
1023923.945361483 190 83
1023936.789916613 457 99
1024592.947111072 334 88
1024635.124075553 162 119
1027913.419613029 283 81
1030163.605039864 124 119
1030971.694169982 468 105
1032082.658693634 194 85
1032907.970834179 493 92
1033450.179045885 449 89
1033487.535391257 249 93
1033555.374132391 382 118
1033723.506093298 502 84
1034005.931514946 131 107
1034299.354958931 172 94
1034908.570459658 93 103
1035186.035237468 393 119
1035711.963245681 508 84
1035730.619564885 77 105
1036411.835356783 210 88
1036587.442814775 402 91
1036652.505820026 311 99
1036859.226747437 472 119
1037145.291902412 409 116
1039027.436056712 342 87
1039763.855711850 133 120
1039813.781257488 119 110
1040974.984699194 229 113
1041894.472872988 317 111
1043105.095958671 436 102
1043302.121433709 281 95
1044669.347221719 165 80
1044939.537895302 96 95
1046357.110449659 120 98
1047182.392934235 82 104
1047413.258779774 509 102
1048212.359412360 447 89
1048414.088634312 372 113
1049002.484105243 218 81
1050272.818845267 104 104
1050745.533014354 214 113
1050846.712285400 402 89
1051040.747050301 301 111
1051339.551225064 314 113
1053229.076567745 365 119
1055549.999568470 77 99
1056007.558855554 321 111
1056809.603503768 360 114
1056872.868487839 164 85
1056923.110230454 168 84
1057451.594634303 111 93
1058291.820795120 325 82
1058374.275992035 90 96
1060198.711918062 119 116
1061959.594368576 217 108
1062543.491419563 203 84
1062623.396705388 465 96
1062859.399391392 241 92
1062966.630718404 466 92
1062998.679114659 475 90
1064506.327888497 150 111
1064516.801668649 474 109
1065147.494292515 512 82
1065931.718424258 155 85
1066041.797521105 101 108
1066453.257654986 70 95
1067586.779151884 274 107
1068217.728863093 512 99
1068299.398875969 175 107
1069006.016104591 472 92
1070119.002202968 308 102
1070543.768202275 316 95
1071204.047685355 102 87
1071629.583824372 127 112
1072496.982164142 293 91
1072991.415695846 140 86
1073528.188833673 125 87
1074991.496283291 289 83
1076227.671573684 352 117
1076456.670479499 465 106
1076573.525768239 115 89
1077979.990714660 399 115
1078982.983709723 94 91
1079648.698961804 452 107
1080753.749381378 469 112
1080888.298207630 386 113
1080900.639582693 224 117
1081441.731174723 141 87
1082314.634073421 67 105
1083415.529377738 409 90
1085003.881405947 343 117
1085545.602811663 417 87
1088300.790079571 229 107
1088903.469822794 119 83
1089359.075007545 331 98
1089437.879952877 283 118
1089567.678879495 350 104
1090249.346279323 369 112
1090271.177676783 168 84
1091206.479363191 245 83
1093120.474004911 73 110
1093163.608069930 165 99
1097006.000572796 274 110
1097996.104836039 461 111
1098287.496720617 274 82
1098905.240206603 499 107
1101176.303302990 327 85
1102407.898587287 295 95
1102478.271309743 361 97
1102538.412677273 449 92
1103221.363873026 182 115
1103377.742057346 389 85
1103849.786147366 266 106
1103868.381079550 154 93
1104068.741157361 243 114
1104836.724187762 426 106
1108027.172216587 465 120
1109930.218502811 456 85
1110259.985448671 431 89
1110371.617618007 502 112
1111903.755391171 86 110
1112245.883744322 295 101
1112614.824828985 428 115
1113599.562903529 116 105
1114110.155568332 196 103
1114568.108740264 203 110
1115628.575382042 460 100
1116106.189740275 442 83
1116544.402757739 72 86
1116748.323655781 296 103
1120820.674497356 128 119
1121738.703465240 446 119
1122209.026751913 474 111
1122480.748704014 428 120
1122996.238941245 390 94
1123315.349600753 85 104
1123560.733187109 109 94
1126366.733076054 420 83
1127388.571250786 467 85
1127886.842435220 440 88
1128003.821702127 79 104
1129000.725537530 441 118
1129051.815535665 248 84
1129207.635929163 174 95
1130984.801161012 87 107
1132121.235556902 375 106
1132250.384664818 429 98
1132303.138486783 286 80
1132545.850759509 473 104
1132832.199543367 459 88
1134800.229109216 488 87
1134827.354263256 124 89
1135720.567814300 85 118
1137088.880555197 262 94
1137426.422585053 362 95
1138164.508982948 339 97
1138404.348115847 341 113
1138726.554195087 125 106
1138944.708573137 345 80
1139714.916142835 197 86
1141265.418279842 458 102
1141949.698268917 262 117
1141972.614257261 184 81
1142422.503090931 475 98
1142943.530535355 419 81
1143453.843784748 319 110
1145293.475299942 146 114
1145756.550917601 107 105
1146687.878357374 324 100
1146723.921279409 309 94
1146853.029617592 439 91
1146921.494296429 296 94
1146998.087340520 106 116
1147435.384788899 292 117
1148704.337186067 326 93
1149404.239859066 90 97
1150749.238230210 201 101
1152311.674360595 335 91
1153502.503092916 170 105
1157037.734002173 253 112
1157833.004598528 327 102
1158746.595332313 79 117
1159023.444735772 66 95
1159592.814087747 293 110
1159818.717701457 377 86
1160161.403630110 235 106
1161179.742367061 275 106
1161692.933211809 146 105
1162676.585914534 313 112
1163736.253849770 411 103
1164930.574295437 150 110
1165386.355043675 219 90
1165838.460099879 247 108
1166355.422845814 303 86
1166598.408503225 131 108
1166756.283147270 185 108
1166820.866737695 510 106
1170452.140729772 234 85
1171202.908461176 359 91
1172403.248446458 399 81
1172465.326052169 254 110
1172952.693879289 432 111
1173306.342249803 147 94
1174516.951840063 88 89
1174641.855063949 180 82
1174837.784363336 268 94
1175153.420000800 156 96
1175595.629778704 236 117
1176553.258606149 168 114
1177290.651280185 412 104
1177385.622060502 309 93
1178882.021705084 414 105
1178976.363124131 281 120
1179296.564029472 312 112
1180247.079594019 391 82
1180408.566313143 281 102
1182220.180071295 73 100
1182500.233312823 230 84
1182716.776745851 322 98
1182811.815247672 369 98
1184485.735383445 294 94
1184549.279773228 425 109
1185686.745089940 424 82
1186090.239590887 303 103
1186150.179841880 456 114
1186512.487045295 73 106
1186600.697624451 336 117
1188042.514298219 173 108
1188461.285480217 105 116
1188631.232619371 481 117
1188993.408284430 419 92
1189173.702054438 174 109
1190717.369417065 364 99
1191046.674950082 249 89
1191261.766269900 253 112
1191808.558366165 102 120
1192600.394753714 425 86
1192765.682684617 312 120
1193369.001653243 140 97
1193422.328132298 268 112
1195600.895795166 322 92
1195709.038231841 131 111
1196845.427535400 215 85
1197495.417609878 182 120
1197514.927308409 300 90
1197661.833473721 310 106
1198412.038740044 274 105
1199835.520535851 283 111
1201284.033120571 153 94
1201315.523431487 343 85
1201939.113344572 363 82
1203467.623067017 89 100
1203685.039253320 225 115
1204054.395124462 154 82
1204057.842955716 406 89
1204535.010737824 308 103
1204613.028183851 268 103
1205308.287413237 343 90
1205363.183919188 101 108
1205802.275572230 177 80
1206624.787782358 339 90
1206766.334159482 409 97
1207222.374234166 101 106
1207358.426089179 308 99
1208085.899773789 168 113
1208124.289067094 478 101
1208221.026820580 228 87
1208311.243761266 410 115
1208706.138398015 170 88
1208815.165534413 406 116
1209768.053654559 496 105
1210156.748098941 149 119
1210771.074986298 117 103
1212174.366678300 232 115
1212242.649847660 425 114
1212792.833480802 451 100
1213640.199711248 457 92
1214090.296755953 135 100
1214895.876834610 423 94
1219060.037326859 182 107
1219206.825960128 451 112
1220935.913348165 259 114
1221409.175016206 507 84
1221828.556033675 131 83
1222843.073331760 174 109
1223456.266687511 507 92
1223628.122678436 247 90
1223713.412917883 477 87
1224349.983280399 120 93
1225211.700388129 147 85
1226304.992414630 141 82
1226569.146646108 442 113
1227361.216705741 254 83
1227920.493152476 435 92
1228753.804298868 385 97
1229176.059504688 483 80
1231826.454881194 193 105
1232123.450589906 191 81
1233643.073315821 374 115
1233920.816002589 179 115
1234032.620619387 233 86
1234700.869316160 306 111
1234814.650747718 512 87
1236343.173948187 224 82
1237027.068921620 401 99
1237549.791045941 96 84
1238450.828813584 320 92
1239374.073713437 183 115
1241934.654917310 398 117
1241947.145219551 214 90
1243480.449946350 352 106
1244218.226456694 494 85
1244313.023424786 413 101
1245606.417871600 97 110
1246345.826979026 288 120
1247376.486384789 211 111
1248464.296587426 242 97
1249403.166664532 477 93
1249621.474815959 322 88
1250151.391375733 162 85
1251030.192240001 195 111
1252662.358778777 464 102
1252682.066728252 143 104
1253374.818807817 218 120
1253738.678015564 450 117
1254406.686925075 490 95
1254883.480553802 158 106
1255396.979830706 90 120
1255802.258316197 164 116
1256131.875537389 317 101
1256174.860779388 385 80
1256410.589769516 374 113
1256709.348321616 112 83
1256841.491230565 372 91
1257180.966216111 68 108
1257511.907430827 384 101
1258343.559512508 254 100
1259056.237259709 348 102
1260536.556108673 241 85
1260892.198266200 112 118
1261430.983253421 159 80
1262083.382128279 115 86
1262301.126734465 349 113
1263232.283291885 279 119
1263499.912432959 328 116
1264573.801232667 244 93
1264603.696309738 329 118
1265523.613843827 160 95
1265683.663241752 481 116
1265824.509237107 149 88
1265893.068074427 248 82
1266770.549969365 187 81
1267915.975441141 397 102
1269354.193792372 87 113
1269575.969949532 194 118
1270906.502625945 323 104
1271128.933997033 404 85
1272154.885389114 293 87
1272401.733739457 280 111
1272815.096756893 259 81
1273120.036659587 267 82
1273646.419332215 119 103
1273882.254616573 298 112
1274206.147937967 167 98
1274736.812006460 342 87
1275782.974932198 285 98
1275922.900847422 130 107
1276154.794780552 424 104
1277556.028463516 464 99
1278063.946115170 326 97
1278314.356471048 111 93
1279048.023608992 82 114
1279166.124629406 287 94
1279534.070492315 451 99
1279619.373612709 267 84
1280191.405818621 503 113
1280290.139789388 468 89
1280629.263532164 160 106
1280981.322977249 494 120
1281113.818292992 139 106
1281440.127722323 235 111
1282009.960266016 159 100
1282103.280713250 127 89
1284628.901201757 361 80
1286349.352635423 79 80
1288133.525612621 227 89
1289282.745019273 413 92
1289686.099754071 155 116
1290666.310203632 364 107
1291373.951519684 178 98
1291626.889335577 110 96
1292131.118050830 88 81
1292427.583449759 164 118
1293358.048917884 273 105
