6 2.979210233 2.865845656 15.844511823 225715 31
3212.275468639 31.638222974 0.419508838 0.043350265 609.814831179 0.500000000 0.500000000
9
1 0.153870180 1.125844755 0.058959419 1.730522947 1.729062184 0.450633792
2 0.277351142 2.251689510 0.106274408 2.281697319 -1.000000000 0.594161388
4 0.499925690 4.503379020 0.191559719 3.008421625 3.005882167 0.783402756
8 0.901116519 9.006758039 -1.000000000 3.966608804 3.963260524 1.032917808
16 1.624263360 18.013516079 0.622379362 5.229980157 5.225565445 1.361903809
64 5.277247226 72.054064314 2.022116512 -1.000000000 9.084366154 2.367596961
128 9.512243008 144.108128628 3.644866883 11.987870704 11.977751544 3.121680442
1024 55.706955696 1152.865029026 21.345589868 -1.000000000 27.454738359 -1.000000000
2048 100.411839183 2305.730058051 38.475445487 36.229699251 36.199117165 9.434331281
1790
0.000000000 226 103
22.145121675 228 80
107.312986313 305 104
418.841340417 423 118
431.549252761 389 81
471.288579601 64 93
762.632962505 108 88
789.415010620 83 100
901.259663820 367 91
1168.764637236 89 115
1230.904172566 154 119
1308.936320276 415 120
1337.270431998 258 90
1485.358861306 485 118
1562.980940477 505 112
1570.134516010 390 98
1809.190267220 428 108
1826.513111865 81 95
1830.498724348 340 116
1838.548744647 160 118
1918.852039030 493 115
2113.559367049 440 105
2587.259883847 282 115
2799.083949762 395 97
2963.182168880 348 110
3185.460123080 81 114
3247.586121160 339 119
3361.762703032 186 89
3465.317014531 74 99
3561.916395766 375 90
3572.969655691 353 102
3748.855024586 298 103
3840.112742316 509 119
3892.932262404 105 80
3970.986726228 500 87
4009.703736626 179 114
4031.646849479 375 117
4080.502452553 215 102
4114.883185206 141 118
4311.636250004 303 88
4326.558733146 268 117
4428.276911053 271 104
4538.715184561 439 109
4632.234083760 337 82
4877.242152882 455 84
5124.082698912 148 86
5228.017730706 395 85
5410.822647709 508 80
5424.398625211 236 95
5491.923179716 250 115
5535.930149120 329 99
5635.795512450 97 97
5775.350921615 363 104
5793.701120000 220 108
5901.575691214 327 94
5939.441269388 179 96
6041.063633525 189 98
6109.279775949 431 92
6606.097625646 273 80
6742.836407810 68 80
6749.903178057 463 106
6757.509449473 393 81
6966.600994246 288 114
7149.928177996 512 87
7152.682683846 379 115
7253.517720449 254 113
7290.051631148 496 105
7413.696040639 151 108
7551.923104345 341 114
7726.316084955 271 120
7831.363571573 444 113
7953.744025574 77 116
7966.634762664 505 107
7975.815743243 194 99
7986.712192076 164 83
7994.615963504 361 119
8014.801071379 320 112
8036.283120984 137 82
8300.485926659 483 112
8305.375849624 457 107
8725.075741550 249 111
8729.999587648 300 119
8788.388295975 221 120
8850.615429111 237 100
9045.190669757 394 87
9063.239676310 474 83
9159.311520122 174 93
9473.609674525 168 107
9567.441348477 389 90
9645.592163459 477 111
9722.932794081 418 120
9892.249305091 340 96
9917.683793013 193 89
9934.903625245 386 114
9947.078807391 158 105
9984.110550859 75 103
10029.174345847 233 83
10358.799580390 356 87
10463.308855122 131 85
10464.523160707 342 88
10624.689776174 179 111
10707.266708558 79 94
10911.723304413 242 94
10930.990441217 476 113
10935.739545906 451 91
10965.979578394 262 80
10984.456630673 438 118
11005.759192366 392 81
11146.822254747 185 86
11169.271119987 248 80
11176.489104390 98 109
11279.290723656 182 86
11382.136963899 472 94
11491.854606027 385 113
11631.610543929 140 97
11635.090539918 173 108
11806.270198307 102 100
11928.001778852 462 103
11983.903603232 254 94
12004.840075187 329 85
13137.311350744 194 100
13784.958920920 179 100
13792.985075842 364 92
14157.887516016 144 118
14200.382576467 275 101
14213.830848092 465 94
14353.423243505 159 110
14363.614302687 490 109
14366.109346093 465 85
14370.560258712 510 103
14636.086383896 362 103
14645.938347874 378 103
14649.077253422 281 110
14698.867433716 350 109
14751.545205187 279 117
14774.712107521 195 80
14814.759755001 494 87
14877.098195134 222 104
15112.248237521 480 94
15131.594301962 412 105
15275.493521157 488 105
15288.577182940 315 108
15381.029063684 198 85
15388.209348169 114 95
15576.073430565 169 99
15952.323962609 107 88
15985.762745451 313 83
16296.304477465 128 89
16297.794276587 102 81
16336.429832969 453 112
16428.509904047 358 97
16951.477902470 295 105
16982.082209009 222 80
17029.101246864 228 93
17382.769090030 258 84
17387.413066836 436 92
17404.867694015 390 99
17527.630213559 328 97
17564.763073351 420 94
17565.282483193 270 90
17634.200257851 310 108
17844.779512564 346 118
17947.724504211 205 94
18099.671084465 142 103
18243.027612378 250 108
18253.073014178 510 108
18296.773787362 503 87
18298.325835539 197 111
18366.003211451 333 117
18461.077172142 246 103
18512.308105374 226 102
18583.459702886 258 90
18628.891262296 159 88
18869.794949426 307 102
18880.306869868 439 102
19017.701391435 391 80
19044.025362131 287 100
19325.099319698 451 85
19573.515735837 384 84
19632.228047335 325 91
19677.516684752 215 111
19707.055795289 250 118
19746.482907066 477 100
20105.400389050 415 117
20290.193045740 182 118
20334.277016022 133 109
20389.378364100 101 100
20515.466588189 126 118
20618.080629249 203 105
20787.220726171 303 119
20789.041455270 409 84
20872.784518962 280 83
20941.794094679 81 95
20975.285305175 346 120
21036.996404170 478 119
21154.863007493 492 103
21165.852364504 125 106
21221.182710079 222 110
21294.383459304 473 84
21497.043870335 402 99
21561.134315470 231 113
21637.992558614 160 95
21773.529812118 280 84
22074.774577576 146 111
22113.631748545 453 90
22195.986127604 294 114
22549.284550088 429 89
22578.408750402 221 107
22669.873970873 259 83
22735.109915826 459 99
22907.303616152 464 106
22985.458498318 323 115
23117.888689912 392 85
23210.592025107 387 87
23261.258227420 480 96
23311.329560314 194 87
23315.969251776 242 106
23323.580276597 110 84
23350.405949939 295 95
23416.811686221 311 89
23458.321069725 328 101
23513.563692398 208 120
24055.922733689 149 90
24094.147335511 418 98
24327.685728445 331 95
24419.741284424 341 100
24428.059983485 322 116
24448.471923434 126 94
24473.269693376 151 109
24499.298519771 253 89
24546.002479377 412 119
24687.007928446 317 94
24689.565257698 148 99
24743.530065124 180 106
24857.821903984 166 88
24921.503438076 164 104
25258.815152096 241 103
25347.595906368 89 109
25612.452166279 172 100
25617.203152749 197 105
25755.954650748 317 84
26428.106017559 349 93
26537.808327469 313 89
26613.462858953 358 86
26709.585031998 384 96
26759.865877792 173 103
27033.422402711 512 109
27230.719839621 247 120
27244.461754547 339 85
27339.265928531 321 98
27351.617290593 350 89
27497.631805425 385 107
27619.149719379 392 81
27952.816331274 271 95
28094.274325247 308 89
28255.055523113 248 112
28427.559525344 226 95
28568.986826583 405 89
28673.026573309 491 99
28953.320656057 153 105
29034.486124229 405 112
29202.610186921 229 105
29226.624726452 241 120
29339.352541839 69 103
29340.750660820 282 102
29730.951280083 381 93
30030.173331839 429 84
30181.966434768 308 97
30541.967396535 195 116
30589.355314841 73 91
30726.000144068 130 106
30760.876366215 463 107
30934.661773791 442 103
31265.460586091 501 84
31272.631494988 208 97
31341.534416636 378 91
31439.701002116 90 114
31559.586420701 383 95
31699.164670585 207 102
31750.572179165 510 88
31788.233311650 461 102
31799.702020571 152 98
31882.010294740 302 109
31905.151978038 436 116
32040.980282075 320 120
32079.056689204 434 96
32199.075908781 147 112
32774.616041213 417 113
32897.735486573 392 107
33001.578108937 269 118
33100.614327818 284 89
33287.359440506 170 100
33298.661626615 104 102
33304.577304758 343 117
33314.704856222 403 118
33400.395352960 451 106
33420.258594131 76 97
33634.101707828 67 120
33684.833346368 273 117
33706.742138989 136 88
33768.947946776 125 107
33814.853552867 478 85
33985.967509902 350 116
34080.437169015 106 100
34184.031259533 72 104
34259.662953465 214 80
34631.099723111 342 81
34955.038303455 291 117
35029.027875874 322 105
35285.976393172 178 118
35344.174166114 162 109
35397.802690940 450 96
35427.219915413 505 103
35440.393283665 444 99
35476.029768521 350 84
35631.430646619 409 105
35671.763830023 386 111
35763.910829558 497 93
35846.580818795 421 84
36192.628305335 288 86
36666.499941240 196 115
36841.103220539 162 82
37010.907419032 406 91
37012.608175470 89 81
37139.201540385 110 82
37246.759289272 459 107
37337.440903682 505 88
37526.210596054 420 110
37638.239622208 437 101
37684.888464924 267 94
38241.343274545 169 117
38275.804404780 396 82
38306.306374822 66 119
38532.757370873 360 114
38547.050627458 363 103
38610.496784128 508 93
38642.739555800 426 84
38992.350713490 482 103
39183.723131135 363 111
39419.761423091 64 102
39475.088698363 131 120
39949.483509468 84 119
39975.036525465 408 110
39989.764616845 206 116
40043.798614306 209 107
40160.127354159 174 90
40358.340415821 80 111
40361.864208433 105 103
40376.478963100 389 110
40701.351316155 303 106
40736.938590314 386 81
40771.378964575 359 99
41061.630765401 134 109
41135.325849884 105 89
41206.950077507 239 113
41322.190083077 82 96
41345.899665992 309 117
41356.768747969 121 114
41771.352131324 440 119
41825.535163961 124 106
41975.039324140 385 110
42056.872341380 137 117
42057.607120416 110 95
42156.499717978 157 94
42244.790605151 411 114
42380.926054561 113 94
42417.074319747 397 100
42614.011403622 276 97
43119.601985175 309 119
43162.970748442 375 113
43170.722321693 132 112
43180.677272467 118 106
43365.326032974 228 118
43377.121599332 389 86
43460.760499184 341 94
43490.964728383 185 94
43724.635546167 133 82
43763.270408644 236 103
43775.441004808 468 86
43797.696254371 240 82
43932.370204416 384 87
43951.261926474 158 90
43976.204980827 99 93
44113.727608906 230 93
44158.622159555 323 103
44223.608348995 146 96
44271.080971512 494 116
44290.489297167 343 101
44296.141337829 157 105
44431.807787844 353 94
44530.680568724 307 87
44542.727536811 426 93
44727.294807908 463 88
44736.504469183 239 97
45313.640062703 68 93
45476.619737345 205 81
45739.677480344 440 89
45749.404360199 150 116
45786.884899488 146 88
45901.365275306 194 84
45929.871835889 184 94
45939.051948681 223 85
45941.846833815 237 80
46015.036329126 154 84
46051.910041936 195 98
46297.889282970 460 104
46373.958956669 388 109
46503.176979571 180 105
46509.705954060 461 114
46530.403178458 237 83
46544.568604356 229 95
46612.127120733 305 103
46664.507642922 378 118
47133.523113470 421 98
47303.646745169 199 114
47367.908946268 149 92
47465.614157068 459 88
47529.208035260 166 90
47724.387278619 466 104
48259.801843982 241 86
48443.921230451 482 89
48465.531557785 117 98
48742.056404932 417 84
48756.956184294 308 93
48982.629408316 64 96
49104.516256789 320 110
49127.780441776 270 81
49152.177655370 344 83
49203.318798675 353 112
49256.210015904 289 120
49344.145104547 328 86
49362.568171327 420 113
49469.339695323 245 112
49498.826605083 202 80
49583.587387408 250 104
49644.187708731 122 91
49718.440763455 175 96
49949.721544991 479 92
50015.841784024 351 85
50017.920129023 297 96
50142.181512351 294 97
50347.247908330 425 110
50510.566629140 240 116
50547.096239188 140 111
50610.610433384 390 118
50694.907097908 235 102
50784.565555284 277 113
50801.092607654 149 89
50834.986497398 286 86
50883.989276113 302 89
50931.122498076 414 84
50955.085290117 103 114
50970.746719515 85 90
50974.438360532 78 80
51079.854073352 194 116
51309.111554141 295 98
51338.379929161 182 103
51370.640138056 165 85
51376.733791432 471 119
51449.134249491 221 90
51776.255169130 177 103
51833.257732465 458 101
51906.756089308 385 98
52015.393054858 383 90
52020.051659741 176 112
52150.476695775 373 100
52199.569843635 151 84
52256.076416253 352 89
52467.721756555 359 81
52669.968620044 410 117
52733.339428040 495 101
52876.263272147 177 115
52889.341378342 375 88
52911.508907129 280 88
53126.951542177 477 112
53180.677444264 254 82
53219.810257505 308 109
53253.866262897 123 116
53501.437093730 242 89
53676.605253947 453 109
53746.954138703 71 84
53851.482554732 84 118
53928.358799226 358 105
53980.177693616 242 81
53980.262260882 111 92
53983.599510665 391 80
54369.116796531 199 94
54439.490585049 139 113
54452.030864061 242 84
54650.382337966 282 93
54877.122114201 228 107
55159.825741015 509 85
55162.586890458 268 110
55312.339363139 502 88
55334.335237935 311 110
55377.465079597 143 84
55463.219605433 299 104
55644.511526597 479 102
55684.115351915 125 86
55892.842458708 286 98
56053.746142186 96 102
56128.398702472 112 99
56187.860191694 419 92
56747.689646333 204 82
56792.177107689 151 95
57110.763374483 147 115
57111.409767053 265 105
57197.369617362 105 119
57203.594462685 271 86
57268.574721993 340 113
57361.620149811 193 82
57418.748287943 252 118
57455.267526962 164 108
57737.427726482 113 116
57756.497658591 418 107
57923.180085868 112 117
58159.493058051 331 111
58421.749478293 371 93
58562.818099153 255 90
58614.721666802 142 85
58631.259580777 405 119
58747.818515423 238 101
59323.540671833 274 97
59656.902335333 508 116
59779.360719401 503 101
60274.779275443 174 83
60452.819292016 80 82
60679.680182028 367 104
60700.768344934 190 100
60914.446924128 324 111
60952.715834799 284 98
61401.125239284 197 89
61607.654667923 270 105
61726.078156044 308 83
61756.074736879 156 90
61794.059003030 282 97
61801.079138084 267 107
61963.906963039 157 93
62248.842618964 111 100
62519.223271795 96 117
62548.154264690 294 96
62625.594930878 133 95
62904.492996311 475 103
63009.334407068 471 107
63057.589483599 118 116
63070.603327397 307 88
63182.877184141 256 105
63339.721099067 504 120
63474.286455166 212 90
63498.906818426 258 107
63728.076944550 471 95
63811.559631160 186 116
64336.705137733 299 108
64471.599058569 286 80
64492.363111614 352 109
64513.936501004 146 85
64591.216276703 118 110
64599.398589925 224 118
64696.280911609 146 104
64717.577066079 245 90
65168.517145125 357 81
65331.293739554 252 99
65683.323210136 448 89
65700.170451708 309 96
66076.688297420 288 114
66079.677010134 144 92
66153.259294355 68 103
66230.753236338 380 95
66496.647627061 393 87
66501.467544702 420 104
66549.672349357 91 100
66704.035705737 201 114
66758.034743074 90 103
66841.494488177 67 83
66853.645206725 320 118
66971.411064814 455 111
67281.811709287 345 104
67292.002894126 483 119
67293.447053975 108 85
67667.828002620 164 100
67776.106283916 201 92
67965.989123159 263 106
67978.511422426 322 93
68057.587804706 475 114
68112.912215148 141 105
68139.775564242 437 98
68393.616540625 284 109
68522.341873637 212 119
68526.767421370 108 104
68765.762828847 392 86
68954.054862322 160 110
69351.637020882 495 108
69577.348322683 230 81
69595.284536514 127 84
69647.733459279 150 109
69797.713284337 297 88
70306.503752858 357 97
70404.285877727 259 115
70781.944921381 303 98
70907.724099774 336 81
70910.576514550 400 112
71151.452249212 512 117
71216.131712354 222 92
71377.255513970 351 89
71496.204161799 440 116
71532.728255964 367 109
71555.676527462 480 106
71617.366796183 383 117
71695.579168466 174 87
71731.644696033 342 112
71853.724470436 87 114
72142.401395157 468 111
72147.087347795 372 112
72313.220022742 453 108
72348.640794009 391 119
72377.565056550 130 94
72520.474389514 365 80
72651.438423316 179 97
72653.664040046 382 115
72725.310276486 350 90
72934.211709850 434 103
73088.594420705 354 106
73385.437576919 246 83
73499.866740644 100 104
73596.054303761 253 89
73597.583512347 427 120
73689.322525465 402 80
73805.859167829 500 89
73825.385365619 398 110
74116.315899769 181 81
74152.507361114 68 96
74452.855846308 279 120
74469.286010695 134 83
74630.027964975 110 113
74732.561888363 200 91
75226.870739807 466 90
75415.213734867 211 96
75440.740919082 395 80
75478.876750034 191 111
75633.494865447 293 117
75644.590666857 454 82
75816.553910284 139 115
76050.736891159 376 109
76068.574900120 355 107
76345.913600217 205 119
76371.459577479 263 91
76574.001152832 271 94
76738.725729925 490 115
76760.171067060 163 107
76787.482484828 248 87
76884.121708078 164 82
76974.134239701 153 119
77089.089320194 84 114
77121.893486633 287 113
77135.117042528 157 91
77254.985178505 436 112
77487.965650339 232 119
77553.836175514 388 86
77711.673196164 200 97
77741.783951195 247 103
77758.477592723 134 94
77809.040477949 203 102
77820.707208725 347 85
77848.055694796 118 85
77947.807793700 335 91
78025.589183709 367 93
78179.886515189 79 97
78376.862031786 255 88
78531.262342454 109 100
78823.095156771 500 84
79120.502394175 346 102
79132.442293872 176 120
79158.840772472 245 97
79208.273353846 360 101
79270.323369533 66 87
79450.306035055 419 115
79453.773066625 155 98
79521.548898537 486 99
79854.722119777 417 81
79901.987773755 417 111
79981.200012993 425 106
80022.331226732 401 98
80063.820671204 473 80
80080.272392228 154 116
80228.761447774 144 105
80554.079151729 315 81
80616.570659020 340 84
80707.807251646 210 120
80910.359463656 378 119
81200.580698940 499 90
81490.911087711 356 116
81606.458035967 138 81
81657.559206712 190 106
81868.287950609 149 90
81884.706553688 399 99
82168.418163927 244 120
82469.988776473 77 100
82491.975247620 295 94
82525.802823023 310 111
82619.126082521 467 107
82712.460225910 246 114
82879.939361525 148 80
82947.832038413 85 109
83177.353371546 81 83
83246.286687645 269 83
83288.547589988 183 119
83346.823889560 284 108
83423.748728729 109 105
83427.068466544 259 87
83522.883016553 450 80
83596.601236877 432 90
83609.388887386 167 92
83619.986075381 227 110
83638.760452770 235 112
83857.097141106 327 104
83967.315634783 334 115
84667.822307652 205 111
84778.974907823 281 100
84948.773983558 273 116
85005.103707800 189 87
85162.107651442 390 118
85166.211407195 368 88
85284.394888975 282 109
85350.638528639 265 100
85372.950768492 385 107
85380.719440228 239 109
85440.917130544 459 103
85489.775534373 107 97
85774.239552222 479 92
85780.766581676 448 119
85908.018860538 450 90
86064.711267030 218 81
86395.967269572 352 108
86476.288982678 193 98
86518.334469459 276 90
86531.874224098 141 112
86950.495609768 172 99
87173.622815386 481 117
87174.292446178 306 91
87231.079136284 140 90
87345.098794732 203 120
87404.410985662 322 116
87433.603039602 355 113
87529.407404165 346 80
87626.511528683 79 93
87627.448004356 384 114
87720.937290015 84 82
87926.682945075 157 93
88053.974231775 408 89
88082.992159595 465 114
88087.864012041 361 110
88190.201090486 196 82
88375.428986331 97 85
88668.979409213 400 91
88762.303550280 146 82
88771.579551994 502 101
88839.244700035 323 101
88957.452628620 490 98
89113.001902779 169 89
89156.279509536 188 87
89335.550780456 319 91
89458.806382515 313 103
89899.935788322 228 115
89901.774958036 475 89
90017.903286903 197 85
90099.473858961 327 114
90147.316038403 261 86
90156.935162062 472 96
90161.761093793 404 108
90200.900495846 92 102
90312.334282406 246 90
90342.133449889 94 120
90409.021360393 206 89
90422.422993064 241 115
90424.959702674 472 107
90663.636283033 378 80
90835.327237439 274 119
90937.812998277 347 95
91125.949993198 256 96
91318.074536016 197 111
91445.001149317 186 98
91660.484438983 154 92
91750.253837355 505 101
91916.577589318 245 95
92001.846607626 414 113
92152.796333186 82 107
92491.680812375 138 114
92643.874249783 345 91
92839.007310070 443 108
92875.579432988 205 118
92908.409883091 406 84
92921.879369052 174 120
92953.878597015 477 82
93445.167877707 105 90
93461.655034936 116 120
93484.824809325 450 88
93501.971257640 472 101
93503.052481078 498 99
93587.357519791 109 91
93634.993784880 338 101
93679.506952441 158 116
93801.277686463 470 120
93904.183007329 404 103
93968.613192763 147 95
93993.964494210 303 86
94000.039126810 424 82
94235.070833328 313 118
94277.442325999 75 86
94307.846782252 124 92
94308.265594159 240 103
94493.455505979 168 92
94579.799523922 442 85
94667.696170770 425 99
94797.888348593 105 103
94807.570029650 362 98
94825.410429725 216 106
94919.464055381 156 114
95006.737318269 252 99
95009.829499027 238 106
95022.115043584 474 89
95086.435672552 384 83
95251.966764086 310 83
95368.217520554 237 117
95418.253753873 270 104
95868.161879423 184 103
95876.933282131 299 115
96241.794247184 435 81
96242.084022275 382 97
96245.066151382 356 113
96572.698234514 258 99
96618.772426974 399 104
97091.368332509 69 109
97135.641426192 381 84
97286.648073394 220 108
97311.671115253 114 98
97319.661764147 408 95
97372.823775509 132 81
97493.612623756 379 113
97596.927753090 372 102
97805.891009751 95 82
97823.486542878 248 107
97835.523464503 117 94
98025.323420737 440 84
98034.879351044 295 104
98070.988063422 404 109
98112.713733220 166 115
98197.421351271 164 81
98290.804715053 285 83
98443.951104151 108 97
98659.399916195 497 118
98742.050368306 302 114
98949.553663004 286 80
99181.142087060 229 117
99227.272435202 125 87
99305.766931208 195 99
99444.354773876 485 98
99508.245455148 368 89
99644.496519953 421 114
99686.399332842 253 120
99762.922066399 299 82
99798.183753087 470 89
99978.114922201 306 102
100036.107949723 321 119
100114.374706708 478 98
100144.879281252 292 108
100422.156819541 94 86
100478.572003071 332 93
100526.031923742 331 84
100590.513495612 484 119
100599.513546839 477 89
100751.866220030 118 81
100794.359327588 507 83
100918.825993994 360 102
101272.608180638 295 108
101532.205721005 142 107
101551.115201710 440 103
101640.086852989 93 118
101675.831403657 247 88
101862.690525619 181 89
101889.191619211 257 118
102039.895660284 498 86
102243.936179333 390 105
102285.173364175 333 109
102301.875936520 459 92
102387.149643489 320 112
102476.101974594 462 85
102630.867592099 320 110
102850.025578184 296 93
102911.272995960 340 102
102917.818301433 177 115
103120.361003839 462 113
103139.168782162 156 83
103225.687854861 183 97
103259.543168692 307 95
103269.130891137 511 93
103380.708032331 483 87
103432.088955343 183 90
103599.839978496 154 120
103655.290890474 220 90
103851.168029630 323 114
103917.555538146 477 87
104149.501986538 78 112
104316.832913533 452 109
104339.600286884 349 104
104514.277937763 367 120
104671.183077021 408 116
104720.761037489 359 115
104978.543241149 219 92
105016.326751608 360 94
105149.037171472 141 108
105153.137244252 351 109
105193.488633453 448 112
105209.435290517 175 99
105261.786606845 129 114
105584.617829967 219 95
105657.657412542 258 120
105659.024935321 244 107
105727.364819380 86 87
105826.878325789 217 86
105947.314620583 471 83
106014.089785109 195 84
106401.681088899 316 109
106426.039745561 333 91
106534.957443729 299 81
106572.024856342 133 115
106580.020847387 362 114
107006.232903707 296 102
107132.444538321 424 91
107384.390039376 499 105
107424.023999741 419 98
107625.786961239 233 100
107836.062448561 447 114
107964.512443049 273 105
107980.897302653 258 109
108061.117952732 66 83
108203.752460568 82 112
108448.886843795 274 92
108483.133025331 73 112
108610.517590773 134 111
108788.651048903 385 83
108965.389673222 451 116
109277.764037620 314 107
109310.683717590 215 93
109710.974973777 487 94
109766.796185452 289 81
109802.609490223 94 89
110006.503476087 276 90
110108.437398354 406 86
110206.912497904 424 119
110403.335795156 110 117
110749.108037293 113 95
110882.941574695 64 88
111024.913098243 368 98
111409.972302936 87 103
111465.424293668 482 100
111603.474043634 123 114
111677.847793600 294 103
111814.766071354 225 115
111928.746522657 298 113
111932.489014333 443 113
112179.300354775 371 104
112212.988215915 336 117
112228.906782016 134 86
112252.801596322 136 101
112651.802334850 413 114
112871.713438517 382 108
112891.128791349 444 119
113021.875414041 354 107
113058.108215315 87 83
113094.989056511 293 81
113386.449643480 269 113
113392.634879566 494 99
113767.971888840 263 90
113809.048651506 347 114
113831.680553746 305 100
113874.513584684 512 91
113965.641402409 388 118
114048.671873026 315 112
114105.981850243 189 115
114231.436169967 469 120
114363.934039468 379 112
114420.261291494 168 83
114586.772483923 361 88
114729.459044523 112 116
114774.208915772 324 88
115243.443420579 343 110
115341.057542623 288 116
115585.693776138 251 118
115886.417721301 135 83
115905.957284482 497 87
116009.013662811 175 89
116046.541020915 312 88
116112.084276776 474 111
116247.501959677 155 87
116262.110070450 68 110
116262.192500501 275 93
116300.615933317 304 96
116324.959285340 156 119
116371.078567064 350 105
116591.591185760 317 113
116861.388993297 301 86
116865.512234755 376 100
116870.444437266 512 104
116921.957668544 189 109
117053.273979514 433 93
117256.887201646 394 95
117345.603145255 429 82
117358.423704376 134 102
117700.989123205 291 103
117711.997696489 495 80
117848.815731669 434 118
117982.596941760 498 84
118025.004880994 66 85
118556.963134456 440 95
118700.256510645 149 91
118793.844023464 258 100
118794.855940837 204 101
118827.165121546 168 81
119019.573268239 359 100
119027.546080432 248 100
119201.126434252 242 112
119396.008592886 107 93
119420.533446131 490 111
119558.480267114 229 119
119607.895603395 464 105
119691.232154011 490 83
119989.287685011 258 81
120105.763311128 448 94
120181.919249973 159 93
120584.896678277 119 98
120684.497747974 92 89
120755.598866455 224 119
120772.438208642 379 104
120804.963824740 231 84
121110.956724424 112 87
121261.032150526 285 90
121325.426271373 408 88
121378.397924097 427 86
121404.838415568 375 107
121428.291966274 461 98
121547.023279985 467 80
121558.938895939 94 104
121634.926919233 197 114
121805.344072936 292 80
121882.451786789 88 90
122037.506678354 376 99
122057.291968111 296 97
122216.066851226 194 105
122222.166601617 303 90
122397.220492146 121 94
122428.779679851 500 113
122465.773793487 268 82
122474.906974295 147 112
122493.483610970 283 89
122588.559805451 239 119
122695.866876080 88 106
122764.499494809 415 97
122944.810927524 448 101
123093.580956187 81 111
123097.089530342 391 106
123136.093679564 215 103
123201.112138030 86 114
123219.372518198 233 119
123235.933942722 166 80
123256.746320096 124 118
123264.686684208 509 83
123397.933758912 407 117
123479.281784374 318 105
123503.757978724 330 101
123596.064754547 101 98
123812.159308792 197 88
123894.030288920 489 100
124113.571549730 119 89
124188.416414178 455 88
124210.628234070 346 86
124221.163781204 144 98
124293.571635320 191 89
124317.493680598 315 114
124521.261757185 359 99
124706.302410152 436 88
124721.891658176 193 113
124739.959081507 404 120
124786.991295634 70 111
124835.292356668 457 107
124901.186215290 420 117
124945.813359004 88 99
124985.836434990 476 84
125112.863122353 125 84
125147.363901517 328 81
125187.211726610 384 86
125286.736615584 485 85
125306.369677150 326 96
125358.768252264 78 111
125359.857191326 370 95
125391.427416053 504 97
125509.504810677 353 116
125538.054415553 484 105
125541.065420387 426 120
125761.846237063 265 82
125764.187240143 332 81
125831.538092395 491 109
125893.307486163 149 119
125908.497117224 192 107
125932.613840203 130 80
126013.529798079 296 106
126047.858978212 489 98
126229.609292023 121 99
126316.810078782 181 88
126409.521967614 172 94
126419.868884344 492 118
126541.841591136 148 95
126555.111278887 226 86
126664.299111981 499 114
126854.189569330 471 90
126895.483328003 256 80
127269.985505733 201 111
127388.860326976 430 101
127667.521512784 323 112
127899.922072868 325 88
128701.646983788 192 107
128705.794022721 288 91
128754.189628695 355 106
128925.320994963 264 97
129104.529271210 108 110
129121.178269287 489 95
129125.095972930 465 82
129499.527696070 78 114
129579.791521747 254 107
129737.561338139 408 92
129777.247002801 108 96
129777.552919745 292 119
129808.813657519 291 119
129830.489243527 507 85
129835.914560268 304 108
129991.418623830 289 116
130143.747148037 405 108
130292.650312174 323 82
130310.259050587 246 120
130334.941512552 148 83
130504.545297179 254 88
130515.235100357 165 89
130555.508965728 270 93
130739.924938258 299 99
130916.237880598 421 116
130931.859628005 450 96
130986.650350552 112 96
131024.768295086 66 80
131106.717348062 322 117
131185.779004652 350 94
131289.918204614 332 98
131361.550987478 289 86
131519.536582202 97 107
131667.577713830 285 116
131744.293105212 236 120
132097.035417518 183 120
132358.982397432 491 111
132465.447212297 194 90
132551.046224983 444 115
132583.979305855 183 115
132622.751959606 480 96
132684.830102785 108 92
132876.318939455 178 88
133118.338956106 381 106
133348.685250618 460 116
133487.288742738 246 95
133570.104319186 179 81
133673.965696949 296 91
133746.184104148 66 111
133809.623391436 248 118
133822.257738242 289 80
133834.792354916 255 85
134084.443232111 158 98
134205.624794353 434 101
134269.039136412 92 118
134274.324277603 245 118
134285.181152683 463 112
134340.359474665 327 112
134363.050857824 82 106
134443.732038416 292 92
134471.142035267 139 80
134517.858072905 188 80
134818.314765768 496 83
134975.626522755 119 85
135071.731799287 111 91
135087.959948769 424 93
135313.138683772 88 91
135590.336691199 423 114
135648.677861087 154 102
135712.867928500 211 115
135734.511528032 357 103
135846.007517979 272 96
136106.624521222 478 86
136243.326744971 227 89
136361.325576592 205 96
136391.247885653 491 92
136466.393075275 88 104
136596.949640250 146 116
136670.973463620 133 83
136692.271080747 258 109
136723.782793470 480 109
136788.865840644 161 87
136855.117826152 511 95
136871.604505748 308 103
136994.970827945 289 93
137028.758276291 332 108
137102.615239043 382 80
137139.183619234 503 87
137459.804866928 76 102
137605.488151209 491 100
137607.624688038 213 98
137727.272791637 137 102
137795.492295060 439 91
137828.943503720 68 110
138043.762430099 263 109
138063.858245703 143 113
138090.471968054 247 90
138171.978565213 225 80
138180.233928134 70 110
138285.822742875 295 94
138366.893699662 160 107
138408.269534700 102 98
138498.221038827 221 91
138567.766363453 499 113
138574.313406137 316 95
138575.786276312 164 84
138701.731819023 491 83
138743.268644266 179 97
138769.162254846 439 114
138888.398357746 161 116
138924.791576065 405 94
139221.661268068 352 97
139467.740414925 420 85
139525.795693594 355 109
139914.697700326 497 93
139928.114336034 185 88
139953.455652820 284 117
140095.365763418 218 119
140147.215512279 240 103
140171.884140135 242 104
140183.785822301 184 89
140276.043254363 121 104
140318.266010603 127 89
140337.507321065 442 93
140346.811740271 364 81
140514.473689763 470 108
140660.794052971 270 90
140731.328640341 271 94
140747.608576093 503 85
140918.335082929 173 95
141041.099691865 110 83
141222.945602869 430 101
141230.947296085 418 93
141398.513783792 372 95
141655.705709324 495 99
141720.129475761 108 115
141786.638692985 174 98
141987.930337364 138 92
142029.205881560 152 88
142134.735987524 125 84
142186.102850946 259 110
142247.540523431 192 82
142256.731604496 280 83
142351.550933413 107 92
142397.927024604 443 93
142421.423224356 488 109
142463.101207717 130 98
142662.973324959 350 93
143041.667356482 226 99
143055.623406074 87 119
143184.907128039 331 107
143459.584751814 422 106
143469.687914013 254 111
143673.832711688 421 114
143707.826991716 396 97
143830.499713515 401 120
143890.239216872 90 92
144121.525355433 146 120
144353.362926487 315 108
144476.631172009 263 113
144483.075744515 202 120
144550.765742124 69 109
144673.821491528 474 103
144733.694772252 336 118
144926.852396827 79 104
144934.068033679 186 116
145060.906747967 375 95
145134.848651747 170 108
145295.084688642 443 98
145313.663129324 380 94
145320.400484766 244 90
145327.432201064 221 114
145366.157216749 156 104
145535.424960330 383 113
146104.733300064 472 112
146105.955315132 369 88
146395.665501912 133 106
146404.128975143 383 105
146443.850179377 159 109
146491.050347486 461 85
146764.857939048 315 102
146858.633889735 344 96
146955.543280254 98 99
147192.659658761 284 91
147415.491041830 493 83
147450.892138077 102 103
147458.687065094 309 105
147666.833799235 130 93
148003.810356828 238 93
148042.589717887 350 80
148154.579514310 157 84
148387.361479672 148 92
148469.493472292 260 114
148573.747608562 118 118
148575.688738466 175 81
148596.403465466 190 117
148729.500469507 99 100
149086.941935496 485 104
149321.900101272 387 85
149341.228401483 382 84
149377.591237176 174 95
149440.760762172 169 80
149481.408173966 160 116
149506.995670192 179 108
149591.488087104 303 89
149649.499452853 140 111
149774.491539801 478 83
149934.405787590 185 102
150121.121741302 416 87
150168.047902842 349 82
150251.737419158 509 113
150274.650529433 183 80
150342.905578487 221 83
150376.057221253 353 90
150519.428422673 86 98
150587.298881573 152 93
150592.303964836 401 116
150661.721145713 211 109
150939.620491409 506 95
151074.589001405 472 81
151157.346953855 242 86
151189.635206731 227 82
151261.217270550 89 110
151361.334813728 388 89
151589.523876292 322 102
151598.416109238 310 91
151791.173648645 88 111
151823.420060231 161 118
151996.332527218 321 113
152206.353752856 359 105
152207.028897835 490 90
152283.690845079 457 113
152546.703735792 246 95
152886.839763233 84 108
153169.762138982 324 82
153313.813215136 228 84
153399.469198684 243 83
153426.514232143 105 81
153453.031191280 400 91
153745.147701584 163 91
153865.910362339 468 105
154183.111919217 218 97
154302.555471132 339 113
154351.121526707 474 105
154388.346675052 231 109
154450.641550173 403 102
154600.402833998 459 83
154773.267848992 100 117
154776.987901542 106 120
154821.870700174 423 110
154909.608851400 116 108
154959.870251963 144 100
155027.290329643 511 105
155088.044298940 328 117
155271.305956390 201 100
155476.906828663 440 84
155630.633653244 191 118
155818.754523772 129 97
155850.829685855 147 100
155904.041893066 399 95
155935.219424208 89 84
156381.791460297 289 95
156735.721276944 434 90
156802.008419183 103 94
156936.365500477 102 94
157411.303025245 304 88
157571.315091617 417 89
157619.249254847 158 83
157691.152832171 395 112
157876.401990757 294 82
158036.472701323 477 82
158315.755037714 461 106
158346.549405403 473 112
158425.831607389 340 111
158445.946837339 234 94
158459.255020008 482 117
158531.509429907 234 115
158547.237637133 245 110
158749.725074357 407 80
158920.412150671 188 118
158966.674051369 242 88
159125.452865073 140 84
159460.946462337 362 117
159473.865666676 434 111
159740.571141848 182 100
159853.727402193 491 91
159887.677035048 158 88
159950.164585152 172 98
159980.483940252 105 83
160209.360810903 143 93
160232.052363272 104 87
160416.342826443 381 116
160540.983638512 459 97
160616.946224779 384 91
160755.086308148 153 89
160757.216814166 296 106
160888.715104362 64 120
160904.700511183 413 118
160920.002394579 221 107
161133.276879064 467 88
161208.720873435 451 91
161208.808152340 511 117
161415.441010013 207 117
161802.276878501 357 102
161859.824361229 355 109
161916.552952434 296 103
162062.062961974 404 80
162203.622792514 413 119
162431.208931738 198 85
162555.890234365 413 83
162558.834324174 441 107
162615.100157875 488 117
162675.679567852 322 80
162730.239841971 410 81
162868.796422357 417 108
162916.513426757 82 81
163275.616318646 496 117
163326.219860047 353 89
163343.424979742 337 109
163362.224316452 207 93
163425.157832994 192 109
163894.817148554 463 114
163940.498423576 352 107
163961.803686393 429 99
163980.216840013 203 83
164009.906478627 375 116
164103.013848197 168 101
164118.098740629 394 112
164224.623401818 198 81
164246.514307093 440 114
164275.166537660 229 89
164315.168796356 222 111
164361.931905844 443 103
164386.859220967 438 114
164389.312409743 64 87
164437.076428275 81 85
164486.103346049 281 113
164596.877522782 379 96
164622.067349727 506 93
164795.077622127 417 116
164905.161492687 383 116
165014.521840356 384 118
165099.671684541 199 96
165130.519017285 240 99
165168.624076801 395 82
165276.576698283 124 111
165374.686325660 397 92
165567.872105741 443 112
165897.306520398 274 111
165983.170829744 383 84
166104.746846459 288 110
166359.048754221 127 98
166818.766419243 207 112
166875.998414263 380 80
167076.647397801 245 98
167334.217188051 371 106
167762.311515060 92 101
168085.627448089 328 100
168253.008419302 331 96
168280.572378697 165 84
168615.773886839 106 107
168695.013121807 145 91
168715.677259550 141 85
168925.874085570 498 115
169158.124291135 267 96
169218.647774482 229 119
169451.306601607 257 116
169518.483860606 460 105
169669.652574362 435 98
169951.491567483 406 94
170036.157321057 131 90
170039.276161299 186 83
170072.433756955 484 82
170078.656123084 326 80
170103.452805281 188 110
170109.446709461 375 103
170149.971750292 420 106
170161.403934669 261 99
170270.075627004 232 91
170377.054209067 463 110
170579.412743096 410 106
170634.662758843 343 82
171096.841125218 71 110
171137.974164615 103 109
171324.889935901 402 99
171378.914692775 341 81
171531.145936067 326 109
171910.963292398 325 81
171968.746982636 153 99
172006.348581963 316 83
172054.640288190 243 82
172113.043953053 100 98
172171.348560702 372 117
172229.006127498 141 101
172268.335356101 260 108
172314.524770367 167 113
172357.707680708 64 119
172420.647545658 373 115
172591.252883486 397 106
172623.655746734 168 115
172682.933864022 352 93
172736.313533381 508 86
172805.322428765 149 100
172981.389311893 464 119
173206.219612614 207 104
173318.574057547 124 117
173446.631791186 248 113
173511.426757685 169 105
173868.211415462 81 90
173918.224183245 207 119
173943.973176683 333 112
174736.561142777 304 95
174751.777844377 352 107
174945.857208331 141 107
174958.900819720 419 96
175345.006687398 251 90
175376.945937333 210 86
175413.082139164 442 88
175941.075236934 343 89
176070.874702723 388 101
176242.178745844 98 83
176411.457643354 71 93
176539.813273407 254 88
176581.417928272 83 85
176979.200334508 290 84
177049.265890124 326 89
177060.017442542 168 96
177062.265821470 117 87
177068.516622393 258 94
177104.143224346 310 98
177105.021249542 475 109
177253.613791110 383 83
177359.769340118 345 101
177362.606023571 424 95
177918.300310863 186 89
177952.842380958 199 117
178043.484950355 286 98
178044.983954652 125 111
178162.140367922 448 93
178438.019668536 388 110
178456.912946091 348 88
178576.111642810 99 119
178586.209957516 174 89
178610.328765424 91 97
178734.450837482 102 114
178736.820890326 461 118
178775.314982516 125 113
178933.353482651 343 111
179115.484183327 349 106
179203.926352550 116 98
179216.975784165 66 117
179358.960148996 93 113
179538.572305477 112 99
179623.003459554 404 92
179686.710787403 219 119
179694.599734545 416 81
179744.699293268 426 107
179754.693243339 163 94
179809.208846218 501 80
179884.856944607 476 105
179914.261939819 367 83
179981.796041295 273 112
180153.936760838 334 87
180248.027157768 323 119
180622.360187778 154 88
180684.583954303 418 103
180706.210959870 474 119
180963.648053902 206 99
181094.335761491 203 88
181184.160614868 282 117
181479.766544545 76 110
181592.148120176 460 115
181683.584554587 156 87
181844.367823521 501 114
181874.901829408 137 102
182328.579008053 282 105
182339.796201312 137 88
182341.617626974 66 113
182457.330236004 66 81
182592.339712138 88 93
182617.032711537 352 91
182699.909187295 177 101
182719.766950254 179 112
182984.160247429 265 112
183060.992717338 352 116
183158.477915555 215 95
183212.281648972 215 98
183350.839814125 121 100
183482.519720537 199 81
183523.463785680 501 108
183555.659477521 199 118
183754.368204810 145 119
183810.700016603 499 115
183988.499370428 289 93
184148.784856930 140 101
184254.518685441 157 93
184376.892879575 236 113
184476.694408578 213 103
184477.451819666 327 120
184554.418406939 224 81
184591.838490318 506 92
184990.206201953 178 113
185309.582941422 254 111
185380.881934566 180 94
185402.756678586 165 109
185403.388530497 139 106
185491.231148672 309 87
185638.864756930 495 96
185692.981004068 460 111
185917.103184504 64 107
185943.812901285 303 85
186183.102951000 420 117
186555.477827803 230 103
186627.475743303 311 106
186630.694783111 241 88
186685.859479923 113 118
186729.319331611 111 88
186752.350667359 395 104
186752.965647331 335 85
186769.174712892 444 106
186774.079657033 79 111
186789.554339102 446 108
187004.605459556 399 87
187336.101938790 99 102
187386.807805922 285 110
187425.065555031 236 108
187434.814306755 459 80
187510.481404468 418 119
187615.727046066 304 87
187645.114172980 296 117
187664.307510176 257 87
187767.162509616 464 114
187900.352148450 424 87
187942.865709429 417 88
188002.350953242 438 100
188120.470562221 105 101
188199.426490881 347 87
188656.764244014 365 109
188730.701003495 481 87
188759.788286198 193 118
188789.751347304 455 90
188853.272398729 421 88
189004.982917225 301 119
189093.663707730 222 99
189292.177859832 505 98
189317.867708072 396 111
189339.034809959 197 112
189465.326553359 239 82
189559.142568119 166 115
189679.954200362 497 83
189949.199908726 373 80
190027.167286583 306 108
190371.051337653 308 82
190393.323581690 123 90
190564.905540816 453 112
190955.015890557 426 101
191006.462149383 106 85
191024.118629869 202 99
191074.216779731 484 117
191430.855593081 350 94
191610.123927977 302 107
191622.982112749 161 114
191751.567594921 69 99
191791.284697853 151 108
191863.831976944 306 103
191913.771207866 344 109
192118.769035691 441 97
192331.158099985 394 94
192394.122735793 281 103
192631.513066600 157 114
192694.277328461 151 97
192752.171239660 166 90
192814.366299125 448 87
192912.307062068 442 89
193034.926774316 462 104
193093.410760833 349 101
193507.188714627 352 100
193551.555830261 132 86
193804.460932068 92 92
193891.287345237 161 116
193936.005247492 497 89
194026.175706865 494 108
194238.486010258 69 88
194239.487075470 125 119
194356.134090641 473 83
194359.562273529 478 120
194522.267948607 316 118
194942.019752233 480 104
195002.230588014 382 95
195031.784260250 164 115
195055.226557827 420 90
195117.725621970 288 106
195148.709550526 232 120
195171.924008116 355 91
195305.225529915 398 80
195541.574124768 454 119
195629.168054792 322 109
195639.902106302 326 98
195711.719900567 126 96
196065.333793816 143 83
196115.871743726 175 120
196173.881746033 212 107
196200.065106484 346 91
196204.483791633 98 90
196324.726501021 479 83
196910.106708350 345 116
197006.274388580 301 82
197055.818528243 203 108
197064.916336807 489 117
197132.828226032 456 104
197433.636952550 459 93
197464.457041448 139 95
197484.192296631 69 114
197661.731214875 407 115
197668.564229899 182 112
197676.096138457 492 106
198185.791950256 395 119
198319.973726397 507 108
198330.006744221 109 85
198413.954362842 452 80
198615.642141925 94 106
198663.590525676 224 83
198703.104189978 258 94
198754.744744015 295 106
198763.142441888 286 108
199552.466255276 286 90
199559.228340948 225 106
199608.050675046 328 96
199678.436644116 141 86
199805.196784055 275 100
200034.704899983 280 119
200176.138393667 435 97
200215.831139851 354 116
200386.095273054 226 119
200462.387930781 450 111
200479.001678545 332 100
200586.284994220 320 98
200615.985778969 183 109
200944.738413343 481 99
200947.935330383 345 87
201024.036392711 94 84
201149.918360716 222 97
201251.788783715 401 120
201303.405215200 384 111
201318.326172282 80 96
201450.853852960 164 92
201687.441343760 368 86
201930.287806203 479 85
202113.987769588 468 92
202577.986076908 416 83
202638.584052263 204 110
202714.182012065 124 94
202826.077038579 151 115
202901.849810598 138 90
203177.045720975 396 86
203210.127496414 343 118
203452.027784641 208 90
203698.383109024 502 120
203828.284796236 162 83
203923.907827095 91 89
204104.079590250 223 92
204174.516534535 505 110
204239.372901512 64 119
204353.599918622 478 100
204686.758161328 437 114
204964.923088794 243 108
205228.734778763 152 110
205343.250487413 157 118
205667.742342900 101 108
206145.856887238 223 100
206244.784831593 77 81
