7 7.972049591 0.079704744 69.866794287 744750 20
1057.696510227 74.293061737 0.255713261 0.029120405 2529.512133877 0.500000000 0.500000000
13
1 0.023986424 0.654584378 0.102514259 1.517700291 4.146586564 1.665932832
2 0.043235552 1.309168756 0.184782047 2.209837645 6.037610416 2.425670672
4 0.077932123 2.618337513 0.333069810 3.217619740 8.791023406 3.531882017
8 0.140472723 5.236675026 0.600358641 4.684994310 12.800112495 5.142573856
16 0.253202214 10.473350052 1.082147005 6.821555516 18.637520606 7.487811240
32 0.456397225 20.946700104 1.950570978 9.932481574 27.137040747 10.902578891
64 0.822656420 41.893400207 3.515905992 14.462125241 -1.000000000 15.874629135
128 1.482838958 83.786800414 6.337423804 21.057483463 57.532227223 23.114150577
256 2.672818593 167.573600829 11.423212270 30.660611938 -1.000000000 33.655208722
512 4.817757987 335.147201657 20.590350686 44.643184739 121.971927597 49.003447924
1024 8.684013230 -1.000000000 -1.000000000 65.002418990 177.596432444 71.351151862
2048 15.652941881 1340.588806630 66.898246746 94.646349699 258.588131206 103.890380935
4096 28.214442223 2681.177613259 120.584151655 137.809202343 376.515567798 151.268913945
1642
0.000000000 396 112
308.643785845 297 120
404.456119777 154 89
557.498976206 286 94
562.179226135 75 82
864.934210810 65 86
1099.882228769 425 120
1142.526926554 448 99
1458.992844603 401 88
1638.365430081 259 91
1680.105475407 108 105
1949.560757033 430 88
1998.049413199 213 118
2268.316749000 137 84
2429.922455846 164 97
2602.258773559 338 101
2676.938101455 444 114
2788.968709839 380 111
3203.648273364 220 88
3306.203157394 93 89
3432.941480621 243 95
3829.131367630 314 118
4047.006417160 79 89
4103.133092369 269 94
4149.233822650 77 90
4331.928182506 94 80
4336.211521803 409 95
4385.344713836 208 89
4524.203881036 422 80
4719.885563095 422 100
4818.280514295 190 118
5133.675390226 364 119
5322.278854404 289 88
5483.470980633 300 99
5640.423238651 356 91
5835.102211345 276 117
5850.647353812 200 100
6144.605623586 195 95
6377.361323630 280 120
6782.211497916 147 118
6981.020534481 80 105
7262.851385487 398 109
7332.049005052 403 109
7451.911756118 478 95
7634.531045092 456 120
7656.504910119 133 105
7765.677170866 334 118
7820.429947937 293 98
7884.735062052 173 80
8390.200559745 88 98
8633.876365177 191 114
9023.787619987 65 100
9246.373553437 496 120
9318.127654973 394 106
9861.895271873 94 114
10075.463972904 157 92
10149.204696303 91 93
10172.515158517 209 83
10316.978764301 113 93
10568.635432735 184 94
10731.811435531 335 85
11115.511691978 65 111
11230.874319761 103 105
11309.714284863 501 111
11318.815644848 300 91
11574.157859856 114 114
11697.668626589 211 90
11805.374713376 81 80
11887.865286196 70 83
12056.518942318 107 95
12276.484385808 415 89
12281.112952146 345 111
12320.879135403 220 109
12422.042705975 333 112
13178.886028460 316 96
13257.259803790 195 86
13372.909991159 127 91
13550.387122889 444 87
13899.460229850 224 114
14074.282784775 434 90
14111.964664480 77 120
14285.829832343 508 92
14391.115718788 313 107
14414.676035093 329 82
14498.360246850 464 82
14576.436585695 454 108
15199.609090124 340 111
15570.489350066 467 117
15795.688891488 292 99
16461.419192505 290 82
16530.424937991 98 108
16582.644962956 414 97
17528.863848680 336 112
17623.904075885 204 119
18042.385447970 497 98
18389.377174531 255 100
18608.323740920 97 120
19109.784211033 67 110
19177.857605836 388 119
19232.062458057 271 120
19392.520479639 197 93
19580.288526234 434 120
19596.678503063 244 117
19640.340453640 332 118
19694.345382853 360 88
20207.855526744 192 109
20652.569321823 133 115
20688.914853866 420 83
20779.336694798 180 92
21035.686326491 201 108
21084.905226227 487 105
21133.159043152 336 107
21197.397846668 512 104
21380.303782022 166 119
21537.566180663 391 115
21585.294090829 421 98
21639.695342620 429 95
21664.285095757 149 94
22053.059293776 195 92
22085.736773267 341 108
22176.879124662 340 120
22239.052842552 385 99
22273.004689845 295 95
22300.800924987 387 110
22421.840751262 298 95
22623.248067345 231 80
22671.964054512 114 103
22987.904789099 461 101
22998.411536166 243 82
23257.496091631 376 106
23374.623184645 237 117
23641.360551322 235 101
24100.191833660 211 89
24288.786307097 75 111
24377.299247083 246 111
24626.037247607 332 89
24768.211075942 150 110
24806.821209276 216 83
24808.753082258 90 100
24889.339731344 486 110
25084.216699092 406 81
25354.796015604 101 97
25365.520922119 489 84
25376.399059713 502 93
25384.596674612 499 83
25599.300852582 278 94
25792.928293824 230 109
25999.596445940 262 102
26798.458543991 336 117
27207.303941480 453 106
27412.252658474 135 80
27453.128555057 80 115
27650.990486643 245 101
27810.349941696 503 117
28185.646504194 141 95
28326.743907572 179 98
28400.661558626 142 114
28481.841947599 438 87
28743.502064472 109 102
28884.001321462 498 101
29502.715575397 295 92
29597.811969522 182 109
29599.212440611 198 82
29662.145273267 458 91
29785.489867387 489 83
29859.577651441 383 120
30025.133601800 462 114
30064.367231853 245 113
30697.193090674 343 115
30777.551317912 399 102
31018.206629171 223 97
31038.644424415 285 87
31404.130873227 73 92
31788.788540443 81 108
32054.882871028 356 115
32233.970992770 428 106
32619.449165991 369 117
32804.855003519 455 96
32839.405491682 334 95
32973.746693157 353 84
33031.551373758 229 116
33269.365428591 139 109
33320.815390922 303 117
33669.250085371 65 86
33795.931425965 118 80
33834.825699452 163 112
33860.807382250 354 86
33966.374135500 390 90
34099.011124979 152 93
34118.062561281 79 81
34143.897395842 260 100
34435.655763314 430 102
34453.514843182 343 96
34481.064233319 185 99
34554.146992702 361 111
34571.311600330 384 113
34640.849039443 240 91
34875.197485492 195 94
34933.105786738 300 99
35192.349733573 488 108
35376.246488528 293 99
35764.605245649 246 86
35852.674554143 462 95
35935.115996023 146 96
36278.366359937 256 86
36309.665150830 385 107
36449.008687217 302 83
36501.127627858 407 84
36921.388689531 180 110
37479.783428149 222 92
37654.380843934 434 106
37885.627244034 225 88
38230.499651449 161 80
38310.004415887 64 88
38385.121011100 215 100
38530.576992989 82 83
38531.520047772 284 100
38681.252306319 209 92
39225.016585489 502 95
39290.644147675 428 99
39362.518948143 99 99
39440.075878173 270 116
39634.138531316 475 83
39721.855034550 170 98
39728.552620663 363 115
39814.828553971 197 112
40007.184441245 422 118
40117.132324270 481 119
40160.984385027 290 86
40232.613724772 312 83
40325.399133415 199 87
40368.341590074 206 80
40509.794661740 329 86
40562.453615979 381 109
40733.758544053 68 103
40743.933143876 318 104
40748.560527256 102 84
41434.764697291 134 96
41605.663055265 78 116
41633.857791042 189 88
42051.309192769 472 100
42060.335186304 487 112
42186.020664411 151 112
42538.652231088 200 80
42715.543239420 430 113
42853.653554503 265 87
43402.511198371 300 92
43504.696002523 184 94
43513.493445445 379 90
43829.661774881 271 89
43997.825555080 400 86
44073.676716750 401 104
44416.894981542 426 87
44436.628174259 352 90
44588.416612227 219 116
44771.975414611 413 96
45138.957161815 366 113
45371.093977758 466 107
45454.053016816 189 104
45507.304028778 300 93
45792.513073770 238 91
45970.035958258 276 94
46530.322893581 401 86
46941.528828100 192 92
47000.135046727 452 110
47253.640653317 387 92
47419.052387715 236 104
47738.794537964 118 113
47766.848785582 188 102
47894.264608672 427 89
48086.595255704 198 117
48197.100407839 239 98
48336.395346052 301 112
48413.687761596 115 87
48677.546296587 276 106
48764.314980714 269 104
48943.341015226 192 104
49260.054133287 448 113
49298.055218125 408 92
49411.490602730 240 97
49485.109855435 469 116
49623.939539284 139 119
49636.911354129 389 111
49833.086278709 280 82
49914.333729224 143 104
50299.084379625 368 81
50325.590255865 503 82
50391.086793741 254 102
50481.783481405 163 117
50741.913040753 465 113
51030.562039618 70 86
51162.305038482 454 95
51657.243207709 343 104
51750.883852903 160 84
51869.209193722 167 100
52274.113250092 404 104
52282.200983746 330 103
52308.849718087 409 89
52523.077463220 126 81
52543.221350146 108 120
52567.156873067 176 83
52603.668980967 73 94
53004.570871358 316 86
53077.022329135 348 94
53111.253062914 202 86
53158.320948274 318 85
53237.815288505 283 110
53483.789494153 80 112
53561.008650532 378 104
53592.203439000 181 97
53600.804006415 470 116
53605.285215287 268 109
53609.408358347 496 83
53687.765289485 316 100
53745.640477722 146 106
53949.843339559 88 84
54044.820634009 269 86
54077.400755379 201 88
54150.243545921 508 94
54755.638355307 78 90
54878.091077114 379 100
55117.127424739 265 98
55453.624222617 99 115
55560.085279841 463 83
55599.955091714 386 95
55982.669739761 290 80
55987.931456061 119 91
56105.714557517 193 96
56472.357089405 414 86
56758.845484434 327 97
56933.476477324 412 95
57072.099488404 292 119
57110.848914211 465 104
57190.754190578 99 117
57241.974843661 362 101
57247.480034090 93 115
57512.641429649 490 104
57660.198853511 450 88
57729.023763195 188 115
58343.783204269 450 112
58667.154727118 218 104
58746.321451150 512 90
58813.584034416 119 110
58963.143769035 73 85
59054.851338936 258 97
59406.160808184 460 104
60568.464670276 304 118
60765.050746782 465 114
60825.540808355 278 111
60855.828173337 432 83
60872.093593042 98 97
60996.877226123 164 86
61041.568761451 449 97
61153.634631322 433 108
61265.177356979 168 104
61273.669977677 139 106
61476.419248651 461 106
61672.249471589 492 92
61728.753591064 276 85
61998.822427647 313 92
62145.575305631 370 114
62385.790420917 142 115
62455.219300531 495 119
62465.083280410 367 88
62593.444754795 254 105
62668.870411648 340 111
62862.447333621 111 96
62875.199148504 511 114
62892.042979248 255 104
63236.489443981 282 103
63548.504764840 464 85
63624.268648700 313 96
64309.772491848 293 86
64644.092504066 176 106
64650.048408765 430 83
64743.998489541 264 94
65281.169218104 325 97
65398.868368156 214 115
65724.543074265 182 86
66044.765773161 216 109
66149.505251962 294 104
66387.827993177 167 106
67053.155817112 344 118
67407.313796484 470 103
67496.926254174 85 92
67651.313977671 470 98
67663.977213013 337 82
67809.826475495 402 102
67910.094978017 238 117
68000.419483067 292 113
68189.937241245 501 103
68302.695190978 491 96
68409.323106517 436 94
68807.280548935 385 107
68899.132558216 294 112
68977.772227918 359 118
69159.171566733 294 97
69304.154743052 166 119
69497.626177413 447 120
69531.366313857 482 98
69781.648989785 201 87
69883.135907268 134 97
70037.125321030 99 108
70141.930712442 66 94
70149.976223660 102 100
70506.988545892 132 99
70956.126571646 86 114
71038.393539688 306 113
71470.792968304 70 113
71563.826523301 371 98
71624.434349728 321 84
71792.607094178 297 111
72304.671173902 488 86
72365.622755830 370 84
72636.619767319 446 91
72858.389873767 336 100
72928.387667082 331 85
73227.732021824 246 97
73233.310171810 391 102
73542.546166738 326 93
73578.343885415 434 98
73768.914867655 299 106
73825.489965448 144 86
74074.373378427 311 115
74110.081767705 364 88
74126.672820662 421 100
74522.878686010 508 85
74578.121500218 174 91
74624.483953495 472 84
74947.173726501 101 99
75194.612205532 72 107
75214.298619531 214 96
75484.597688149 488 118
75577.620970809 115 120
75948.280478172 217 120
75999.393335975 342 92
76255.647354009 227 81
76510.133158521 437 85
76762.038630276 198 104
77185.716960665 95 103
77207.380525824 346 95
77238.260500048 192 105
77264.611292710 355 97
77431.918594665 440 115
77437.442944838 364 84
77541.896293474 328 88
77561.882477574 325 93
77654.013175622 485 116
77812.518416941 143 113
77930.741985907 130 103
77966.630103227 125 119
78213.147873302 414 100
78265.341682589 436 97
78319.775123027 238 104
78338.499562836 119 108
78436.227659375 285 100
78646.378962533 220 116
78971.076635598 65 116
79206.851583990 457 119
79340.642652915 283 80
79546.860876461 319 89
79620.795565802 100 80
79646.910435534 129 84
79962.985000849 207 109
80238.002861180 228 87
80348.484033619 183 83
81028.235347417 479 88
81558.612908188 113 89
81688.692529258 385 112
81961.505185250 496 118
82081.348022032 78 118
82111.245557370 348 96
82112.215483534 376 118
82338.177738682 156 112
82488.126926807 205 101
82551.776707812 74 103
82682.961695514 439 101
82734.973160353 185 83
82778.727068426 205 114
82929.898178296 101 95
82973.107619472 484 102
83030.914417926 429 114
83205.140253534 306 90
83240.022142911 336 96
83299.092701503 230 120
83494.438178205 124 98
83767.970667508 499 117
83902.111332337 435 88
84326.517253338 499 115
84351.906046177 377 90
84566.435183796 449 91
84617.039635704 149 116
84642.916828605 259 116
84789.720580210 322 118
84929.596187686 274 109
85022.529478321 310 97
85288.932281920 325 96
85579.148512220 348 108
85702.540974660 194 87
85757.817709761 187 80
86067.089444126 456 101
86148.742485174 85 110
86248.658595588 248 111
86542.783850838 88 81
86864.134080016 186 87
86984.241074282 357 99
87134.795657436 176 109
87249.504727180 429 88
87705.246605954 288 95
87979.858333447 125 116
88003.510737837 141 116
88198.923471698 74 112
88241.432018162 373 80
88301.509419658 281 83
88395.396794922 460 87
88801.289856514 387 91
89182.879409692 139 84
89183.253712055 377 118
89390.926706613 477 85
89844.307241127 395 86
89868.400171887 292 107
90044.169141496 366 84
90123.689057138 260 105
90336.369769881 418 115
91337.517159164 76 102
91429.716430029 440 109
91878.407335758 266 81
92091.063849589 240 107
92571.978777046 240 95
92955.606371092 245 100
93125.585378597 431 90
93129.041112326 424 118
93251.435141103 265 105
93378.866644045 422 95
93460.992757300 438 102
93470.361733538 269 89
93512.770344889 208 98
93598.150705762 462 99
93616.380995309 421 93
93632.851096803 378 115
93751.182835964 499 84
93835.388026817 83 82
93929.854051966 363 93
94054.295296270 468 83
94359.580785603 433 120
94402.257719071 159 89
94685.562273215 512 109
94858.751348100 179 84
94896.832905447 417 101
95127.725013844 273 94
95155.107027309 300 118
95706.693241923 372 82
96065.859377828 203 104
96470.508238970 385 106
96801.300681988 153 96
96822.877340789 372 116
96829.825320948 160 102
97025.449726121 427 118
97257.282259304 176 92
97311.014005067 303 116
97672.047496653 91 85
97758.536124038 157 101
97858.749477038 477 86
97912.059899864 87 120
98008.265951478 345 86
98381.599289982 511 115
98399.419829557 434 111
98442.310600594 348 111
98527.797261411 216 113
98674.549557139 165 114
98978.151151229 374 92
99066.733174574 120 111
99252.759180436 249 101
99312.170565991 254 107
99346.082931429 462 117
100734.892507023 419 86
100746.043792067 424 101
101330.780549987 159 88
101587.774074675 164 110
101620.038854370 492 100
101807.497313504 217 114
101826.627205120 266 91
102008.327781503 299 98
102115.514990541 345 107
102268.838531896 214 90
102369.294616631 347 95
102820.064718951 198 113
102931.527871657 417 88
102964.542724859 427 98
103123.271308716 480 96
103258.583781906 348 87
103299.250787491 260 88
103567.021218299 424 88
103644.784242274 427 107
103967.244023940 200 89
104132.074193651 126 91
104238.211453430 415 99
104344.764900919 77 88
104660.398754017 291 104
104802.005290763 488 85
105287.692222584 103 96
105338.572080110 232 111
105693.362133494 210 100
105775.254095644 253 92
106199.046095335 207 88
106251.723081120 355 95
106299.622125876 145 94
106339.675101570 294 90
106526.942862422 199 84
106568.326519315 488 99
107347.064812167 142 88
107567.394986699 190 86
107845.839244604 218 105
108142.153328034 133 92
108350.855740145 99 93
108392.611317423 261 80
108492.011260514 170 115
108498.286575069 98 99
108964.975803632 92 82
109018.573953784 82 108
109511.812330140 396 87
109521.093387208 209 115
109618.665942193 344 117
109694.149165209 182 93
109900.062233668 405 81
110413.406961114 269 99
110474.424901738 333 119
110507.328139934 412 90
110590.443969516 200 118
110868.849989738 408 91
110886.775228175 212 92
110909.699553652 300 109
110959.948758401 383 102
111081.538097905 234 107
111232.053622966 216 100
111298.469313386 498 83
111964.731088744 421 107
112114.736553680 352 99
112139.262216393 445 94
112139.311729783 105 80
112548.495407504 403 118
112624.958042631 154 83
112681.896621438 140 115
112710.673650874 498 111
112768.001176801 480 111
112822.677484910 470 87
112829.183668728 203 116
113930.166313831 215 118
114366.377130673 461 108
114727.239612334 238 80
114767.039161676 472 116
115111.549117771 491 99
115180.253798780 462 99
115250.778070266 260 83
115292.139500729 161 111
115563.439109951 326 80
115601.436664647 336 96
115852.361324525 386 105
116101.969148666 346 93
116156.052740165 433 99
116209.961251225 316 85
116290.021820412 405 107
116532.522154050 78 91
116541.049072267 157 95
116701.669667267 201 111
117373.366722036 469 101
117670.163803097 450 96
117968.756654743 281 92
118145.743746000 308 113
118156.306276717 195 100
118402.139541212 296 110
118462.473096194 131 101
118519.952395998 340 96
118561.224767741 147 111
118799.814200991 220 119
118862.379150297 371 109
119230.658288321 479 104
119326.981469050 118 112
119375.549314558 246 80
119427.928341198 76 118
119789.939179461 191 90
119813.878477033 313 82
119828.605762913 501 108
119878.267151529 414 116
119988.084022631 394 90
120350.213044821 122 89
121003.736671158 283 102
121268.928618216 186 97
121443.365710787 85 107
121720.471422612 373 94
121781.959126269 301 95
122513.435703108 488 86
122545.581570981 312 87
122863.646842312 323 113
122946.877245507 495 91
123002.393812649 324 102
123141.534550108 418 82
123303.186279960 450 118
123639.139624025 366 86
123708.258647829 333 93
123711.908926705 307 101
123829.358398484 417 85
124227.171172881 399 117
124359.001348438 422 118
124592.720237173 503 118
125417.590861508 327 96
125857.405760047 343 100
126068.039702753 275 93
126254.338131834 333 92
126283.813362624 306 89
126294.946497654 165 116
126805.939582295 268 90
126984.251573484 493 97
127107.301313687 268 120
127526.592970067 374 115
127563.421208531 143 108
127662.189401209 493 83
127693.396836126 284 113
127895.403148582 108 113
127934.695714838 93 101
127988.272645566 377 95
128049.050434027 191 116
128266.150610520 165 92
128342.841324443 267 110
128515.988949022 381 102
128529.457433617 251 92
128771.724520110 160 113
128825.044758598 126 107
129008.627120683 449 97
129026.870735604 235 104
129051.516269647 101 84
129462.726789449 323 117
129495.068380291 270 92
129599.091760924 477 117
129649.558578786 216 95
129761.835146607 307 98
130060.099541898 461 93
130092.632205789 396 101
130437.341752885 504 94
130530.441900129 245 107
130833.379400930 311 113
131569.185872402 423 92
131660.730315896 329 113
132024.285329850 466 115
132156.203924415 292 91
132166.512452471 439 110
132755.092072606 321 94
132934.218228245 382 101
133109.998395879 328 95
133123.194691352 205 90
133212.422089962 107 96
133449.805587746 316 89
133461.077036798 235 93
134023.290576944 308 108
134037.734290868 205 108
135111.499294264 460 113
135159.294994570 399 95
135245.157526946 361 108
135509.686228923 307 101
135910.597606196 88 97
135925.236176151 250 99
136023.305224138 219 103
136087.569281368 380 96
136177.013905980 121 80
136193.932045639 397 120
136269.638900146 194 81
136725.352327069 135 83
136746.169586223 335 106
136766.243548500 506 81
137054.572254014 465 116
137288.613402297 370 91
137905.906306761 127 98
137955.738109486 201 93
137980.787853627 319 102
138062.648930431 351 88
138300.967342625 491 91
138352.459298720 431 81
138711.198404253 293 93
138720.599717280 106 110
139016.933451265 77 100
139126.564153995 475 88
139457.706206874 268 97
139800.851182517 101 116
139850.309825257 488 83
139918.309605185 75 110
139951.557558451 328 120
140046.124332652 512 104
140152.494447371 155 96
140174.079428188 418 100
140292.877420383 178 116
140344.917244202 334 93
140360.098379073 354 80
141124.923028314 189 83
141245.507128323 330 114
141282.306946720 204 90
141488.894422992 147 118
141546.020721557 116 118
141761.784101797 196 97
141776.918416022 414 87
142043.800114636 398 108
142166.020603092 155 100
142202.839257665 423 86
142418.202299730 440 115
142579.000007624 302 110
142655.773785470 113 119
142742.925579327 307 105
142751.703393202 191 101
142756.260777417 501 80
143021.124075449 136 87
143187.746454354 195 119
143254.751268511 324 93
143418.110625840 129 104
143537.583263720 300 106
143729.051324723 231 89
143995.006468249 346 89
144064.296318615 222 101
144233.214961556 464 109
144322.092371811 215 81
144382.549918060 97 115
144427.939888022 207 87
144709.732032495 369 84
144743.355099155 408 92
144882.925168157 74 97
145347.995046190 372 80
145534.653220498 504 119
145535.031578401 411 108
146042.067785558 208 81
146164.508161302 466 93
146450.042123938 358 96
146474.236298876 422 99
146782.623845197 319 95
146869.170389339 382 92
147189.990730748 275 120
147287.306531094 242 119
147526.216454247 170 111
147605.614646740 174 102
147733.892858454 491 104
147832.636148350 254 115
148124.325814961 390 112
148258.180716726 214 88
148295.008125487 180 90
148418.052586126 290 82
148698.885616760 232 87
148827.187521751 441 86
148956.860943110 503 116
149166.471711440 391 107
149674.438589199 125 93
149679.819891536 414 103
149766.418657581 240 97
149799.324123389 174 105
149880.439562309 136 104
149911.803591703 453 115
149976.162927496 508 113
150129.878155628 178 98
150132.059584657 385 118
150156.727325271 169 93
150234.047935676 480 85
150282.443249147 344 105
150320.409496022 286 83
150459.098801785 223 87
150497.975736408 220 103
150623.121999931 87 112
150861.054897741 338 94
150995.549563270 289 115
151112.655965437 417 115
151286.943380913 301 108
151461.677164595 140 103
151604.872434227 235 97
151681.595949698 142 83
151968.889717252 507 81
152115.502187147 235 108
152337.687513553 108 86
152859.903084614 67 98
152966.082217512 423 116
153497.978758663 100 87
153608.502082591 233 114
153821.813554631 187 102
153969.977291234 324 118
154008.214104242 360 108
154048.704646669 495 111
154074.515805841 193 90
154189.696908076 154 84
154210.050069010 100 106
154928.781577238 217 116
154995.688523024 498 91
155238.652491460 380 109
155359.040661574 231 110
155367.191473658 108 110
155409.861035492 139 116
155574.983109644 250 108
155658.948286731 272 92
155857.738212904 221 102
155986.883819680 115 116
155992.401575774 246 120
156152.536070974 185 99
156474.022659217 346 104
156555.374967376 397 115
156721.347190924 471 112
156941.085827464 298 104
157194.759293891 384 119
157351.744547168 229 109
157416.994197130 83 109
157438.473719178 248 81
157555.116139059 212 91
157900.858072159 127 80
157911.769667892 172 84
157925.788274228 387 99
157947.338586464 346 82
158464.635189290 236 116
158476.943578182 202 86
158718.615162809 501 90
159079.783300924 387 95
159337.381878009 196 80
159475.220142288 125 96
159731.446364556 422 89
160135.138124961 477 89
160170.168982070 395 117
160203.398958652 232 81
160286.753401296 92 103
160452.833646389 302 92
160639.802348175 109 88
161173.471827727 422 95
161526.210842573 253 118
161627.403890997 418 102
161795.282089884 417 92
161843.368669111 455 106
161921.547653648 312 103
162224.019029131 241 111
162302.205605121 65 118
162492.873557313 262 90
162501.193849563 164 109
162602.562741758 254 115
162611.433561770 485 90
162848.313042874 266 109
163228.418200010 66 97
163378.808136659 215 110
163547.510448910 466 111
163692.425529334 175 98
164055.362298997 396 115
164139.176314882 438 106
164158.026150901 132 83
164186.684385045 321 97
164245.177396138 424 109
164874.475274346 124 117
165109.666841411 242 82
165262.952224067 75 119
165488.956031268 80 83
165620.470295883 191 91
165706.092421030 462 83
165824.472987501 480 95
166173.326866069 172 120
166263.012462566 302 119
166267.773387449 164 107
166273.392643612 208 104
166297.930617787 497 91
166660.282805865 332 109
166705.071796349 165 88
166776.955839400 494 83
166876.946087278 133 103
167228.835928521 359 108
167432.810009619 267 105
167631.327192951 283 98
167702.105737376 357 101
167884.286593293 438 89
167912.533623368 484 114
168319.195888604 166 120
168364.251042219 87 117
168407.347347447 138 82
168416.154375464 208 89
168498.302702421 194 119
168582.211557226 432 101
168682.371491338 151 84
168752.952869452 309 120
169212.139460080 394 112
169274.852994730 493 95
169607.490064342 386 112
169731.305803482 351 112
170087.238290073 153 95
170334.921105860 210 116
171140.926353149 214 106
171614.542939249 188 92
171658.764254851 269 101
172091.132231144 349 120
172520.606327110 370 114
172559.603109796 416 106
172649.356647721 420 118
172769.929507334 300 90
172811.417728226 84 80
172960.086134018 411 109
173034.721041095 268 84
173127.378718418 442 100
173243.520873400 254 90
173666.466179588 124 87
173960.976426518 376 82
174333.786437743 410 99
174386.985957270 288 106
174831.937312773 297 92
175358.985836078 330 85
175698.176754144 274 96
175782.424146325 464 107
176031.297359334 185 112
176158.209590500 362 97
176291.784229870 437 86
176395.902379981 67 97
176405.129810543 355 117
176410.118642840 207 93
176690.410291918 309 103
176989.252936353 298 104
177305.673445001 232 89
177606.684817852 382 99
177746.277190540 441 95
178043.431528861 433 115
178075.284560007 425 84
178540.781943575 440 118
179003.605418108 504 112
179110.625321436 130 99
179196.488250675 462 105
179216.558261098 413 84
179244.037359929 275 81
179703.470088663 98 104
179755.069916271 374 110
179990.844061845 277 116
180200.623876131 382 99
180540.261688712 85 100
180584.025961182 410 103
180589.835588563 425 108
180642.764418109 84 108
180668.919128817 309 106
180828.579712327 430 116
180855.249979579 311 87
181009.289550363 480 110
181013.603414090 351 109
181315.966234035 248 116
181328.066294920 127 113
181346.825138742 491 84
181410.361330467 185 107
181633.716533689 429 110
181803.968060053 225 104
181819.098553116 343 106
182188.372014616 383 89
182474.842262186 171 83
182492.008490274 107 108
182536.096795569 434 104
182549.137117425 285 112
182601.509364239 429 116
182813.457940319 412 115
182934.822586016 481 104
182945.634449485 200 86
183164.098947246 321 94
183708.509642713 394 109
183715.788109382 252 84
183779.956899460 106 114
183922.793154098 432 95
184022.574357018 97 118
184533.536043798 219 113
184610.025141936 213 117
184698.138246431 290 112
184730.312494549 208 84
184791.053552466 493 100
184865.057644214 385 96
185097.593858693 228 90
185097.914068377 294 100
185314.083790631 261 92
185556.832957306 419 89
185845.117463104 441 88
186194.920520702 373 115
186534.836401529 299 110
186596.468336260 123 115
186885.564375952 358 101
186961.662383746 446 98
186993.998078882 245 104
187117.466735554 344 81
187228.096942191 254 107
187254.563238180 102 120
187315.487293880 293 114
187403.033246742 86 85
187548.797977267 369 90
187591.491271777 166 91
187703.916424486 460 111
187720.271406343 422 109
187781.170484136 408 109
187924.789196539 432 108
187945.093517859 130 85
187967.571543545 198 84
188047.748246522 102 85
188129.219209867 118 89
188387.808116300 234 111
188439.670318667 93 103
188765.098680996 209 118
188997.671162256 502 82
189038.039207135 344 106
189087.189483021 295 108
189181.899200772 243 94
189279.507581485 125 84
189280.307218007 450 114
189501.729421990 412 84
189726.237129562 373 93
189777.389356772 471 103
189778.062527439 399 103
189993.047333659 72 84
190090.112253559 402 120
190546.250157239 103 83
190704.777686602 323 116
190750.113517328 197 104
190795.718792322 210 108
190801.307724465 145 97
190898.544878648 77 100
190898.623593339 122 113
191017.953327847 501 114
191187.678591733 280 88
191433.785945040 222 84
191438.727145355 276 103
191697.279360167 233 113
191753.755434362 291 87
191839.919002237 254 116
192061.751109267 195 117
192090.213716360 320 106
192265.764762698 136 117
192949.292201985 242 105
192951.214153994 383 114
193104.533578578 376 104
193237.965427694 196 87
193507.644999910 343 107
193531.264486703 69 115
193629.262277889 452 112
193771.655225557 103 117
193837.085599769 298 80
193938.307628215 431 89
194107.282052525 248 118
194328.772267489 192 98
194498.173125845 299 94
194706.352111211 252 100
194917.447700171 129 81
195073.961087212 233 85
195142.712886447 224 80
195144.283925665 212 98
195423.369457230 97 109
195486.441130814 104 111
195733.491578389 350 103
196184.439492008 165 106
196245.756855129 128 111
196421.176297153 261 106
196424.444292681 408 83
196511.879108344 237 120
196524.017284155 188 94
196628.398595049 387 94
197473.279347421 140 106
197718.568809668 435 80
197817.353424948 352 100
198575.681773386 394 90
198594.548358370 454 105
198652.956484807 177 96
198779.054831227 402 107
198895.114431684 67 90
198945.116274577 160 100
199000.946403360 247 114
199160.525505508 287 84
199200.204432437 369 119
199215.196917671 182 112
199289.259268944 326 87
199328.800084721 493 80
199610.705718382 228 80
199783.870087462 445 86
199784.598117472 373 90
200259.794563768 445 119
200395.608233913 350 99
200450.017461407 207 117
200452.849728820 241 97
200632.626672962 342 88
200942.444348346 286 106
201037.920706087 255 83
201095.597663027 275 98
201135.675547447 394 81
201370.847918536 237 111
201561.204272846 508 118
201712.707272514 94 112
201718.150950339 290 113
201911.122651961 335 86
201927.194163990 141 96
202021.255375515 206 84
202243.980604511 310 119
202267.485207107 334 113
202670.761632164 473 106
202739.887459769 325 100
202813.022885530 319 93
203080.905429836 410 100
203540.712250778 180 108
203644.497591187 151 107
203764.025288976 413 93
204185.053534952 233 110
204231.092945865 406 115
204353.206222051 301 120
204665.278343013 442 119
205123.588496827 143 89
205425.489048855 78 120
205881.442148617 485 112
206377.266913933 161 111
206398.059041291 495 86
206488.358600300 72 80
206689.947105276 231 119
206714.320474737 175 101
206839.552196717 219 118
206951.873485558 234 93
207157.520646343 492 114
207244.537770728 473 107
207255.048182174 343 100
207462.787570032 307 85
207483.129978646 382 98
207509.949558666 412 115
207842.070475103 126 89
207877.307235310 64 120
208005.573133853 431 114
208371.652565144 86 108
208389.018546706 285 119
208861.274057707 502 84
208979.537786083 81 100
209012.018102769 168 80
209293.292963493 112 119
209358.778713699 367 91
209749.287662666 118 82
209788.626111403 193 90
210114.922009278 361 115
210415.733355733 420 105
210574.694494979 126 99
210639.443226421 222 109
210747.561465586 173 85
211250.473779695 416 113
211303.931540820 80 104
211448.458141183 295 81
211689.012171039 414 96
212028.807088019 201 105
212270.064675552 463 105
212314.333612747 264 118
212353.734021797 500 90
212602.239812897 260 92
212636.363001052 327 86
212729.303990490 81 96
212881.364987658 353 90
213288.511784155 510 89
213350.905773773 359 107
213470.841093904 181 80
213859.049818840 348 106
214000.890401907 375 102
214016.363891909 254 90
215026.099952228 473 93
216075.723037119 295 88
216147.119374102 307 119
216227.899340437 212 119
216335.017007799 124 119
216367.561911951 360 119
216468.877219933 225 95
216521.678005415 511 101
216564.810014669 223 119
216810.828681564 463 93
216894.906515985 259 102
216981.747278409 169 90
217126.582323588 321 99
217195.788372989 105 94
217740.654377121 202 83
217786.605746198 466 117
217832.232074612 267 82
218078.998101077 142 98
218166.021959867 462 107
218667.773141723 371 115
218670.229051760 236 91
219068.134062934 78 102
219090.580370599 207 85
219151.144429121 380 84
219368.338245899 264 82
219561.792811137 350 91
219638.674755071 126 107
219657.115367805 426 94
219731.541479958 448 97
219884.064343793 228 82
219922.770714410 387 105
220078.346326382 86 86
220125.476236268 416 99
220506.823563522 145 84
220817.450335000 425 113
220887.781932775 501 85
220957.206424801 108 98
221200.592009766 392 81
221631.083700512 203 86
222173.907947622 428 87
222513.880117294 278 93
222517.909124357 406 118
222700.334314727 105 88
222730.898533429 91 108
223447.333242074 310 91
223511.105031679 305 109
223557.480972978 102 92
223645.160984231 176 84
223930.762071679 159 100
224237.323928643 377 112
224490.995352969 185 90
224959.091579403 261 100
225047.608851045 368 106
225181.260442712 304 120
225215.951282397 492 113
225543.027146630 338 113
225631.295171373 489 117
225997.070876866 112 108
226278.075979706 392 104
226612.344936574 213 80
226663.287051751 465 117
226749.929859459 287 99
227209.049476009 370 87
227246.013541224 291 101
227331.095562274 496 106
227651.700266106 230 113
227943.200987935 286 113
228036.525654128 258 113
228234.956748455 224 87
228447.488434476 413 92
228553.151075483 70 103
228555.433657475 301 112
228830.431675451 413 101
229022.968378383 216 86
229359.470771865 107 120
229371.506218429 308 90
229431.943996702 267 101
229665.387483503 133 88
229736.397018171 134 82
229821.627262720 331 91
230023.269545952 337 120
230431.119116110 112 86
230497.638229456 503 88
230499.054415789 354 80
230728.859630943 207 114
230988.044042334 194 93
231191.913735178 252 116
231976.664922234 161 87
232032.992738461 507 105
232362.549313502 503 89
232491.435853493 171 118
232558.456984268 459 91
232641.128680304 170 110
232651.247748168 231 89
232771.183744514 387 86
233223.631356640 416 112
233319.781118518 378 81
233322.538986684 484 119
233613.776745778 416 111
233619.861148369 460 90
233912.653241758 475 87
233979.041426476 377 95
233993.330211566 221 88
234173.542094044 90 85
234295.930167509 440 113
234365.585969899 194 94
234424.090470042 248 110
234587.794123859 328 83
235283.104655768 197 103
235299.704188126 293 108
235567.001381799 263 100
235634.920886728 238 98
235669.885265906 202 111
236109.015992322 151 95
236120.398857987 295 105
236610.739762950 283 94
236830.891384376 400 112
236886.027125707 246 94
237180.534835188 261 89
237185.413936321 199 90
237261.216354127 67 107
237287.339320411 152 113
237319.469179974 476 100
237327.104250688 498 119
237542.466512012 130 89
237866.891391300 122 112
238224.201904524 297 111
238480.711640775 276 95
239187.125331563 433 111
239348.242454880 250 95
239421.568569269 268 87
239559.255457781 502 99
239618.440334159 229 110
239811.488124501 303 87
239873.587856719 106 112
240025.159902674 180 95
240174.523662121 177 95
240239.160349612 135 99
240439.548418829 329 106
240575.040346623 170 96
241082.746042420 133 112
241436.622937335 463 104
241613.835366030 165 96
241639.572973017 357 104
241993.472638819 78 85
242642.757786780 270 81
242743.440457099 434 92
242833.731659259 454 109
242862.430821603 145 105
243148.137188701 362 89
243243.227039555 251 103
243258.839668175 313 92
243461.940217752 245 101
243625.374378811 445 117
243849.507447743 400 114
243922.310980984 226 106
243924.941827513 490 108
243940.199883719 174 99
244348.750191736 480 80
244507.273030321 241 104
244533.902079944 473 93
244578.716999480 430 94
245011.018936784 455 81
245082.716564186 183 97
245141.367299815 400 93
245320.938221086 178 106
245489.757749630 274 120
245502.502628363 418 94
245605.029475519 179 104
245792.853383095 92 97
246323.334691303 196 117
246337.804779923 114 115
246399.862662431 409 83
246456.180858666 84 108
246987.804924904 179 93
247086.024921645 437 100
247118.266695453 331 87
247178.976569523 462 108
247431.113868045 354 93
247524.037362531 500 96
247750.111664194 127 117
247762.401971887 289 104
248768.030851552 361 90
248847.774984285 85 83
249018.872004320 350 113
249128.127527672 463 117
249903.523114323 64 84
249933.254984955 266 105
250157.504362591 171 93
250252.642080269 372 99
250495.495235551 249 80
250565.373099932 143 80
250676.523620590 181 96
250749.605329664 424 104
250872.075234846 119 114
250987.521569308 363 100
251456.723478250 335 99
251625.109427826 244 115
251805.226730208 377 82
252101.925858125 190 99
252299.706207923 201 87
252406.880569468 224 101
252419.758856422 131 85
252653.925943831 407 80
252749.899640385 350 107
252878.772420270 197 115
253272.191727532 410 108
253373.833642832 147 85
253521.904181640 429 95
253794.959016809 282 109
253806.721307964 279 91
253869.198599787 153 120
254308.803632783 196 111
254505.461761249 499 84
254564.113005897 80 117
254664.450884372 355 116
254740.632666974 94 81
254851.752896632 313 93
254911.360118191 223 80
255119.510408975 310 87
255208.843541625 509 87
255477.867277666 208 120
255908.874701849 403 103
255912.577280301 71 95
256234.262536495 343 97
256311.071754625 218 95
256423.958290394 448 115
256616.735403116 462 101
256693.367528613 102 86
256693.629157348 216 103
256942.968704555 151 116
256998.429935752 172 105
257097.470349465 92 119
257405.291790950 180 101
257487.372606953 247 101
257534.593926202 261 83
257707.658155380 444 118
258000.046568933 362 108
258092.150109757 334 118
258282.895403402 382 97
258284.155121470 304 105
258358.815709917 290 116
259045.198859342 446 97
259053.733922268 402 117
259116.794381685 77 94
259173.992536593 293 113
259221.556069234 389 114
259365.751246529 509 86
259471.802459669 462 109
259557.765537031 124 80
259767.303477279 469 83
260041.324838801 443 120
260072.630716353 224 117
260215.577790116 218 101
260702.213787155 132 80
260786.500413079 247 82
261019.001339999 173 107
261162.493953602 456 82
261414.064980929 321 117
261441.170750273 346 107
261610.903532127 129 94
261937.514865079 404 88
261946.714756435 173 97
261947.435238202 362 85
262022.548858782 67 104
262187.198111701 195 108
262304.118751625 144 91
262304.217378949 167 98
262402.467857840 133 92
262433.130310628 191 80
262494.898926385 431 116
263069.274174657 295 108
263216.132350636 76 88
263248.463380221 404 103
263276.340341003 222 106
263441.637687166 462 92
263612.688446317 67 119
263820.912319100 347 118
263941.971163770 160 111
263961.453493735 65 82
264025.017266634 486 98
264249.861103152 465 112
264310.123686427 306 110
264624.497103569 440 117
264661.795043075 199 89
264900.592182643 238 90
265128.864608438 404 88
265229.489266860 298 105
265376.122206053 351 83
265689.815007628 441 110
265738.947326469 85 85
265819.912583872 354 88
265951.559606420 345 112
266030.188973064 405 104
266100.193318791 361 90
266202.807886003 454 107
266407.460027646 401 86
266409.231471496 189 89
266425.656714106 269 86
266596.621502991 295 114
266789.374714425 326 102
266907.350673729 160 110
266916.208384086 196 98
267141.523696424 226 89
267153.480204797 346 98
267248.334506613 391 94
267506.308136476 88 103
267551.673046554 183 99
267962.552160000 79 112
267963.437188654 470 112
268011.036516207 188 113
268652.366312794 493 118
268785.626729056 459 93
268959.866118661 106 85
269325.065415876 307 95
269372.040301238 234 83
269460.920128230 149 102
269779.578604883 446 115
269859.819854620 459 105
269945.674244478 168 89
269984.109147475 327 107
270037.927311506 64 115
270084.939444594 395 87
270290.395865870 100 92
270510.936845804 415 109
271466.820706771 128 101
271557.210593974 302 89
271575.359085373 168 112
271801.487516447 229 103
272228.711511310 330 108
272648.999865846 198 105
272990.669017399 92 98
273360.601761026 221 106
273644.450274451 255 111
273746.072068760 400 80
273974.146920514 486 88
273988.566225552 409 82
274022.070052522 122 94
274102.641876268 503 120
274288.579297064 181 91
274685.782675556 234 111
274857.969589654 163 116
274979.077864011 269 108
275024.746425526 288 102
275068.445679381 333 94
275265.679116274 189 105
275304.393030841 329 83
275409.145392144 280 96
275452.125518117 242 109
275590.323862674 200 85
275704.505377943 347 96
275927.553993817 234 99
275936.659346725 303 115
276281.871635283 448 113
276370.445667857 378 83
276421.889537725 439 115
276432.203806398 348 82
276460.787500350 237 115
276790.535014354 81 90
277088.003658463 103 113
277187.019760604 383 120
277293.877776065 366 98
277415.246439048 286 80
277604.878926066 492 101
277963.202873839 366 106
278038.315982253 88 104
278161.489914960 289 98
278313.480853774 490 108
278353.834016204 408 111
278401.558689589 379 89
278550.392740238 426 106
278886.616334821 133 84
278934.584294018 303 120
279049.431790762 426 98
279074.044855850 216 103
279263.605005800 422 114
279279.595007088 164 91
279568.327286987 240 107
279676.751342195 218 81
279680.936293615 214 82
279889.572711290 235 80
280270.959385631 297 81
280399.334732664 212 119
280482.937636733 389 107
280687.692526640 168 118
280967.523275532 233 88
281160.096764893 136 100
281163.375133173 77 101
281463.616528454 276 105
281480.873480878 186 104
281487.071626609 88 100
281599.528685001 393 116
281681.653230680 403 119
281728.549874625 483 113
281752.909642385 281 112
281935.753247340 127 98
282152.212143210 384 100
282195.840639225 83 113
