4 5.000000000 10.000000000 1.000000000 125000 4
169.653000000 166.368000000 0.003578000 0.003560000 0.865000000 0.650000000 0.350000000
2
1 20.000000000 58.489000000 20.000000000 49.126000000 49.126000000 49.126000000
32 20.000000000 58.489000000 20.000000000 49.126000000 49.126000000 49.126000000
200
2189.522413470 32 8
5229.307577118 32 8
8789.323954007 32 8
15199.293486524 32 8
18222.719163930 32 8
23959.421526127 32 8
24025.503937464 32 8
25432.396309118 32 8
31878.008424585 32 8
34228.385215234 32 8
39418.203950211 32 8
39687.934713063 32 8
41109.353376673 32 8
41744.989767603 32 8
43506.797442612 32 8
45422.258413279 32 8
45451.895708709 32 8
46000.320767772 32 8
46736.228402323 32 8
52306.427595356 32 8
55564.640141331 32 8
55955.021570007 32 8
59536.554191066 32 8
59871.949686444 32 8
62029.262098834 32 8
62333.416225230 32 8
62337.404490620 32 8
66942.275322551 32 8
67469.948762089 32 8
68014.797715184 32 8
77087.332367544 32 8
81709.783160781 32 8
82476.508607225 32 8
89787.700765041 32 8
91527.290865619 32 8
94070.253354012 32 8
94584.683942371 32 8
100937.864111923 32 8
103571.928982429 32 8
111201.039260449 32 8
116234.266003010 32 8
117031.152305715 32 8
118037.285048846 32 8
118444.699673839 32 8
118798.245401553 32 8
118949.470580117 32 8
119754.601101259 32 8
121829.279850063 32 8
121836.888134005 32 8
124380.573892723 32 8
125306.300609834 32 8
126139.235020851 32 8
129970.703514926 32 8
131442.046794408 32 8
132294.046992304 32 8
133767.437166592 32 8
136505.681086614 32 8
136637.445366849 32 8
144928.269990111 32 8
144980.201240502 32 8
148090.716554173 32 8
152274.580599633 32 8
152315.514752395 32 8
155795.258801512 32 8
156819.013775404 32 8
158758.726853485 32 8
158779.201727833 32 8
158886.638428252 32 8
159334.697498814 32 8
166305.922633703 32 8
166797.159652252 32 8
169961.630252057 32 8
175920.880135115 32 8
182315.049082802 32 8
183262.873667760 32 8
184246.636998478 32 8
185916.563813307 32 8
189271.488030194 32 8
189528.210498257 32 8
192626.225698216 32 8
196208.640424671 32 8
200617.843685932 32 8
200701.629011721 32 8
207246.240418355 32 8
207460.889132000 32 8
208396.279075635 32 8
210515.043706723 32 8
216132.482531470 32 8
217065.214345255 32 8
222856.705430162 32 8
224625.329870812 32 8
225466.388245790 32 8
226321.694754343 32 8
226760.339897085 32 8
226943.141644879 32 8
227305.023411670 32 8
229928.464499839 32 8
242774.849534789 32 8
243170.380111574 32 8
243282.119165400 32 8
252980.737016535 32 8
254692.759787715 32 8
255861.749896364 32 8
256470.031167420 32 8
258493.539913307 32 8
262423.344580431 32 8
263788.787092636 32 8
265018.561009611 32 8
265147.247366478 32 8
270710.050948074 32 8
270784.741788548 32 8
272312.205950526 32 8
276404.583356722 32 8
276718.715325064 32 8
279672.168969541 32 8
286388.830217767 32 8
288623.440002422 32 8
292106.054850273 32 8
292359.200248793 32 8
293639.221550563 32 8
294002.098768173 32 8
298183.836352000 32 8
298968.028614965 32 8
300323.141745256 32 8
316632.273407908 32 8
320925.450198628 32 8
329299.673112685 32 8
330656.367741946 32 8
332159.996983911 32 8
335095.455802683 32 8
336559.449045063 32 8
337331.606491899 32 8
338492.680151735 32 8
338848.340972577 32 8
339910.739829146 32 8
349914.164981383 32 8
357130.520027663 32 8
359344.364807474 32 8
360897.502215185 32 8
361825.202928575 32 8
362034.811773645 32 8
362748.481660786 32 8
366168.533021542 32 8
370704.329953922 32 8
371710.941766796 32 8
375172.611566554 32 8
378520.494094048 32 8
381183.445045158 32 8
383632.162283797 32 8
386832.789746505 32 8
387846.815225081 32 8
390583.542611713 32 8
391323.722179384 32 8
392816.526832527 32 8
396113.617737389 32 8
398749.432398315 32 8
399530.567608092 32 8
406064.738704979 32 8
408419.709797363 32 8
410370.861672617 32 8
410397.013006385 32 8
412174.771758229 32 8
412822.717134084 32 8
415322.969510719 32 8
416718.615164118 32 8
420527.455379016 32 8
422868.019400898 32 8
426454.859160278 32 8
427414.710480801 32 8
429733.892141971 32 8
432739.510679138 32 8
436693.918264811 32 8
437661.220554409 32 8
441816.304357067 32 8
446395.251193169 32 8
449012.650219804 32 8
457397.624257354 32 8
464436.818640427 32 8
466075.959786123 32 8
467767.903207958 32 8
468175.900848970 32 8
472243.281157001 32 8
478463.746015895 32 8
479919.980342782 32 8
482559.739529672 32 8
485415.149301486 32 8
488357.660896554 32 8
488780.934216786 32 8
492184.082604012 32 8
494136.222346775 32 8
496595.238926914 32 8
497821.268275788 32 8
500015.769829531 32 8
503361.724815468 32 8
505635.967574437 32 8
508497.215624682 32 8
508560.102110907 32 8
508951.602777082 32 8
510257.634832006 32 8
512615.330811368 32 8
