4 5.000000000 20.000000000 1.000000000 125000 4
913.203000000 63.058000000 0.005255000 0.003119000 1.210000000 0.000000000 1.000000000
2
1 50.000000000 693.000000000 50.000000000 2.000000000 2.000000000 2.000000000
256 50.000000000 693.000000000 50.000000000 2.000000000 2.000000000 2.000000000
100
1368.136710422 256 10
3232.229513106 256 10
9093.527449657 256 10
10517.399744668 256 10
12128.143229923 256 10
14139.408304055 256 10
14603.238232225 256 10
16232.836311128 256 10
18491.057429013 256 10
22069.286495095 256 10
22293.878801138 256 10
23115.310707888 256 10
23331.259321913 256 10
27100.193974422 256 10
29786.463261850 256 10
29883.665326706 256 10
39035.706808530 256 10
46636.706699159 256 10
49047.509171477 256 10
51219.483426698 256 10
51608.846536175 256 10
51643.186421127 256 10
53350.786148679 256 10
53490.282336553 256 10
53969.624759106 256 10
54598.961298550 256 10
54668.358072293 256 10
56084.947463012 256 10
57404.450922861 256 10
61602.805318599 256 10
63266.241205601 256 10
65589.274587369 256 10
67163.074418992 256 10
69630.557854971 256 10
71019.326171443 256 10
71759.897722572 256 10
85519.088673708 256 10
97895.123307039 256 10
102061.811259060 256 10
104857.165795613 256 10
105717.665845192 256 10
106310.500995908 256 10
107085.568884443 256 10
107250.995576011 256 10
110553.722921431 256 10
111715.833171206 256 10
115974.923526818 256 10
117085.016073595 256 10
124289.744588088 256 10
128559.614319896 256 10
128560.852754352 256 10
129095.601340500 256 10
134573.328828756 256 10
136015.717719296 256 10
144944.980044824 256 10
146095.843751750 256 10
146268.159224127 256 10
148523.755718736 256 10
151948.526973102 256 10
152662.851445211 256 10
152870.006384207 256 10
153788.676349316 256 10
161346.156527919 256 10
164570.090430735 256 10
164855.348639923 256 10
165498.046466385 256 10
165740.068443354 256 10
165880.391727850 256 10
169503.448513173 256 10
169947.904853061 256 10
171809.535947098 256 10
173157.208841247 256 10
173637.887578545 256 10
176628.688531493 256 10
176947.618886764 256 10
179292.378900280 256 10
179573.818420279 256 10
180814.400427787 256 10
181358.218084075 256 10
182072.602887553 256 10
190110.975464756 256 10
193806.707413474 256 10
194630.566851023 256 10
199541.837707977 256 10
200079.442329318 256 10
201218.460890628 256 10
205595.999433619 256 10
207928.805737814 256 10
208169.024999115 256 10
218478.611684224 256 10
219023.519790067 256 10
219702.348343110 256 10
223068.178181872 256 10
223974.523772836 256 10
224772.991680794 256 10
224946.190204973 256 10
225160.756633688 256 10
227146.560254283 256 10
227779.105714132 256 10
229868.222216202 256 10
