4 5.000000000 10.000000000 1.000000000 125000 4
169.653000000 166.368000000 0.003578000 0.003560000 0.865000000 0.650000000 0.350000000
2
1 20.000000000 58.489000000 20.000000000 49.126000000 49.126000000 49.126000000
32 20.000000000 58.489000000 20.000000000 49.126000000 49.126000000 49.126000000
200
610.130775594 32 8
2374.244399123 32 8
3411.395733330 32 8
5490.661328866 32 8
7697.027622478 32 8
7849.187538896 32 8
7878.947233024 32 8
11958.021778593 32 8
12632.070747458 32 8
13231.521548702 32 8
25436.711806890 32 8
26863.187042245 32 8
30928.385839757 32 8
32380.819486516 32 8
34668.714380586 32 8
35035.212712263 32 8
37297.087344863 32 8
41844.060202871 32 8
43506.815819805 32 8
46541.952966121 32 8
49040.623407310 32 8
49189.188612432 32 8
52376.698496055 32 8
54384.445557651 32 8
55189.282250601 32 8
55260.008853462 32 8
59764.542677054 32 8
61201.576908936 32 8
64050.088929111 32 8
68788.168708186 32 8
71599.506777129 32 8
77301.040667661 32 8
78429.122708974 32 8
82052.679962903 32 8
83373.027639622 32 8
89530.041574188 32 8
94269.119376166 32 8
94499.321822664 32 8
94827.433770716 32 8
95376.595994173 32 8
102934.063167832 32 8
104220.472832095 32 8
106432.412499604 32 8
107236.473490394 32 8
108825.411313455 32 8
109919.988131977 32 8
110890.281482367 32 8
112865.186730765 32 8
114835.646985978 32 8
120101.529990264 32 8
122673.612011523 32 8
128610.324337385 32 8
132967.432005969 32 8
143540.414798489 32 8
146038.143005135 32 8
146437.881779279 32 8
150862.228760115 32 8
158365.261869657 32 8
163642.757050806 32 8
165532.890629691 32 8
168341.776100930 32 8
168874.193261743 32 8
172873.731547197 32 8
174787.039217766 32 8
175540.072072116 32 8
175687.268381145 32 8
180006.270709158 32 8
190302.156970113 32 8
190510.239829095 32 8
194130.265187622 32 8
195316.606126778 32 8
195683.498198602 32 8
196464.758045471 32 8
199752.550739402 32 8
204381.331908520 32 8
204482.801423682 32 8
206623.042096274 32 8
206726.274397116 32 8
209571.726819762 32 8
210474.034428360 32 8
215251.218151766 32 8
224106.586587615 32 8
225687.235590020 32 8
240298.889806427 32 8
241130.887785455 32 8
241310.706694546 32 8
243366.530778140 32 8
243438.105566865 32 8
243931.755807452 32 8
245108.498907061 32 8
247225.185308197 32 8
247606.488180083 32 8
247703.840968312 32 8
252246.287993125 32 8
253091.857571297 32 8
260244.513530789 32 8
265340.255114873 32 8
266405.497242423 32 8
267790.594185295 32 8
269438.762289978 32 8
271756.844470114 32 8
273789.717223882 32 8
275629.125037626 32 8
277802.183416143 32 8
284141.910548505 32 8
285729.863687687 32 8
286996.569286629 32 8
289856.988607055 32 8
290466.150277690 32 8
291270.406124465 32 8
299818.680101891 32 8
301471.785668662 32 8
303256.690243024 32 8
303282.561825123 32 8
304487.059370498 32 8
306434.490108120 32 8
306479.968170383 32 8
308627.591148664 32 8
310873.047004230 32 8
311012.155141408 32 8
313228.264828477 32 8
314637.796235075 32 8
317190.892533284 32 8
318166.957415027 32 8
320922.609570619 32 8
323930.000888307 32 8
323980.363191686 32 8
324120.657086447 32 8
326651.040437594 32 8
334071.355419026 32 8
334720.589509246 32 8
336088.702253186 32 8
338105.098712769 32 8
338971.029430722 32 8
339986.901368171 32 8
340828.679188294 32 8
341862.977386430 32 8
343895.690612835 32 8
344697.753918274 32 8
345760.727972545 32 8
349082.584277657 32 8
349143.853269098 32 8
351034.771131503 32 8
354017.775214209 32 8
354850.900824644 32 8
355416.035522283 32 8
359072.523091897 32 8
359684.807227652 32 8
360150.684311169 32 8
361433.403708355 32 8
364122.006904592 32 8
364363.149614580 32 8
365235.496818571 32 8
366147.218318808 32 8
370172.649920043 32 8
371468.111976654 32 8
375811.730677472 32 8
376228.122048620 32 8
377149.828699008 32 8
379508.264727371 32 8
384362.011816062 32 8
385708.713179673 32 8
386281.049828713 32 8
386570.393869942 32 8
388263.709338356 32 8
388739.026004414 32 8
392429.755052999 32 8
396522.786998214 32 8
396978.167730592 32 8
397711.303192688 32 8
401407.257426037 32 8
403713.070277016 32 8
407397.772461665 32 8
408348.684512513 32 8
408660.538303493 32 8
409435.611836641 32 8
412981.078004418 32 8
413691.246912650 32 8
414645.836169351 32 8
415856.851862838 32 8
417078.927752071 32 8
418261.692916497 32 8
423949.432337781 32 8
424330.200124076 32 8
424340.690743153 32 8
430782.782765857 32 8
435542.557953573 32 8
445277.684834823 32 8
446556.900757429 32 8
453289.837082946 32 8
459177.532453597 32 8
459741.376405752 32 8
462813.882506210 32 8
466882.340381433 32 8
469324.177211101 32 8
470967.401421408 32 8
471733.295155598 32 8
472669.802980372 32 8
473249.215068657 32 8
473407.482730349 32 8
