1 5.000000000 10.000000000 1.000000000 125000 64
913.203000000 63.058000000 0.005255000 0.003119000 1.210000000 0.000000000 1.000000000
2
1 20.000000000 773.547000000 20.000000000 31.948000000 31.948000000 31.948000000
256 20.000000000 773.547000000 20.000000000 31.948000000 31.948000000 31.948000000
120
4429.265887540 256 20
10578.559746314 256 20
17780.248571344 256 20
30747.213063638 256 20
36863.412712504 256 20
48468.400139684 256 20
48602.080694175 256 20
51448.135318175 256 20
64487.202510052 256 20
69241.866667698 256 20
79740.542974428 256 20
80286.191312791 256 20
83161.631710163 256 20
84447.484079567 256 20
88011.510000159 256 20
91886.366856657 256 20
91946.321237959 256 20
93055.750577908 256 20
94544.445355384 256 20
105812.607362186 256 20
112403.766052985 256 20
113193.483086494 256 20
120438.697917809 256 20
121117.181872745 256 20
125481.288957551 256 20
126096.573591456 256 20
126104.641601052 256 20
135420.005155645 256 20
136487.455276789 256 20
137589.650379684 256 20
155942.816349581 256 20
165293.743058238 256 20
166844.780327440 256 20
181634.861407515 256 20
185153.942574894 256 20
190298.195464858 256 20
191338.856132458 256 20
204190.939321592 256 20
209519.486590497 256 20
224952.695996728 256 20
235134.596569167 256 20
236746.647350244 256 20
238781.990496345 256 20
239606.164612794 256 20
240321.365344157 256 20
240627.284352170 256 20
242256.012667703 256 20
246452.957057560 256 20
246468.348136601 256 20
251614.064156862 256 20
253486.750978452 256 20
255171.724811367 256 20
262922.544166121 256 20
265898.978915809 256 20
267622.521634304 256 20
270603.097123215 256 20
276142.392045298 256 20
276408.942882161 256 20
293180.758716278 256 20
293285.812363795 256 20
299578.188859580 256 20
308041.882211454 256 20
308124.689423359 256 20
315163.992387013 256 20
317234.984195621 256 20
321158.901537367 256 20
321200.320918117 256 20
321417.658593817 256 20
322324.053862773 256 20
336426.403075720 256 20
337420.144612947 256 20
343821.669253030 256 20
355876.856292894 256 20
368811.857197624 256 20
370729.246613553 256 20
372719.337847767 256 20
376097.494577339 256 20
382884.294884894 256 20
383403.628262513 256 20
389670.717815851 256 20
396917.717090805 256 20
405837.257478328 256 20
406006.749913350 256 20
419246.086433624 256 20
419680.307256987 256 20
421572.542176988 256 20
425858.669528995 256 20
437222.394334334 256 20
439109.252025128 256 20
450825.073586288 256 20
454402.889394267 256 20
456104.297494410 256 20
457834.528671045 256 20
458721.880157162 256 20
459091.676575188 256 20
459823.740588376 256 20
465130.796614983 256 20
491118.224130438 256 20
491918.357566137 256 20
492144.398631701 256 20
511764.091465191 256 20
515227.405662128 256 20
517592.198997540 256 20
518822.713682999 256 20
522916.144381018 256 20
530865.891617998 256 20
533628.095787957 256 20
536115.850937817 256 20
536376.175329638 256 20
547629.376480477 256 20
547780.471344723 256 20
550870.435103699 256 20
559149.056748624 256 20
559784.525928116 256 20
565759.176563083 256 20
579346.559072578 256 20
583867.033871212 256 20
590912.144279826 256 20
591424.241471136 256 20
594013.643914509 256 20
