4 5.000000000 10.000000000 1.000000000 125000 64
913.203000000 63.058000000 0.005255000 0.003119000 1.210000000 0.000000000 1.000000000
2
1 20.000000000 773.547000000 20.000000000 31.948000000 31.948000000 31.948000000
256 20.000000000 773.547000000 20.000000000 31.948000000 31.948000000 31.948000000
120
4541.675213675 256 20
9083.350427350 256 20
13625.025641026 256 20
18166.700854701 256 20
22708.376068376 256 20
27250.051282051 256 20
31791.726495726 256 20
36333.401709402 256 20
40875.076923077 256 20
45416.752136752 256 20
49958.427350427 256 20
54500.102564103 256 20
59041.777777778 256 20
63583.452991453 256 20
68125.128205128 256 20
72666.803418803 256 20
77208.478632479 256 20
81750.153846154 256 20
86291.829059829 256 20
90833.504273504 256 20
95375.179487179 256 20
99916.854700855 256 20
104458.529914530 256 20
109000.205128205 256 20
113541.880341880 256 20
118083.555555556 256 20
122625.230769231 256 20
127166.905982906 256 20
131708.581196581 256 20
136250.256410256 256 20
140791.931623932 256 20
145333.606837607 256 20
149875.282051282 256 20
154416.957264957 256 20
158958.632478633 256 20
163500.307692308 256 20
168041.982905983 256 20
172583.658119658 256 20
177125.333333333 256 20
181667.008547009 256 20
186208.683760684 256 20
190750.358974359 256 20
195292.034188034 256 20
199833.709401710 256 20
204375.384615385 256 20
208917.059829060 256 20
213458.735042735 256 20
218000.410256410 256 20
222542.085470086 256 20
227083.760683761 256 20
231625.435897436 256 20
236167.111111111 256 20
240708.786324786 256 20
245250.461538462 256 20
249792.136752137 256 20
254333.811965812 256 20
258875.487179487 256 20
263417.162393163 256 20
267958.837606838 256 20
272500.512820513 256 20
277042.188034188 256 20
281583.863247863 256 20
286125.538461538 256 20
290667.213675214 256 20
295208.888888889 256 20
299750.564102564 256 20
304292.239316239 256 20
308833.914529914 256 20
313375.589743590 256 20
317917.264957265 256 20
322458.940170940 256 20
327000.615384615 256 20
331542.290598290 256 20
336083.965811966 256 20
340625.641025641 256 20
345167.316239316 256 20
349708.991452991 256 20
354250.666666666 256 20
358792.341880342 256 20
363334.017094017 256 20
367875.692307692 256 20
372417.367521367 256 20
376959.042735042 256 20
381500.717948717 256 20
386042.393162393 256 20
390584.068376068 256 20
395125.743589743 256 20
399667.418803418 256 20
404209.094017093 256 20
408750.769230769 256 20
413292.444444444 256 20
417834.119658119 256 20
422375.794871794 256 20
426917.470085469 256 20
431459.145299145 256 20
436000.820512820 256 20
440542.495726495 256 20
445084.170940170 256 20
449625.846153845 256 20
454167.521367521 256 20
458709.196581196 256 20
463250.871794871 256 20
467792.547008546 256 20
472334.222222221 256 20
476875.897435896 256 20
481417.572649572 256 20
485959.247863247 256 20
490500.923076922 256 20
495042.598290597 256 20
499584.273504272 256 20
504125.948717948 256 20
508667.623931623 256 20
513209.299145298 256 20
517750.974358973 256 20
522292.649572648 256 20
526834.324786324 256 20
531375.999999999 256 20
535917.675213674 256 20
540459.350427349 256 20
545001.025641025 256 20
