4 10.000000000 0.500000000 0.208945478 1000000 8
424763.586000000 126.060000000 0.000026702 0.000012221 3.354394368 0.990000000 0.010000000
4
1 2000.000000000 9000.000000000 2000.000000000 16.666666667 16.666666667 16.666666667
4 2000.000000000 9000.000000000 2000.000000000 18.333333333 18.333333333 18.333333333
64 2000.000000000 9000.000000000 2000.000000000 21.666666667 21.666666667 21.666666667
4096 2000.000000000 9000.000000000 2000.000000000 26.666666667 26.666666667 26.666666667
11
0.000000000 4096 4
23523.840000000 4096 4
47047.680000000 4096 4
70571.520000000 4096 4
94095.360000000 4096 4
117619.200000000 4096 4
141143.040000000 4096 4
164666.880000000 4096 4
188190.720000000 4096 4
211714.560000000 4096 4
235238.400000000 4096 4
