4 10.000000000 0.500000000 5.000000000 50000 8
20146.539916758 16.548000000 0.017372053 0.003089052 2.982184440 0.990000000 0.010000000
4
1 20.000000000 120.000000000 20.000000000 8.000000000 8.000000000 8.000000000
4 20.000000000 240.000000000 20.000000000 10.400000000 10.400000000 10.400000000
64 20.000000000 960.000000000 20.000000000 16.000000000 16.000000000 16.000000000
4096 20.000000000 4800.000000000 20.000000000 24.000000000 24.000000000 24.000000000
60
0.000000000 154 16
86.641047112 19 1
206.303270105 162 8
295.362535409 340 16
315.529123433 392 8
372.294659475 66 2
398.177092216 1322 1
469.529078063 1326 8
569.316680221 13 1
671.282047654 497 2
700.379846560 3780 8
731.632610175 112 2
805.581675169 1962 16
841.934088001 618 1
917.449122625 189 1
977.500992381 109 16
1044.460003993 357 16
1067.509442172 742 2
1185.139819127 502 4
1299.248601361 1776 8
1386.625883526 16 2
1440.149148324 81 16
1541.159855617 181 1
1599.251383900 1700 1
1671.151114334 31 8
1695.499461959 28 16
1725.760779863 247 2
1753.558879154 44 8
1801.213642091 68 1
1872.615439370 79 4
1920.805019107 156 8
1964.796256655 3813 8
2077.221230910 77 2
2173.865029968 31 16
2194.532455174 42 4
2232.486456184 1139 16
2256.488750313 380 4
2376.338263894 185 1
2489.088972148 1961 4
2573.030078436 33 16
2643.250253879 169 4
2689.518061575 2936 2
2754.397766505 375 1
2802.228270632 2886 16
2886.251425380 128 2
2979.652185289 206 1
3067.981677503 607 2
3143.783735102 42 2
3187.906844383 120 1
3263.900022550 394 4
3359.943451805 108 16
3389.230669735 99 2
3467.247026231 69 4
3551.053369858 88 2
3572.764571294 671 1
3672.537699355 2160 8
3746.031080796 1099 8
3845.272045967 672 2
3896.483367970 2714 16
3965.655670024 362 2
