8 2.000000000 0.050000000 40.000000000 100 8
405892.132000000 127.132000000 0.000026702 0.000012554 4.490000000 0.990000000 0.010000000
4
1 10.000000000 1126452.293987490 10.000000000 301.710708695 43.830433004 16.465155984
4 10.000000000 1126452.293987490 10.000000000 434.758814488 57.892953340 20.277112120
64 10.000000000 1126452.293987490 10.000000000 966.951237664 114.143034683 35.524936665
2048 10.000000000 1126452.293987490 10.000000000 1964.812031117 219.611937202 64.114607687
20
2010831.329313707 192 39
2920743.708201254 174 80
4071705.786758024 352 14
5409519.014176926 184 16
5705103.397831976 566 98
6104823.527889725 302 355
7663115.876896689 299 176
9791022.183843873 136 105
42975512.569942676 476 111
43804495.064874358 97 75
44520371.681588061 652 206
45650889.662635840 24 91
47337906.990896456 111 36
48763105.605028659 990 12
50906659.248527765 1359 6
52834661.828035474 116 7
86019152.214134276 292 98
87466098.874089360 23 161
87982506.113220349 263 390
89215277.593031868 722 64
