2 10.000000000 0.500000000 5.000000000 50000 8
842.881026000 64.931804000 0.005254685 0.003265889 1.281342136 0.000000000 1.000000000
4
1 20.000000000 900.000000000 20.000000000 8.000000000 8.000000000 8.000000000
4 20.000000000 900.000000000 20.000000000 10.400000000 10.400000000 10.400000000
64 20.000000000 900.000000000 20.000000000 16.000000000 16.000000000 16.000000000
1024 20.000000000 900.000000000 20.000000000 24.000000000 24.000000000 24.000000000
8
0.000000000 1024 8
0.000000000 1024 8
5481.420000000 1024 8
5481.420000000 1024 8
10962.840000000 1024 8
10962.840000000 1024 8
16444.260000000 1024 8
16444.260000000 1024 8
