4 10.000000000 0.500000000 2.000000000 500000 8
842.881026000 64.931804000 0.005254685 0.001682970 26.125417817 0.000000000 1.000000000
4
1 20.000000000 300.000000000 20.000000000 8.000000000 8.000000000 8.000000000
4 20.000000000 300.000000000 20.000000000 10.400000000 10.400000000 10.400000000
64 20.000000000 300.000000000 20.000000000 16.000000000 16.000000000 16.000000000
2048 20.000000000 300.000000000 20.000000000 24.000000000 24.000000000 24.000000000
12
0.000000000 2048 16
0.000000000 2048 16
0.000000000 2048 16
0.000000000 2048 16
37988.000000000 2048 16
37988.000000000 2048 16
37988.000000000 2048 16
37988.000000000 2048 16
75976.000000000 2048 16
75976.000000000 2048 16
75976.000000000 2048 16
75976.000000000 2048 16
