1 10.000000000 0.500000000 5.000000000 50000 8
913.203000000 63.058000000 0.005255000 0.003119000 1.210000000 0.000000000 1.000000000
4
1 20.000000000 150.000000000 20.000000000 20.000000000 20.000000000 20.000000000
4 20.000000000 150.000000000 20.000000000 26.000000000 26.000000000 26.000000000
64 20.000000000 150.000000000 20.000000000 40.000000000 40.000000000 40.000000000
1024 20.000000000 150.000000000 20.000000000 60.000000000 60.000000000 60.000000000
60
0.000000000 1024 5
415.320000000 1024 5
830.640000000 1024 5
1245.960000000 1024 5
1661.280000000 1024 5
2076.600000000 1024 5
2491.920000000 1024 5
2907.240000000 1024 5
3322.560000000 1024 5
3737.880000000 1024 5
4153.200000000 1024 5
4568.520000000 1024 5
4983.840000000 1024 5
5399.160000000 1024 5
5814.480000000 1024 5
6229.800000000 1024 5
6645.120000000 1024 5
7060.440000000 1024 5
7475.760000000 1024 5
7891.080000000 1024 5
8306.400000000 1024 5
8721.720000000 1024 5
9137.040000000 1024 5
9552.360000000 1024 5
9967.680000000 1024 5
10383.000000000 1024 5
10798.320000000 1024 5
11213.640000000 1024 5
11628.960000000 1024 5
12044.280000000 1024 5
12459.600000000 1024 5
12874.920000000 1024 5
13290.240000000 1024 5
13705.560000000 1024 5
14120.880000000 1024 5
14536.200000000 1024 5
14951.520000000 1024 5
15366.840000000 1024 5
15782.160000000 1024 5
16197.480000000 1024 5
16612.800000000 1024 5
17028.120000000 1024 5
17443.440000000 1024 5
17858.760000000 1024 5
18274.080000000 1024 5
18689.400000000 1024 5
19104.720000000 1024 5
19520.040000000 1024 5
19935.360000000 1024 5
20350.680000000 1024 5
20766.000000000 1024 5
21181.320000000 1024 5
21596.640000000 1024 5
22011.960000000 1024 5
22427.280000000 1024 5
22842.600000000 1024 5
23257.920000000 1024 5
23673.240000000 1024 5
24088.560000000 1024 5
24503.880000000 1024 5
