4 5.000000000 20.000000000 1.000000000 125000 4
842.881026 64.931804 0.005255000 0.003119000 1.156784 0.000000000 1.000000000
2
1 50.000000000 693.000000000 50.000000000 2.000000000 2.000000000 2.000000000
256 50.000000000 693.000000000 50.000000000 2.000000000 2.000000000 2.000000000
100
0.000000000 256 10
2272.000000000 256 10
4544.000000000 256 10
6816.000000000 256 10
9088.000000000 256 10
11360.000000000 256 10
13632.000000000 256 10
15904.000000000 256 10
18176.000000000 256 10
20448.000000000 256 10
22720.000000000 256 10
24992.000000000 256 10
27264.000000000 256 10
29536.000000000 256 10
31808.000000000 256 10
34080.000000000 256 10
36352.000000000 256 10
38624.000000000 256 10
40896.000000000 256 10
43168.000000000 256 10
45440.000000000 256 10
47712.000000000 256 10
49984.000000000 256 10
52256.000000000 256 10
54528.000000000 256 10
56800.000000000 256 10
59072.000000000 256 10
61344.000000000 256 10
63616.000000000 256 10
65888.000000000 256 10
68160.000000000 256 10
70432.000000000 256 10
72704.000000000 256 10
74976.000000000 256 10
77248.000000000 256 10
79520.000000000 256 10
81792.000000000 256 10
84064.000000000 256 10
86336.000000000 256 10
88608.000000000 256 10
90880.000000000 256 10
93152.000000000 256 10
95424.000000000 256 10
97696.000000000 256 10
99968.000000000 256 10
102240.000000000 256 10
104512.000000000 256 10
106784.000000000 256 10
109056.000000000 256 10
111328.000000000 256 10
113600.000000000 256 10
115872.000000000 256 10
118144.000000000 256 10
120416.000000000 256 10
122688.000000000 256 10
124960.000000000 256 10
127232.000000000 256 10
129504.000000000 256 10
131776.000000000 256 10
134048.000000000 256 10
136320.000000000 256 10
138592.000000000 256 10
140864.000000000 256 10
143136.000000000 256 10
145408.000000000 256 10
147680.000000000 256 10
149952.000000000 256 10
152224.000000000 256 10
154496.000000000 256 10
156768.000000000 256 10
159040.000000000 256 10
161312.000000000 256 10
163584.000000000 256 10
165856.000000000 256 10
168128.000000000 256 10
170400.000000000 256 10
172672.000000000 256 10
174944.000000000 256 10
177216.000000000 256 10
179488.000000000 256 10
181760.000000000 256 10
184032.000000000 256 10
186304.000000000 256 10
188576.000000000 256 10
190848.000000000 256 10
193120.000000000 256 10
195392.000000000 256 10
197664.000000000 256 10
199936.000000000 256 10
202208.000000000 256 10
204480.000000000 256 10
206752.000000000 256 10
209024.000000000 256 10
211296.000000000 256 10
213568.000000000 256 10
215840.000000000 256 10
218112.000000000 256 10
220384.000000000 256 10
222656.000000000 256 10
224928.000000000 256 10
