2 10.000000000 20.000000000 5.000000000 50000 8
913.203236129 63.057575971 0.005254685 0.003217193 1.326070030 0.000000000 1.000000000
4
1 20.000000000 800.000000000 20.000000000 15.000000000 15.000000000 15.000000000
4 20.000000000 800.000000000 20.000000000 19.500000000 19.500000000 19.500000000
64 20.000000000 800.000000000 20.000000000 30.000000000 30.000000000 30.000000000
4096 20.000000000 800.000000000 20.000000000 45.000000000 45.000000000 45.000000000
60
0.000000000 4096 8
2476.640000000 4096 8
4953.280000000 4096 8
7429.920000000 4096 8
9906.560000000 4096 8
12383.200000000 4096 8
14859.840000000 4096 8
17336.480000000 4096 8
19813.120000000 4096 8
22289.760000000 4096 8
24766.400000000 4096 8
27243.040000000 4096 8
29719.680000000 4096 8
32196.320000000 4096 8
34672.960000000 4096 8
37149.600000000 4096 8
39626.240000000 4096 8
42102.880000000 4096 8
44579.520000000 4096 8
47056.160000000 4096 8
49532.800000000 4096 8
52009.440000000 4096 8
54486.080000000 4096 8
56962.720000000 4096 8
59439.360000000 4096 8
61916.000000000 4096 8
64392.640000000 4096 8
66869.280000000 4096 8
69345.920000000 4096 8
71822.560000000 4096 8
74299.200000000 4096 8
76775.840000000 4096 8
79252.480000000 4096 8
81729.120000000 4096 8
84205.760000000 4096 8
86682.400000000 4096 8
89159.040000000 4096 8
91635.680000000 4096 8
94112.320000000 4096 8
96588.960000000 4096 8
99065.600000000 4096 8
101542.240000000 4096 8
104018.880000000 4096 8
106495.520000000 4096 8
108972.160000000 4096 8
111448.800000000 4096 8
113925.440000000 4096 8
116402.080000000 4096 8
118878.720000000 4096 8
121355.360000000 4096 8
123832.000000000 4096 8
126308.640000000 4096 8
128785.280000000 4096 8
131261.920000000 4096 8
133738.560000000 4096 8
136215.200000000 4096 8
138691.840000000 4096 8
141168.480000000 4096 8
143645.120000000 4096 8
146121.760000000 4096 8
