2 10.000000000 20.000000000 5.000000000 50000 8
913.203236129 63.057575971 0.005254685 0.003675390 1.231391855 0.000000000 1.000000000
4
1 20.000000000 100.000000000 20.000000000 5.000000000 5.000000000 5.000000000
4 20.000000000 100.000000000 20.000000000 6.500000000 6.500000000 6.500000000
64 20.000000000 100.000000000 20.000000000 10.000000000 10.000000000 10.000000000
1024 20.000000000 100.000000000 20.000000000 15.000000000 15.000000000 15.000000000
20
0.000000000 1024 2
373.912000000 1024 2
747.824000000 1024 2
1121.736000000 1024 2
1495.648000000 1024 2
1869.560000000 1024 2
2243.472000000 1024 2
2617.384000000 1024 2
2991.296000000 1024 2
3365.208000000 1024 2
3739.120000000 1024 2
4113.032000000 1024 2
4486.944000000 1024 2
4860.856000000 1024 2
5234.768000000 1024 2
5608.680000000 1024 2
5982.592000000 1024 2
6356.504000000 1024 2
6730.416000000 1024 2
7104.328000000 1024 2
