2 10.000000000 5.000000000 1.000000000 5000 8
913.203236129 63.057575971 0.005254685 0.003558212 1.145253187 0.000000000 1.000000000
4
1 20.000000000 800.000000000 20.000000000 30.000000000 30.000000000 30.000000000
4 20.000000000 800.000000000 20.000000000 39.000000000 39.000000000 39.000000000
64 20.000000000 800.000000000 20.000000000 60.000000000 60.000000000 60.000000000
4096 20.000000000 800.000000000 20.000000000 90.000000000 90.000000000 90.000000000
20
0.000000000 4096 8
2238.320000000 4096 8
4476.640000000 4096 8
6714.960000000 4096 8
8953.280000000 4096 8
11191.600000000 4096 8
13429.920000000 4096 8
15668.240000000 4096 8
17906.560000000 4096 8
20144.880000000 4096 8
22383.200000000 4096 8
24621.520000000 4096 8
26859.840000000 4096 8
29098.160000000 4096 8
31336.480000000 4096 8
33574.800000000 4096 8
35813.120000000 4096 8
38051.440000000 4096 8
40289.760000000 4096 8
42528.080000000 4096 8
