1 10.000000000 0.500000000 5.000000000 50000 8
913.203236129 63.057575971 0.005254685 0.002993534 12.820471873 0.000000000 1.000000000
4
1 20.000000000 150.000000000 20.000000000 40.000000000 40.000000000 40.000000000
4 20.000000000 150.000000000 20.000000000 52.000000000 52.000000000 52.000000000
64 20.000000000 150.000000000 20.000000000 80.000000000 80.000000000 80.000000000
2048 20.000000000 150.000000000 20.000000000 120.000000000 120.000000000 120.000000000
60
0.000000000 2048 3
595.296000000 2048 3
1190.592000000 2048 3
1785.888000000 2048 3
2381.184000000 2048 3
2976.480000000 2048 3
3571.776000000 2048 3
4167.072000000 2048 3
4762.368000000 2048 3
5357.664000000 2048 3
5952.960000000 2048 3
6548.256000000 2048 3
7143.552000000 2048 3
7738.848000000 2048 3
8334.144000000 2048 3
8929.440000000 2048 3
9524.736000000 2048 3
10120.032000000 2048 3
10715.328000000 2048 3
11310.624000000 2048 3
11905.920000000 2048 3
12501.216000000 2048 3
13096.512000000 2048 3
13691.808000000 2048 3
14287.104000000 2048 3
14882.400000000 2048 3
15477.696000000 2048 3
16072.992000000 2048 3
16668.288000000 2048 3
17263.584000000 2048 3
17858.880000000 2048 3
18454.176000000 2048 3
19049.472000000 2048 3
19644.768000000 2048 3
20240.064000000 2048 3
20835.360000000 2048 3
21430.656000000 2048 3
22025.952000000 2048 3
22621.248000000 2048 3
23216.544000000 2048 3
23811.840000000 2048 3
24407.136000000 2048 3
25002.432000000 2048 3
25597.728000000 2048 3
26193.024000000 2048 3
26788.320000000 2048 3
27383.616000000 2048 3
27978.912000000 2048 3
28574.208000000 2048 3
29169.504000000 2048 3
29764.800000000 2048 3
30360.096000000 2048 3
30955.392000000 2048 3
31550.688000000 2048 3
32145.984000000 2048 3
32741.280000000 2048 3
33336.576000000 2048 3
33931.872000000 2048 3
34527.168000000 2048 3
35122.464000000 2048 3
