2 10.000000000 0.500000000 5.000000000 50000 8
842.881026000 64.931804000 0.005254685 0.003135034 1.252607357 0.000000000 1.000000000
4
1 20.000000000 1500.000000000 20.000000000 8.000000000 8.000000000 8.000000000
4 20.000000000 1500.000000000 20.000000000 10.400000000 10.400000000 10.400000000
64 20.000000000 1500.000000000 20.000000000 16.000000000 16.000000000 16.000000000
2048 20.000000000 1500.000000000 20.000000000 24.000000000 24.000000000 24.000000000
20
0.000000000 2048 8
2562.956000000 2048 8
5125.912000000 2048 8
7688.868000000 2048 8
10251.824000000 2048 8
12814.780000000 2048 8
15377.736000000 2048 8
17940.692000000 2048 8
20503.648000000 2048 8
23066.604000000 2048 8
25629.560000000 2048 8
28192.516000000 2048 8
30755.472000000 2048 8
33318.428000000 2048 8
35881.384000000 2048 8
38444.340000000 2048 8
41007.296000000 2048 8
43570.252000000 2048 8
46133.208000000 2048 8
48696.164000000 2048 8
