8 2.000000000 0.050000000 40.000000000 500 8
293.844275079 64.704011964 4.847201496 0.388657010 1693.833000000 0.800000000 0.200000000
4
1 10.000000000 134.444497332 10.000000000 3.470673750 12.680312153 7.952292756
4 10.000000000 134.444497332 10.000000000 5.808118957 19.801396644 10.344480169
64 10.000000000 134.444497332 10.000000000 15.157899784 48.285734605 19.913229822
2048 10.000000000 134.444497332 10.000000000 32.688738836 101.693868283 37.854635420
300
5.167768945 216 22
10.335537891 228 57
15.503306836 183 86
20.671075782 139 52
25.838844727 218 145
31.006613673 184 31
36.174382618 206 72
41.342151564 182 82
63.849718234 196 224
69.017487179 180 25
74.185256125 133 102
79.353025070 177 103
84.520794015 208 107
89.688562961 172 107
94.856331906 180 105
100.024100852 216 158
122.531667522 159 53
127.699436467 213 11
132.867205413 173 52
138.034974358 143 11
143.202743304 130 63
148.370512249 237 16
153.538281194 217 13
158.706050140 170 56
181.213616810 200 193
186.381385755 142 135
191.549154701 197 102
196.716923646 183 14
201.884692592 219 75
207.052461537 202 14
212.220230483 196 52
217.387999428 240 58
239.895566098 159 22
245.063335044 199 23
250.231103989 209 17
255.398872935 199 136
260.566641880 194 297
265.734410825 224 10
270.902179771 236 43
276.069948716 180 67
298.577515386 124 61
303.745284332 198 126
308.913053277 180 158
314.080822223 170 7
319.248591168 281 68
324.416360114 199 37
329.584129059 171 56
334.751898005 167 251
357.259464675 183 90
362.427233620 134 84
367.595002566 145 11
372.762771511 219 46
377.930540456 207 44
383.098309402 169 13
388.266078347 176 37
393.433847293 205 57
415.941413963 181 67
421.109182908 192 6
426.276951854 189 94
431.444720799 173 39
436.612489745 214 16
441.780258690 229 43
446.948027636 202 33
452.115796581 212 78
474.623363251 223 21
479.791132197 189 34
484.958901142 181 123
490.126670087 228 33
495.294439033 234 13
500.462207978 192 82
505.629976924 204 12
510.797745869 285 88
533.305312539 174 39
538.473081485 205 73
543.640850430 296 9
548.808619376 197 97
553.976388321 166 50
559.144157266 250 39
564.311926212 205 25
569.479695157 240 17
591.987261827 187 35
597.155030773 223 266
602.322799718 146 72
607.490568664 189 33
612.658337609 207 64
617.826106555 212 76
622.993875500 189 45
628.161644446 255 29
650.669211116 160 49
655.836980061 235 212
661.004749007 151 9
666.172517952 191 68
671.340286897 158 73
676.508055843 199 39
681.675824788 206 83
686.843593734 220 39
709.351160404 177 18
714.518929349 169 47
719.686698295 177 59
724.854467240 144 66
730.022236186 165 65
735.190005131 178 25
740.357774077 169 108
745.525543022 179 118
768.033109692 182 76
773.200878638 204 37
778.368647583 175 27
783.536416528 209 18
788.704185474 196 40
793.871954419 146 18
799.039723365 210 45
804.207492310 187 163
826.715058980 175 37
831.882827926 206 30
837.050596871 150 37
842.218365817 187 32
847.386134762 289 10
852.553903708 255 169
857.721672653 169 41
862.889441598 136 72
885.397008269 139 81
890.564777214 157 117
895.732546159 155 39
900.900315105 290 293
906.068084050 132 85
911.235852996 211 105
916.403621941 142 343
921.571390887 174 34
944.078957557 147 86
949.246726502 172 155
954.414495448 167 309
959.582264393 160 36
964.750033338 124 107
969.917802284 226 51
975.085571229 154 269
980.253340175 217 55
1002.760906845 228 10
1007.928675790 279 6
1013.096444736 171 67
1018.264213681 199 31
1023.431982627 246 14
1028.599751572 180 145
1033.767520518 212 25
1038.935289463 234 4
1061.442856133 145 77
1066.610625079 168 7
1071.778394024 270 45
1076.946162969 243 24
1082.113931915 178 19
1087.281700860 230 27
1092.449469806 307 33
1097.617238751 204 20
1120.124805421 207 68
1125.292574367 205 8
1130.460343312 197 16
1135.628112258 227 24
1140.795881203 180 37
1145.963650149 189 38
1151.131419094 120 26
1156.299188039 220 40
1178.806754710 173 23
1183.974523655 139 39
1189.142292600 192 16
1194.310061546 161 6
1199.477830491 197 36
1204.645599437 191 44
1209.813368382 190 36
1214.981137328 173 7
1237.488703998 200 288
1242.656472943 119 204
1247.824241889 192 63
1252.992010834 177 92
1258.159779780 147 37
1263.327548725 229 83
1268.495317670 181 48
1273.663086616 186 28
1296.170653286 155 304
1301.338422231 185 347
1306.506191177 214 56
1311.673960122 172 110
1316.841729068 188 58
1322.009498013 226 31
1327.177266959 196 295
1332.345035904 178 17
1354.852602574 244 106
1360.020371520 211 59
1365.188140465 183 37
1370.355909410 180 29
1375.523678356 194 36
1380.691447301 182 41
1385.859216247 230 8
1391.026985192 178 65
1413.534551862 158 11
1418.702320808 268 32
1423.870089753 186 22
1429.037858699 192 87
1434.205627644 141 147
1439.373396590 185 9
1444.541165535 174 22
1449.708934480 147 46
1472.216501151 179 38
1477.384270096 221 51
1482.552039041 192 338
1487.719807987 222 102
1492.887576932 197 246
1498.055345878 264 193
1503.223114823 168 7
1508.390883769 190 52
1530.898450439 182 19
1536.066219384 209 28
1541.233988330 150 12
1546.401757275 162 10
1551.569526221 155 41
1556.737295166 212 90
1561.905064111 181 35
1567.072833057 220 52
1589.580399727 211 126
1594.748168672 189 66
1599.915937618 313 17
1605.083706563 219 9
1610.251475509 189 20
1615.419244454 200 23
1620.587013400 243 145
1625.754782345 169 148
1648.262349015 186 50
1653.430117961 258 20
1658.597886906 180 154
1663.765655852 162 55
1668.933424797 200 7
1674.101193742 199 52
1679.268962688 225 6
1684.436731633 193 33
1706.944298303 183 42
1712.112067249 205 54
1717.279836194 178 51
1722.447605140 156 348
1727.615374085 180 27
1732.783143031 159 195
1737.950911976 205 10
1743.118680921 205 36
1765.626247592 190 61
1770.794016537 174 189
1775.961785482 220 201
1781.129554428 199 22
1786.297323373 286 36
1791.465092319 147 49
1796.632861264 172 198
1801.800630210 196 97
1824.308196880 173 27
1829.475965825 206 17
1834.643734771 238 84
1839.811503716 138 77
1844.979272662 192 18
1850.147041607 176 21
1855.314810552 159 19
1860.482579498 199 52
1882.990146168 240 170
1888.157915113 153 11
1893.325684059 280 133
1898.493453004 281 87
1903.661221950 161 14
1908.828990895 194 48
1913.996759841 195 39
1919.164528786 194 52
1941.672095456 179 144
1946.839864402 215 47
1952.007633347 169 77
1957.175402293 142 100
1962.343171238 168 55
1967.510940183 213 25
1972.678709129 136 12
1977.846478074 193 103
2000.354044744 170 102
2005.521813690 193 84
2010.689582635 233 63
2015.857351581 156 29
2021.025120526 211 60
2026.192889472 203 163
2031.360658417 194 5
2036.528427362 227 13
2059.035994033 167 35
2064.203762978 171 33
2069.371531923 215 49
2074.539300869 218 226
2079.707069814 134 54
2084.874838760 150 243
2090.042607705 255 33
2095.210376651 202 50
2117.717943321 229 9
2122.885712266 244 118
2128.053481212 225 16
2133.221250157 189 59
2138.389019103 218 43
2143.556788048 150 41
2148.724556993 162 21
2153.892325939 273 4
2176.399892609 171 81
2181.567661554 256 31
2186.735430500 154 185
2191.903199445 221 39
