6 0.479132762 0.186691859 73.450398358 238386 32
309.976000000 51.776929024 3.325316987 0.022696415 1694.261900000 0.800000000 0.200000000
10
1 0.521915214 5.820622155 0.963903073 0.693852466 2.972929635 2.394248308
2 0.764128599 8.945569730 1.411236701 1.387704932 5.945859270 4.788496616
4 1.118749751 13.748224100 2.066171468 2.775409864 11.891718540 9.576993232
8 1.637945508 21.129304406 3.025052091 5.550819728 23.783437080 19.153986464
16 2.398092589 32.473103540 4.428935497 11.101639456 47.566874160 38.307972928
32 3.511013057 49.907106890 6.484341109 22.203278912 95.133748320 76.615945856
64 5.140423996 76.700993950 9.493631065 44.406557824 190.267496640 153.231891712
128 7.526021243 117.879853981 13.899489445 88.813115648 380.534993280 306.463783424
256 11.018740050 181.166621958 20.350043677 177.626231296 761.069986560 612.927566848
512 16.132379694 278.430484965 29.794207859 355.252462592 1522.139973120 1225.855133696
208
18.377621728 388 59
64.316954135 521 106
67.563326674 499 106
79.730042340 386 95
79.951424154 193 143
82.643684806 216 185
87.785824766 401 50
113.493005717 208 108
137.069286938 380 97
141.998589061 210 77
155.043290299 396 188
157.384110263 304 57
167.305548099 354 112
176.594422999 443 60
181.909697757 309 112
219.338896203 181 36
272.130969612 494 48
274.111149693 185 199
290.608094594 363 19
381.499946125 519 129
392.102594879 325 193
414.631487673 316 45
432.007480167 214 17
461.876529498 219 97
556.282039368 224 20
573.744255021 485 86
574.796423746 211 160
698.538122709 359 124
701.097700454 453 27
709.406145810 333 44
717.034683799 356 78
763.322405218 366 189
786.707915090 485 51
813.300296751 235 191
865.177245065 408 23
867.089979362 252 101
873.221214756 433 214
925.526741605 300 172
926.255252708 208 90
999.271743489 214 184
1072.251710646 436 123
1163.224882644 528 181
1167.649317671 186 39
1190.132048374 426 148
1230.130364734 563 168
1234.107009062 479 199
1240.992914279 183 98
1242.599378206 397 206
1267.321143085 204 12
1300.150508606 324 199
1330.834789192 218 53
1331.500122673 376 69
1340.087862638 352 63
1342.251398351 403 164
1438.036582548 290 120
1449.989641767 417 55
1499.862518789 353 23
1505.042593284 262 179
1524.919399096 519 115
1546.969635411 265 103
1557.134867907 208 111
1573.068327834 241 88
1629.883687670 172 180
1663.500276333 410 35
1699.518947931 412 96
1704.968996549 439 70
1772.894212758 447 79
1799.403989036 387 134
1817.542109241 145 160
1842.678726477 155 73
1858.202214770 369 98
1868.137846088 160 27
1905.801322117 284 44
2043.664642390 488 165
2070.857740282 514 84
2100.094090127 399 149
2126.510732315 340 153
2137.880206251 237 180
2191.016604405 453 26
2247.333875614 287 44
2264.004937917 182 111
2277.899444663 226 158
2294.773101364 245 155
2306.299954644 485 33
2341.329475283 304 53
2392.212465377 147 107
2403.946154257 140 88
2404.513565293 259 59
2409.211899907 196 29
2432.157823888 191 95
2448.690603818 350 18
2486.344797945 452 13
2525.253769774 298 92
2562.443405581 323 114
2628.007121003 523 15
2706.745650114 351 68
2754.046202629 494 135
2907.766935747 210 64
2942.919958991 208 137
2980.383298551 503 82
2989.682723249 397 150
2990.302816706 201 22
2998.230685702 136 49
3029.741450064 370 139
3044.342011272 416 141
3105.818087622 490 209
3105.858374467 276 169
3110.891889930 215 110
3134.767392220 486 132
3192.151380066 316 200
3205.288899351 442 76
3217.021242115 202 110
3243.259644686 224 168
3243.917343688 468 127
3245.517404731 278 140
3265.934368855 217 107
3267.019613575 222 67
3270.781823561 244 83
3290.462460783 383 42
3290.783978645 460 211
3312.315081238 457 206
3314.214318336 417 175
3335.625047905 512 108
3347.299224889 281 37
3395.371265075 301 162
3429.058482033 298 132
3466.849285619 355 22
3502.751985648 526 107
3558.474931678 309 137
3559.307739283 323 212
3594.704118271 396 85
3609.810589498 149 198
3624.464511160 427 63
3662.913765783 275 203
3694.721299626 221 130
3702.779043485 255 77
3714.452753923 515 61
3754.085729220 172 212
3765.235084872 189 186
3792.676180567 344 146
3811.198302381 360 158
3821.332036558 435 39
3823.026911535 333 102
3828.369468520 346 199
3871.733087049 543 27
3873.496416564 389 47
3878.783617874 391 44
3889.942282560 411 180
3901.436464047 455 33
3923.305027881 400 75
3972.066444545 197 201
3975.801471198 474 115
4003.410473128 238 214
4030.784887673 419 50
4053.790471716 399 156
4093.244011270 557 96
4106.462524430 175 111
4148.525804600 232 99
4185.599606054 333 31
4204.300416819 332 79
4296.026773258 136 13
4322.681747798 406 71
4333.960982940 214 172
4388.897951187 486 205
4399.819922595 218 129
4454.461784375 350 152
4527.085798947 331 162
4564.005102312 462 198
4574.929181141 254 194
4597.494431881 346 50
4604.447885279 457 13
4627.053857419 419 183
4634.058240975 229 31
4657.204432904 253 42
4661.331761954 183 79
4731.009081074 317 203
4766.772419935 287 152
4819.567824441 543 36
4934.249813102 234 81
4979.310166394 386 58
4979.520737631 148 100
4984.151795577 562 157
4991.024868435 349 60
4991.188955329 393 39
5038.409835252 245 200
5084.041831520 298 36
5191.411895413 170 155
5192.887512068 196 80
5210.559300490 303 202
5252.339221247 323 73
5290.239508001 216 120
5298.592689974 137 16
5308.688085389 239 76
5317.425345625 432 114
5330.745530422 241 153
5359.105039675 203 96
5384.272270659 310 66
5406.045802478 265 86
5424.345211245 293 67
5425.287852442 218 209
5528.147617151 181 147
5540.354306750 397 189
5579.648596606 549 47
5623.684631144 293 100
5646.869025667 346 161
5653.433944301 289 14
5689.448576516 252 35
5738.984674608 226 213
