8 2.000000000 0.050000000 40.000000000 200 8
505.046400000 64.410500000 2.112422000 0.021809000 646.920000000 0.900000000 0.100000000
4
1 10.000000000 194.672999111 10.000000000 7.810809231 7.810809231 7.810809231
4 10.000000000 194.672999111 10.000000000 11.374033294 11.374033294 11.374033294
64 10.000000000 194.672999111 10.000000000 25.626929547 25.626929547 25.626929547
2048 10.000000000 194.672999111 10.000000000 52.351110021 52.351110021 52.351110021
300
3.273437876 187 22
6.546875752 222 81
13.065768173 110 138
16.339206049 46 71
22.858098471 191 275
26.131536347 112 35
32.650428769 159 109
35.923866645 107 129
42.442759066 137 491
45.716196942 105 27
52.235089364 40 172
55.508527240 99 175
62.027419662 164 184
65.300857538 91 184
71.819749960 104 180
75.093187835 186 310
81.612080257 70 73
84.885518133 178 9
91.404410555 91 71
94.677848431 50 10
101.196740853 37 92
104.470178728 250 15
110.989071150 188 11
114.262509026 86 78
120.781401448 145 402
124.054839324 49 251
130.573731746 138 173
133.847169621 110 13
140.366062043 194 115
143.639499919 150 13
150.158392341 136 71
153.431830217 259 82
159.950722639 70 23
163.224160514 144 24
169.743052936 167 16
173.016490812 144 253
179.535383234 133 712
182.808821110 209 8
189.327713532 248 55
192.601151407 105 100
199.120043829 32 89
202.393481705 140 229
208.912374127 105 310
212.185812003 87 5
218.704704425 433 102
221.978142300 143 46
228.497034722 88 78
231.770472598 82 569
238.289365020 110 147
241.562802896 41 135
248.081695318 52 9
251.355133193 195 60
257.874025615 164 57
261.147463491 85 11
267.666355913 98 45
270.939793789 157 81
277.458686211 107 100
280.732124087 127 4
287.251016508 121 155
290.524454384 93 48
297.043346806 182 15
300.316784682 226 55
306.835677104 150 39
310.109114980 176 121
316.628007401 207 22
319.901445277 121 41
326.420337699 105 222
329.693775575 223 39
336.212667997 239 12
339.486105873 127 130
346.004998294 155 10
349.278436170 452 142
355.797328592 93 48
359.070766468 158 111
365.589658890 509 7
368.863096766 138 162
375.381989188 81 67
378.655427063 295 49
385.174319485 159 27
388.447757361 260 16
394.966649783 119 42
398.240087659 205 615
404.758980081 54 110
408.032417956 122 38
414.551310378 164 94
417.824748254 175 117
424.343640676 123 58
427.617078552 316 34
434.135970974 72 66
437.409408849 242 456
443.928301271 60 7
447.201739147 126 101
453.720631569 68 111
456.994069445 144 49
463.512961867 160 131
466.786399742 196 49
473.305292164 99 18
476.578730040 85 63
483.097622462 98 84
486.371060338 51 97
492.889952760 79 95
496.163390635 100 26
502.682283057 84 186
505.955720933 103 209
512.474613355 108 118
515.748051231 155 45
522.266943653 95 29
525.540381528 168 17
532.059273950 137 51
535.332711826 54 17
541.851604248 169 59
545.125042124 117 322
551.643934546 95 46
554.917372421 161 34
561.436264843 58 45
564.709702719 118 38
571.228595141 470 8
574.502033017 317 339
581.020925439 86 51
584.294363315 42 109
590.813255736 45 129
594.086693612 68 208
600.605586034 64 49
603.879023910 474 700
610.397916332 39 136
613.671354208 173 180
620.190246629 49 861
623.463684505 94 41
629.982576927 54 139
633.256014803 90 303
639.774907225 82 751
643.048345101 71 43
649.567237522 32 184
652.840675398 215 69
659.359567820 64 626
662.633005696 189 76
669.151898118 221 8
672.425335994 422 4
678.944228416 89 100
682.217666291 144 36
688.736558713 284 13
692.009996589 104 275
698.528889011 177 27
701.802326887 239 3
708.321219309 52 120
711.594657184 83 5
718.113549606 379 59
721.386987482 271 26
727.905879904 101 18
731.179317780 229 29
737.698210202 568 39
740.971648077 155 20
747.490540499 162 101
750.763978375 158 6
757.282870797 138 15
760.556308673 219 26
767.075201095 104 45
770.348638970 122 47
776.867531392 29 28
780.140969268 198 50
786.659861690 92 24
789.933299566 46 48
796.452191988 128 15
799.725629863 74 4
806.244522285 139 44
809.517960161 125 58
816.036852583 124 44
819.310290459 92 5
825.829182881 147 685
829.102620756 28 435
835.621513178 128 92
838.894951054 100 150
845.413843476 55 45
848.687281352 226 132
855.206173774 106 64
858.479611649 116 31
864.998504071 64 735
868.271941947 114 875
874.790834369 181 78
878.064272245 90 192
884.583164667 120 82
887.856602543 216 35
894.375494964 138 705
897.648932840 100 17
904.167825262 273 181
907.441263138 173 85
913.960155560 109 45
917.233593436 104 33
923.752485857 131 43
927.025923733 109 52
933.544816155 226 6
936.818254031 101 95
943.337146453 69 9
946.610584329 371 37
953.129476750 116 23
956.402914626 128 140
962.921807048 48 280
966.195244924 115 7
972.714137346 93 23
975.987575222 55 61
982.506467644 102 47
985.779905519 200 69
992.298797941 127 845
995.572235817 203 173
1002.091128239 139 555
1005.364566115 352 403
1011.883458537 84 5
1015.156896412 124 71
1021.675788834 108 19
1024.949226710 168 32
1031.468119132 58 10
1034.741557008 74 8
1041.260449430 64 51
1044.533887305 175 148
1051.052779727 106 42
1054.326217603 199 71
1060.845110025 172 228
1064.118547901 122 98
1070.637440323 607 17
1073.910878198 194 7
1080.429770620 122 21
1083.703208496 146 24
1090.222100918 270 275
1093.495538794 85 284
1100.014431216 115 68
1103.287869091 327 20
1109.806761513 105 298
1113.080199389 75 77
1119.599091811 145 5
1122.872529687 143 70
1129.391422109 212 4
1132.664859984 131 39
1139.183752406 110 54
1142.457190282 157 75
1148.976082704 100 70
1152.249520580 66 878
1158.768413002 104 30
1162.041850877 70 408
1168.560743299 157 8
1171.834181175 158 43
1178.353073597 124 89
1181.626511473 93 391
1188.145403895 196 424
1191.418841771 144 23
1197.937734192 454 44
1201.211172068 54 66
1207.730064490 90 417
1211.003502366 136 162
1217.522394788 92 30
1220.795832664 160 16
1227.314725085 254 135
1230.588162961 45 120
1237.107055383 127 17
1240.380493259 97 22
1246.899385681 71 18
1250.172823557 143 72
1256.691715978 259 341
1259.965153854 62 10
1266.484046276 425 245
1269.757484152 429 140
1276.276376574 73 13
1279.549814450 132 64
1286.068706872 135 49
1289.342144747 132 71
1295.861037169 103 273
1299.134475045 184 63
1305.653367467 86 120
1308.926805343 49 168
1315.445697765 84 76
1318.719135640 178 26
1325.238028062 42 10
1328.511465938 129 176
1335.030358360 86 174
1338.303796236 130 135
1344.822688658 238 93
1348.096126533 67 33
1354.615018955 172 85
1357.888456831 154 322
1364.407349253 131 3
1367.680787129 219 12
1374.199679551 82 41
1377.473117426 89 39
1383.992009848 185 66
1387.265447724 192 497
1393.784340146 41 76
1397.057778022 58 546
1403.576670444 318 39
1406.850108319 150 67
1413.369000741 223 7
1416.642438617 276 209
1423.161331039 211 16
1426.434768915 122 84
1432.953661337 190 56
1436.227099212 59 52
1442.745991634 75 22
1446.019429510 394 3
1452.538321932 88 128
1455.811759808 319 36
1462.330652230 63 381
1465.604090105 201 48
