8 2.000000000 0.050000000 40.000000000 500 8
505.046400000 64.410500000 2.112422000 0.021809000 646.920000000 0.900000000 0.100000000
4
1 10.000000000 192.897359724 10.000000000 3.388839061 11.084633501 5.491454308
4 10.000000000 192.897359724 10.000000000 6.187378415 18.805386594 8.710273649
64 10.000000000 192.897359724 10.000000000 17.381535831 49.688398970 21.585551012
2048 10.000000000 192.897359724 10.000000000 38.370580986 107.594047174 45.726696068
250
0.555907835 85 54
0.807459228 82 82
1.125650429 110 29
1.495497887 83 32
1.577214176 134 92
1.687719493 103 195
2.118519885 102 130
2.706793885 74 96
2.815230825 72 101
3.069530652 77 98
3.177660174 56 26
3.461689235 135 12
3.769942936 144 144
4.357001621 26 62
4.926201561 82 9
5.355429327 63 55
13.074695979 110 170
13.342117253 127 30
13.502079060 82 16
13.556451210 66 217
13.900942738 102 52
13.916074810 46 32
14.288218697 108 24
14.814554256 64 51
15.087025337 100 252
15.622328773 168 4
15.947806838 78 65
16.260086991 143 40
16.501146893 78 142
16.948137551 105 41
17.535318306 108 38
17.835150485 110 105
25.554417137 115 23
25.685822317 29 80
26.083211147 416 10
26.242199711 124 44
26.672950502 67 16
26.761917421 119 56
27.002459010 211 119
27.557998766 91 88
27.915911062 164 222
28.263158460 174 43
28.814240968 121 63
28.969313044 159 23
29.423067736 153 64
29.674106454 171 34
30.231658131 99 24
30.315321600 118 13
38.034588253 360 83
38.394381648 113 73
38.486385697 408 11
38.628242466 109 138
38.814252636 230 40
39.353356844 105 331
39.828935289 89 36
39.942921492 132 20
40.406256153 91 34
40.465510661 117 66
40.611343947 92 45
41.226077040 99 16
41.489218379 187 185
41.900743689 137 30
41.937756765 50 70
42.506935882 133 55
50.226202534 151 436
50.399212176 73 20
50.723105760 100 128
50.801172676 37 64
51.089145330 61 150
51.262916095 62 100
51.466401641 66 88
51.555567844 117 37
51.963624105 85 263
52.253257133 103 41
52.633292467 182 5
52.709610623 87 146
53.076442186 180 229
53.189417410 42 38
53.636079472 291 129
54.267939974 248 151
61.987206626 63 41
62.289071369 149 23
62.832444820 49 108
63.171028657 74 43
63.807015526 28 81
63.905472993 68 95
64.527749337 69 35
64.812687672 92 21
65.186948327 61 261
65.537096325 52 66
66.159486650 165 51
66.385416773 107 42
66.527549084 170 11
67.093646754 178 44
67.244578340 109 32
67.817747024 118 24
75.537013676 30 58
75.739475481 185 5
76.032314742 96 12
76.591684144 299 45
77.187709888 65 14
77.451203642 176 28
78.081781834 275 36
78.311534348 123 66
78.816120272 142 11
79.099937505 169 26
79.485336501 201 109
79.504781215 20 27
80.125802725 85 178
80.361028601 33 39
80.844185494 42 78
81.447616053 105 37
89.166882706 94 45
89.628229025 234 68
90.195522135 111 245
90.468323503 150 46
90.491435244 74 86
90.831105069 88 34
91.141188577 78 48
91.592695160 132 95
92.179670681 85 290
92.203371477 121 105
92.470168360 90 57
93.069178479 66 68
93.585687326 74 19
93.639291786 91 35
93.738822691 81 38
94.154769203 154 195
101.874035855 201 66
101.908179145 174 9
102.167551421 177 121
102.690199026 293 33
103.150064509 92 96
103.250875064 34 133
103.722249852 99 13
103.955688993 40 47
104.332322180 103 52
104.506947767 95 283
104.582199038 63 57
105.053492191 277 170
105.497835490 137 26
105.500696850 81 21
106.060601818 110 171
106.615370199 54 12
114.334636851 47 41
114.421179711 76 163
114.485546464 152 52
114.595112977 61 62
114.628490464 490 19
115.156063682 123 11
115.353026668 110 25
115.423543609 103 21
115.803984044 86 50
116.399895694 121 24
116.732325835 55 55
117.227746825 106 36
117.241056723 162 7
117.736333290 192 79
117.765481392 119 53
118.071546999 150 76
125.790813652 208 26
125.924297320 51 172
126.430649142 84 7
126.500701805 93 60
126.702655235 79 30
127.169639791 109 24
127.801201705 177 29
128.245722543 66 174
128.391164859 113 169
128.575060459 121 19
128.618853955 56 27
129.160754097 96 19
129.587407731 59 132
129.993462160 108 52
130.073777166 119 14
130.618510226 337 121
138.337776878 341 82
138.749837864 94 42
138.750922933 101 40
138.846472553 158 49
139.159134216 140 47
139.421488222 77 121
139.950616760 61 54
140.508575262 67 145
141.118884583 97 96
141.357423941 67 70
141.449793870 184 62
141.813702329 79 43
141.909773359 116 146
142.395188322 271 22
142.854101395 60 36
143.229653473 96 53
150.948920126 109 83
151.439763173 29 54
151.675223493 326 12
152.157512029 113 49
152.695908990 112 35
153.169741352 162 18
153.371107209 477 71
153.516607628 43 42
153.910378371 31 32
154.549558335 65 77
155.167339624 99 20
155.690696341 154 39
155.904457869 112 30
156.047000518 67 109
156.236788078 62 25
156.482123536 174 92
164.201390188 80 40
164.708707446 47 64
164.956230455 78 16
165.258618133 244 241
165.383073987 89 13
165.935918666 72 39
166.022436386 275 56
166.566419101 71 36
166.872602804 43 33
167.005725208 173 77
167.025328906 85 79
167.353254661 101 29
167.991040349 58 195
168.094002760 145 41
168.565678264 50 25
168.795570836 59 167
176.514837488 117 185
176.518154628 90 101
176.821679620 34 17
176.980846640 54 42
177.468627903 209 34
177.613936495 96 24
177.840654472 42 28
178.235562751 42 157
178.805189778 251 153
179.183675743 70 40
179.762513826 95 129
180.269345218 114 33
180.374258158 66 143
180.469300446 39 35
180.642813986 93 38
180.805731473 106 10
188.524998126 95 98
188.928442872 131 20
189.524580784 90 33
189.848173609 84 18
190.005089982 36 34
190.415437493 127 22
190.443504785 80 38
190.925360132 41 89
191.049516525 145 35
191.445897246 135 63
