8 2.000000000 0.050000000 40.000000000 100 8
505.046400000 64.410500000 2.112422000 0.031800838 792.953427277 0.900000000 0.100000000
4
1 10.000000000 77.637330079 10.000000000 12.959623225 12.959623225 12.959623225
4 10.000000000 77.637330079 10.000000000 15.087490642 15.087490642 15.087490642
64 10.000000000 77.637330079 10.000000000 23.598960310 23.598960310 23.598960310
2048 10.000000000 77.637330079 10.000000000 39.557965937 39.557965937 39.557965937
250
0.000000000 96 24
1.528442410 96 24
3.056884819 96 24
4.585327229 96 24
6.113769639 96 24
7.642212048 96 24
9.170654458 96 24
10.699096868 96 24
12.227539277 96 24
13.755981687 96 24
15.284424097 96 24
16.812866506 96 24
18.341308916 96 24
19.869751326 96 24
21.398193736 96 24
22.926636145 96 24
24.455078555 96 24
25.983520965 96 24
27.511963374 96 24
29.040405784 96 24
30.568848194 96 24
32.097290603 96 24
33.625733013 96 24
35.154175423 96 24
36.682617832 96 24
38.211060242 96 24
39.739502652 96 24
41.267945061 96 24
42.796387471 96 24
44.324829881 96 24
45.853272290 96 24
47.381714700 96 24
48.910157110 96 24
50.438599519 96 24
51.967041929 96 24
53.495484339 96 24
55.023926748 96 24
56.552369158 96 24
58.080811568 96 24
59.609253977 96 24
61.137696387 96 24
62.666138797 96 24
64.194581207 96 24
65.723023616 96 24
67.251466026 96 24
68.779908436 96 24
70.308350845 96 24
71.836793255 96 24
73.365235665 96 24
74.893678074 96 24
76.422120484 96 24
77.950562894 96 24
79.479005303 96 24
81.007447713 96 24
82.535890123 96 24
84.064332532 96 24
85.592774942 96 24
87.121217352 96 24
88.649659761 96 24
90.178102171 96 24
91.706544581 96 24
93.234986990 96 24
94.763429400 96 24
96.291871810 96 24
97.820314219 96 24
99.348756629 96 24
100.877199039 96 24
102.405641448 96 24
103.934083858 96 24
105.462526268 96 24
106.990968678 96 24
108.519411087 96 24
110.047853497 96 24
111.576295907 96 24
113.104738316 96 24
114.633180726 96 24
116.161623136 96 24
117.690065545 96 24
119.218507955 96 24
120.746950365 96 24
122.275392774 96 24
123.803835184 96 24
125.332277594 96 24
126.860720003 96 24
128.389162413 96 24
129.917604823 96 24
131.446047232 96 24
132.974489642 96 24
134.502932052 96 24
136.031374461 96 24
137.559816871 96 24
139.088259281 96 24
140.616701690 96 24
142.145144100 96 24
143.673586510 96 24
145.202028919 96 24
146.730471329 96 24
148.258913739 96 24
149.787356149 96 24
151.315798558 96 24
152.844240968 96 24
154.372683378 96 24
155.901125787 96 24
157.429568197 96 24
158.958010607 96 24
160.486453016 96 24
162.014895426 96 24
163.543337836 96 24
165.071780245 96 24
166.600222655 96 24
168.128665065 96 24
169.657107474 96 24
171.185549884 96 24
172.713992294 96 24
174.242434703 96 24
175.770877113 96 24
177.299319523 96 24
178.827761932 96 24
180.356204342 96 24
181.884646752 96 24
183.413089161 96 24
184.941531571 96 24
186.469973981 96 24
187.998416391 96 24
189.526858800 96 24
191.055301210 96 24
192.583743620 96 24
194.112186029 96 24
195.640628439 96 24
197.169070849 96 24
198.697513258 96 24
200.225955668 96 24
201.754398078 96 24
203.282840487 96 24
204.811282897 96 24
206.339725307 96 24
207.868167716 96 24
209.396610126 96 24
210.925052536 96 24
212.453494945 96 24
213.981937355 96 24
215.510379765 96 24
217.038822174 96 24
218.567264584 96 24
220.095706994 96 24
221.624149403 96 24
223.152591813 96 24
224.681034223 96 24
226.209476632 96 24
227.737919042 96 24
229.266361452 96 24
230.794803862 96 24
232.323246271 96 24
233.851688681 96 24
235.380131091 96 24
236.908573500 96 24
238.437015910 96 24
239.965458320 96 24
241.493900729 96 24
243.022343139 96 24
244.550785549 96 24
246.079227958 96 24
247.607670368 96 24
249.136112778 96 24
250.664555187 96 24
252.192997597 96 24
253.721440007 96 24
255.249882416 96 24
256.778324826 96 24
258.306767236 96 24
259.835209645 96 24
261.363652055 96 24
262.892094465 96 24
264.420536874 96 24
265.948979284 96 24
267.477421694 96 24
269.005864103 96 24
270.534306513 96 24
272.062748923 96 24
273.591191333 96 24
275.119633742 96 24
276.648076152 96 24
278.176518562 96 24
279.704960971 96 24
281.233403381 96 24
282.761845791 96 24
284.290288200 96 24
285.818730610 96 24
287.347173020 96 24
288.875615429 96 24
290.404057839 96 24
291.932500249 96 24
293.460942658 96 24
294.989385068 96 24
296.517827478 96 24
298.046269887 96 24
299.574712297 96 24
301.103154707 96 24
302.631597116 96 24
304.160039526 96 24
305.688481936 96 24
307.216924345 96 24
308.745366755 96 24
310.273809165 96 24
311.802251574 96 24
313.330693984 96 24
314.859136394 96 24
316.387578804 96 24
317.916021213 96 24
319.444463623 96 24
320.972906033 96 24
322.501348442 96 24
324.029790852 96 24
325.558233262 96 24
327.086675671 96 24
328.615118081 96 24
330.143560491 96 24
331.672002900 96 24
333.200445310 96 24
334.728887720 96 24
336.257330129 96 24
337.785772539 96 24
339.314214949 96 24
340.842657358 96 24
342.371099768 96 24
343.899542178 96 24
345.427984587 96 24
346.956426997 96 24
348.484869407 96 24
350.013311816 96 24
351.541754226 96 24
353.070196636 96 24
354.598639046 96 24
356.127081455 96 24
357.655523865 96 24
359.183966275 96 24
360.712408684 96 24
362.240851094 96 24
363.769293504 96 24
365.297735913 96 24
366.826178323 96 24
368.354620733 96 24
369.883063142 96 24
371.411505552 96 24
372.939947962 96 24
374.468390371 96 24
375.996832781 96 24
377.525275191 96 24
379.053717600 96 24
380.582160010 96 24
