8 2.000000000 0.050000000 40.000000000 500 8
505.046400000 64.410500000 2.112422000 0.031800838 792.953427277 0.900000000 0.100000000
4
1 10.000000000 60.000000000 10.000000000 8.000000000 8.000000000 8.000000000
4 10.000000000 60.000000000 10.000000000 8.160000000 8.160000000 8.160000000
64 10.000000000 60.000000000 10.000000000 8.800000000 8.800000000 8.800000000
2048 10.000000000 60.000000000 10.000000000 10.000000000 10.000000000 10.000000000
400
0.000000000 64 64
3.015788400 64 64
6.031576800 64 64
9.047365200 64 64
12.063153600 64 64
15.078942000 64 64
18.094730400 64 64
21.110518800 64 64
24.126307200 64 64
27.142095600 64 64
30.157884000 64 64
33.173672400 64 64
36.189460800 64 64
39.205249200 64 64
42.221037600 64 64
45.236826000 64 64
48.252614400 64 64
51.268402800 64 64
54.284191200 64 64
57.299979600 64 64
60.315768000 64 64
63.331556400 64 64
66.347344800 64 64
69.363133200 64 64
72.378921600 64 64
75.394710000 64 64
78.410498400 64 64
81.426286800 64 64
84.442075200 64 64
87.457863600 64 64
90.473652000 64 64
93.489440400 64 64
96.505228800 64 64
99.521017200 64 64
102.536805600 64 64
105.552594000 64 64
108.568382400 64 64
111.584170800 64 64
114.599959200 64 64
117.615747600 64 64
120.631536000 64 64
123.647324400 64 64
126.663112800 64 64
129.678901200 64 64
132.694689600 64 64
135.710478000 64 64
138.726266400 64 64
141.742054800 64 64
144.757843200 64 64
147.773631600 64 64
150.789420000 64 64
153.805208400 64 64
156.820996800 64 64
159.836785200 64 64
162.852573600 64 64
165.868362000 64 64
168.884150400 64 64
171.899938800 64 64
174.915727200 64 64
177.931515600 64 64
180.947304000 64 64
183.963092400 64 64
186.978880800 64 64
189.994669200 64 64
193.010457600 64 64
196.026246000 64 64
199.042034400 64 64
202.057822800 64 64
205.073611200 64 64
208.089399600 64 64
211.105188000 64 64
214.120976400 64 64
217.136764800 64 64
220.152553200 64 64
223.168341600 64 64
226.184130000 64 64
229.199918400 64 64
232.215706800 64 64
235.231495200 64 64
238.247283600 64 64
241.263072000 64 64
244.278860400 64 64
247.294648800 64 64
250.310437200 64 64
253.326225600 64 64
256.342014000 64 64
259.357802400 64 64
262.373590800 64 64
265.389379200 64 64
268.405167600 64 64
271.420956000 64 64
274.436744400 64 64
277.452532800 64 64
280.468321200 64 64
283.484109600 64 64
286.499898000 64 64
289.515686400 64 64
292.531474800 64 64
295.547263200 64 64
298.563051600 64 64
301.578840000 64 64
304.594628400 64 64
307.610416800 64 64
310.626205200 64 64
313.641993600 64 64
316.657782000 64 64
319.673570400 64 64
322.689358800 64 64
325.705147200 64 64
328.720935600 64 64
331.736724000 64 64
334.752512400 64 64
337.768300800 64 64
340.784089200 64 64
343.799877600 64 64
346.815666000 64 64
349.831454400 64 64
352.847242800 64 64
355.863031200 64 64
358.878819600 64 64
361.894608000 64 64
364.910396400 64 64
367.926184800 64 64
370.941973200 64 64
373.957761600 64 64
376.973550000 64 64
379.989338400 64 64
383.005126800 64 64
386.020915200 64 64
389.036703600 64 64
392.052492000 64 64
395.068280400 64 64
398.084068800 64 64
401.099857200 64 64
404.115645600 64 64
407.131434000 64 64
410.147222400 64 64
413.163010800 64 64
416.178799200 64 64
419.194587600 64 64
422.210376000 64 64
425.226164400 64 64
428.241952800 64 64
431.257741200 64 64
434.273529600 64 64
437.289318000 64 64
440.305106400 64 64
443.320894800 64 64
446.336683200 64 64
449.352471600 64 64
452.368260000 64 64
455.384048400 64 64
458.399836800 64 64
461.415625200 64 64
464.431413600 64 64
467.447202000 64 64
470.462990400 64 64
473.478778800 64 64
476.494567200 64 64
479.510355600 64 64
482.526144000 64 64
485.541932400 64 64
488.557720800 64 64
491.573509200 64 64
494.589297600 64 64
497.605086000 64 64
500.620874400 64 64
503.636662800 64 64
506.652451200 64 64
509.668239600 64 64
512.684028000 64 64
515.699816400 64 64
518.715604800 64 64
521.731393200 64 64
524.747181600 64 64
527.762970000 64 64
530.778758400 64 64
533.794546800 64 64
536.810335200 64 64
539.826123600 64 64
542.841912000 64 64
545.857700400 64 64
548.873488800 64 64
551.889277200 64 64
554.905065600 64 64
557.920854000 64 64
560.936642400 64 64
563.952430800 64 64
566.968219200 64 64
569.984007600 64 64
572.999796000 64 64
576.015584400 64 64
579.031372800 64 64
582.047161200 64 64
585.062949600 64 64
588.078738000 64 64
591.094526400 64 64
594.110314800 64 64
597.126103200 64 64
600.141891600 64 64
603.157680000 64 64
606.173468400 64 64
609.189256800 64 64
612.205045200 64 64
615.220833600 64 64
618.236622000 64 64
621.252410400 64 64
624.268198800 64 64
627.283987200 64 64
630.299775600 64 64
633.315564000 64 64
636.331352400 64 64
639.347140800 64 64
642.362929200 64 64
645.378717600 64 64
648.394506000 64 64
651.410294400 64 64
654.426082800 64 64
657.441871200 64 64
660.457659600 64 64
663.473448000 64 64
666.489236400 64 64
669.505024800 64 64
672.520813200 64 64
675.536601600 64 64
678.552390000 64 64
681.568178400 64 64
684.583966800 64 64
687.599755200 64 64
690.615543600 64 64
693.631332000 64 64
696.647120400 64 64
699.662908800 64 64
702.678697200 64 64
705.694485600 64 64
708.710274000 64 64
711.726062400 64 64
714.741850800 64 64
717.757639200 64 64
720.773427600 64 64
723.789216000 64 64
726.805004400 64 64
729.820792800 64 64
732.836581200 64 64
735.852369600 64 64
738.868158000 64 64
741.883946400 64 64
744.899734800 64 64
747.915523200 64 64
750.931311600 64 64
753.947100000 64 64
756.962888400 64 64
759.978676800 64 64
762.994465200 64 64
766.010253600 64 64
769.026042000 64 64
772.041830400 64 64
775.057618800 64 64
778.073407200 64 64
781.089195600 64 64
784.104984000 64 64
787.120772400 64 64
790.136560800 64 64
793.152349200 64 64
796.168137600 64 64
799.183926000 64 64
802.199714400 64 64
805.215502800 64 64
808.231291200 64 64
811.247079600 64 64
814.262868000 64 64
817.278656400 64 64
820.294444800 64 64
823.310233200 64 64
826.326021600 64 64
829.341810000 64 64
832.357598400 64 64
835.373386800 64 64
838.389175200 64 64
841.404963600 64 64
844.420752000 64 64
847.436540400 64 64
850.452328800 64 64
853.468117200 64 64
856.483905600 64 64
859.499694000 64 64
862.515482400 64 64
865.531270800 64 64
868.547059200 64 64
871.562847600 64 64
874.578636000 64 64
877.594424400 64 64
880.610212800 64 64
883.626001200 64 64
886.641789600 64 64
889.657578000 64 64
892.673366400 64 64
895.689154800 64 64
898.704943200 64 64
901.720731600 64 64
904.736520000 64 64
907.752308400 64 64
910.768096800 64 64
913.783885200 64 64
916.799673600 64 64
919.815462000 64 64
922.831250400 64 64
925.847038800 64 64
928.862827200 64 64
931.878615600 64 64
934.894404000 64 64
937.910192400 64 64
940.925980800 64 64
943.941769200 64 64
946.957557600 64 64
949.973346000 64 64
952.989134400 64 64
956.004922800 64 64
959.020711200 64 64
962.036499600 64 64
965.052288000 64 64
968.068076400 64 64
971.083864800 64 64
974.099653200 64 64
977.115441600 64 64
980.131230000 64 64
983.147018400 64 64
986.162806800 64 64
989.178595200 64 64
992.194383600 64 64
995.210172000 64 64
998.225960400 64 64
1001.241748800 64 64
1004.257537200 64 64
1007.273325600 64 64
1010.289114000 64 64
1013.304902400 64 64
1016.320690800 64 64
1019.336479200 64 64
1022.352267600 64 64
1025.368056000 64 64
1028.383844400 64 64
1031.399632800 64 64
1034.415421200 64 64
1037.431209600 64 64
1040.446998000 64 64
1043.462786400 64 64
1046.478574800 64 64
1049.494363200 64 64
1052.510151600 64 64
1055.525940000 64 64
1058.541728400 64 64
1061.557516800 64 64
1064.573305200 64 64
1067.589093600 64 64
1070.604882000 64 64
1073.620670400 64 64
1076.636458800 64 64
1079.652247200 64 64
1082.668035600 64 64
1085.683824000 64 64
1088.699612400 64 64
1091.715400800 64 64
1094.731189200 64 64
1097.746977600 64 64
1100.762766000 64 64
1103.778554400 64 64
1106.794342800 64 64
1109.810131200 64 64
1112.825919600 64 64
1115.841708000 64 64
1118.857496400 64 64
1121.873284800 64 64
1124.889073200 64 64
1127.904861600 64 64
1130.920650000 64 64
1133.936438400 64 64
1136.952226800 64 64
1139.968015200 64 64
1142.983803600 64 64
1145.999592000 64 64
1149.015380400 64 64
1152.031168800 64 64
1155.046957200 64 64
1158.062745600 64 64
1161.078534000 64 64
1164.094322400 64 64
1167.110110800 64 64
1170.125899200 64 64
1173.141687600 64 64
1176.157476000 64 64
1179.173264400 64 64
1182.189052800 64 64
1185.204841200 64 64
1188.220629600 64 64
1191.236418000 64 64
1194.252206400 64 64
1197.267994800 64 64
1200.283783200 64 64
1203.299571600 64 64
