8 2.000000000 0.050000000 20.000000000 2000 8
505.046400000 64.410500000 2.112422000 0.021026489 450.914804313 0.900000000 0.100000000
4
1 10.000000000 400.000000000 10.000000000 4.000000000 4.000000000 4.000000000
4 10.000000000 400.000000000 10.000000000 4.600000000 4.600000000 4.600000000
64 10.000000000 800.000000000 10.000000000 6.000000000 6.000000000 6.000000000
2048 10.000000000 2000.000000000 10.000000000 8.000000000 8.000000000 8.000000000
300
0.000000000 256 32
1.519889832 256 32
3.039779665 256 32
4.559669497 256 32
6.079559329 256 32
7.599449161 256 32
9.119338994 256 32
10.639228826 256 32
12.159118658 256 32
13.679008490 256 32
15.198898323 256 32
16.718788155 256 32
18.238677987 256 32
19.758567819 256 32
21.278457652 256 32
22.798347484 256 32
24.318237316 256 32
25.838127148 256 32
27.358016981 256 32
28.877906813 256 32
30.397796645 256 32
31.917686477 256 32
33.437576310 256 32
34.957466142 256 32
36.477355974 256 32
37.997245806 256 32
39.517135639 256 32
41.037025471 256 32
42.556915303 256 32
44.076805135 256 32
45.596694968 256 32
47.116584800 256 32
48.636474632 256 32
50.156364465 256 32
51.676254297 256 32
53.196144129 256 32
54.716033961 256 32
56.235923794 256 32
57.755813626 256 32
59.275703458 256 32
60.795593290 256 32
62.315483123 256 32
63.835372955 256 32
65.355262787 256 32
66.875152619 256 32
68.395042452 256 32
69.914932284 256 32
71.434822116 256 32
72.954711948 256 32
74.474601781 256 32
75.994491613 256 32
77.514381445 256 32
79.034271277 256 32
80.554161110 256 32
82.074050942 256 32
83.593940774 256 32
85.113830606 256 32
86.633720439 256 32
88.153610271 256 32
89.673500103 256 32
91.193389935 256 32
92.713279768 256 32
94.233169600 256 32
95.753059432 256 32
97.272949265 256 32
98.792839097 256 32
100.312728929 256 32
101.832618761 256 32
103.352508594 256 32
104.872398426 256 32
106.392288258 256 32
107.912178090 256 32
109.432067923 256 32
110.951957755 256 32
112.471847587 256 32
113.991737419 256 32
115.511627252 256 32
117.031517084 256 32
118.551406916 256 32
120.071296748 256 32
121.591186581 256 32
123.111076413 256 32
124.630966245 256 32
126.150856077 256 32
127.670745910 256 32
129.190635742 256 32
130.710525574 256 32
132.230415406 256 32
133.750305239 256 32
135.270195071 256 32
136.790084903 256 32
138.309974735 256 32
139.829864568 256 32
141.349754400 256 32
142.869644232 256 32
144.389534065 256 32
145.909423897 256 32
147.429313729 256 32
148.949203561 256 32
150.469093394 256 32
151.988983226 256 32
153.508873058 256 32
155.028762890 256 32
156.548652723 256 32
158.068542555 256 32
159.588432387 256 32
161.108322219 256 32
162.628212052 256 32
164.148101884 256 32
165.667991716 256 32
167.187881548 256 32
168.707771381 256 32
170.227661213 256 32
171.747551045 256 32
173.267440877 256 32
174.787330710 256 32
176.307220542 256 32
177.827110374 256 32
179.347000206 256 32
180.866890039 256 32
182.386779871 256 32
183.906669703 256 32
185.426559535 256 32
186.946449368 256 32
188.466339200 256 32
189.986229032 256 32
191.506118865 256 32
193.026008697 256 32
194.545898529 256 32
196.065788361 256 32
197.585678194 256 32
199.105568026 256 32
200.625457858 256 32
202.145347690 256 32
203.665237523 256 32
205.185127355 256 32
206.705017187 256 32
208.224907019 256 32
209.744796852 256 32
211.264686684 256 32
212.784576516 256 32
214.304466348 256 32
215.824356181 256 32
217.344246013 256 32
218.864135845 256 32
220.384025677 256 32
221.903915510 256 32
223.423805342 256 32
224.943695174 256 32
226.463585006 256 32
227.983474839 256 32
229.503364671 256 32
231.023254503 256 32
232.543144335 256 32
234.063034168 256 32
235.582924000 256 32
237.102813832 256 32
238.622703665 256 32
240.142593497 256 32
241.662483329 256 32
243.182373161 256 32
244.702262994 256 32
246.222152826 256 32
247.742042658 256 32
249.261932490 256 32
250.781822323 256 32
252.301712155 256 32
253.821601987 256 32
255.341491819 256 32
256.861381652 256 32
258.381271484 256 32
259.901161316 256 32
261.421051148 256 32
262.940940981 256 32
264.460830813 256 32
265.980720645 256 32
267.500610477 256 32
269.020500310 256 32
270.540390142 256 32
272.060279974 256 32
273.580169806 256 32
275.100059639 256 32
276.619949471 256 32
278.139839303 256 32
279.659729135 256 32
281.179618968 256 32
282.699508800 256 32
284.219398632 256 32
285.739288465 256 32
287.259178297 256 32
288.779068129 256 32
290.298957961 256 32
291.818847794 256 32
293.338737626 256 32
294.858627458 256 32
296.378517290 256 32
297.898407123 256 32
299.418296955 256 32
300.938186787 256 32
302.458076619 256 32
303.977966452 256 32
305.497856284 256 32
307.017746116 256 32
308.537635948 256 32
310.057525781 256 32
311.577415613 256 32
313.097305445 256 32
314.617195277 256 32
316.137085110 256 32
317.656974942 256 32
319.176864774 256 32
320.696754606 256 32
322.216644439 256 32
323.736534271 256 32
325.256424103 256 32
326.776313935 256 32
328.296203768 256 32
329.816093600 256 32
331.335983432 256 32
332.855873265 256 32
334.375763097 256 32
335.895652929 256 32
337.415542761 256 32
338.935432594 256 32
340.455322426 256 32
341.975212258 256 32
343.495102090 256 32
345.014991923 256 32
346.534881755 256 32
348.054771587 256 32
349.574661419 256 32
351.094551252 256 32
352.614441084 256 32
354.134330916 256 32
355.654220748 256 32
357.174110581 256 32
358.694000413 256 32
360.213890245 256 32
361.733780077 256 32
363.253669910 256 32
364.773559742 256 32
366.293449574 256 32
367.813339406 256 32
369.333229239 256 32
370.853119071 256 32
372.373008903 256 32
373.892898735 256 32
375.412788568 256 32
376.932678400 256 32
378.452568232 256 32
379.972458065 256 32
381.492347897 256 32
383.012237729 256 32
384.532127561 256 32
386.052017394 256 32
387.571907226 256 32
389.091797058 256 32
390.611686890 256 32
392.131576723 256 32
393.651466555 256 32
395.171356387 256 32
396.691246219 256 32
398.211136052 256 32
399.731025884 256 32
401.250915716 256 32
402.770805548 256 32
404.290695381 256 32
405.810585213 256 32
407.330475045 256 32
408.850364877 256 32
410.370254710 256 32
411.890144542 256 32
413.410034374 256 32
414.929924206 256 32
416.449814039 256 32
417.969703871 256 32
419.489593703 256 32
421.009483535 256 32
422.529373368 256 32
424.049263200 256 32
425.569153032 256 32
427.089042865 256 32
428.608932697 256 32
430.128822529 256 32
431.648712361 256 32
433.168602194 256 32
434.688492026 256 32
436.208381858 256 32
437.728271690 256 32
439.248161523 256 32
440.768051355 256 32
442.287941187 256 32
443.807831019 256 32
445.327720852 256 32
446.847610684 256 32
448.367500516 256 32
449.887390348 256 32
451.407280181 256 32
452.927170013 256 32
454.447059845 256 32
