4 3.633061474 49.073441973 0.517496896 813486 23
471445.960812798 475.802421002 0.000314648 0.000016627 83.046128586 0.500000000 0.500000000
11
1 0.270005306 0.447359980 0.205237476 1.799803032 2.955095636 0.709259324
2 0.486684814 0.894719960 0.369940740 2.502559551 4.108951190 0.986198858
4 0.877249828 1.789439921 0.666818526 3.479716501 5.713344663 1.371273038
8 1.581243626 3.578879842 1.201941010 4.838417099 7.944194450 1.906704444
16 2.850193099 7.157759684 2.166499783 -1.000000000 11.046108572 2.651202011
64 9.260304700 28.631038734 7.038978563 13.007134455 21.356407111 5.125800559
128 16.691707789 57.262077469 12.687765373 18.085939400 29.695294237 7.127236102
256 30.086818733 114.524154937 22.869708823 25.147829840 41.290208376 9.910158205
512 54.231518604 229.048309874 41.222671313 34.967127318 57.412507658 13.779708463
2048 176.198723776 916.193239496 133.932854233 67.605003302 111.000618795 26.641514692
4096 317.598362629 1832.386478993 241.414093673 94.002256767 154.342255155 37.044040861
1451
0.000000000 3170 1
33477.702232578 1834 1
35728.834566956 3996 1
36903.600489942 2749 1
54489.601719292 3206 1
60537.760817828 3751 1
64424.843690744 3785 1
78224.873929336 2150 1
84240.291589780 1956 1
89883.435731878 1199 1
92612.678124535 3808 1
92915.825973420 3759 1
99732.880760223 2643 1
102223.864507123 1128 1
106380.510001632 3858 1
109519.460524347 1880 1
112107.219961194 3331 1
124397.116013802 2357 1
129940.032038525 2859 1
132841.797724518 3073 1
138002.450714190 3534 1
176445.768801830 3470 1
176776.491071757 1052 1
178940.488184919 2511 1
193517.876261936 2738 1
199694.016393544 2742 1
204464.365023453 967 1
205059.969702831 579 1
221207.472664142 1083 1
227757.399976887 4058 1
237649.971695673 3640 1
257843.993067785 3522 1
264240.396972590 2455 1
265976.552801095 3894 1
279691.544296298 769 1
290122.254764085 2711 1
292184.654009717 1236 1
304131.398355684 676 1
316906.940728929 594 1
317501.976198999 544 1
324362.291887710 2085 1
325982.243716957 3536 1
329623.221308329 2018 1
339613.981623659 1708 1
359967.279785213 3371 1
362201.507556954 2170 1
362614.617847942 1657 1
365130.243002684 2314 1
369506.859444460 3717 1
386184.404524098 1952 1
386415.853130014 4007 1
398703.192303623 3346 1
407676.858537394 3540 1
410032.609183206 3701 1
420324.472025541 1601 1
425538.354517083 2757 1
430657.241650853 1707 1
439472.749603063 1566 1
446880.332564622 709 1
455837.561713619 1751 1
455993.744321740 919 1
464313.529632397 1309 1
469678.464568139 697 1
485391.752609902 1661 1
499673.778024619 2580 1
504967.665563553 2264 1
522545.986041653 1670 1
523398.184792408 1126 1
524043.660125636 942 1
533059.302990610 2700 1
533161.247917391 3084 1
535078.380352989 3930 1
543079.821873217 950 1
547361.097843994 2637 1
549747.081946472 895 1
551037.128820203 2641 1
552861.618687177 830 1
553164.448824405 1085 1
554790.726399492 1900 1
556048.273683702 1528 1
565297.630580024 2068 1
569265.715716674 3629 1
572499.156219025 1495 1
575528.141069417 3241 1
582896.339092905 680 1
594040.552937704 2425 1
604420.346211554 3702 1
604718.692956769 1017 1
610895.793263045 3933 1
628699.208390278 1931 1
634637.415128630 1393 1
635857.758042882 1393 1
640162.593568752 3803 1
645651.683897064 1942 1
646648.389228230 1357 1
664294.508135784 1620 1
669582.244375109 3185 1
670003.652083142 3845 1
671864.521316645 3597 1
674418.295821384 1621 1
683201.906189654 1887 1
690686.998690274 2806 1
709471.109145268 880 1
728112.259244097 974 1
745492.241554615 2655 1
762150.417788168 2165 1
764575.515313220 2204 1
771193.202753047 3814 1
779862.081472830 3951 1
786075.583193693 1548 1
786851.901295204 2666 1
787660.827767641 2020 1
789024.551131011 3578 1
801920.210476825 3094 1
813628.293336036 3819 1
813657.725543711 2290 1
817400.025343417 1407 1
817771.668519875 2821 1
817919.096078044 3596 1
825612.868106599 3350 1
829428.144010496 1366 1
832339.914922197 1592 1
833938.811848921 1465 1
835311.736018055 1032 1
837263.171286691 1838 1
843302.453286119 1029 1
848005.805371567 3942 1
849657.811767223 2229 1
857146.251066394 3154 1
857670.366390436 3516 1
857698.832926825 731 1
867672.983682063 919 1
869882.364451179 3204 1
876062.737303687 1871 1
879777.614670497 2874 1
884743.132841364 3257 1
889290.517374535 3078 1
904279.674635996 2680 1
916700.231532741 1129 1
921615.253255488 1801 1
922858.877350424 870 1
927452.550503169 2868 1
936847.212346289 2624 1
949844.509194826 1041 1
950088.515814077 3037 1
951681.478952163 956 1
954437.080377562 3132 1
955847.474289033 1107 1
970850.430537157 2382 1
971256.233922991 4006 1
978120.719310726 1755 1
978242.040497008 849 1
983594.296943862 4085 1
994230.671990989 945 1
997438.119196782 644 1
998369.240752223 3344 1
999229.201025367 2289 1
1004034.820376685 3324 1
1017275.949024515 2258 1
1020139.535919650 3624 1
1031815.841618401 3706 1
1033544.158095928 1129 1
1034474.480515761 1567 1
1041024.848377006 3793 1
1041263.073342661 1610 1
1050000.328944880 1666 1
1055204.565936502 2866 1
1058505.580928196 3274 1
1066443.170933432 3331 1
1067494.533732889 1844 1
1078298.852723482 611 1
1079475.017179021 3551 1
1079545.607631480 2329 1
1080306.035023534 1840 1
1087635.180507595 4090 1
1095671.469675533 2564 1
1096714.736093207 1591 1
1118111.118834929 2259 1
1119848.952295513 1739 1
1136182.460518682 2749 1
1144997.275335682 3035 1
1168522.050591693 1206 1
1171340.500451167 3458 1
1179634.607652289 3890 1
1179943.490109968 1814 1
1183797.242004420 1021 1
1184336.081172370 2679 1
1192288.986820130 3764 1
1204072.080292990 3546 1
1212737.054212039 3109 1
1213274.262699534 1923 1
1222826.243629669 2024 1
1226437.726535221 2876 1
1232972.391824774 3491 1
1233748.235668757 3078 1
1247446.384080467 4003 1
1276261.009581020 2707 1
1278816.801578131 823 1
1298013.510140534 1318 1
1304169.139008071 2477 1
1309318.889704063 1201 1
1311210.228673941 3748 1
1317642.741957394 3245 1
1324724.632979902 3560 1
1329589.944333139 1341 1
1332923.424959241 3234 1
1334211.172516274 3117 1
1334542.187808512 3546 1
1338643.061184527 3798 1
1355473.517828149 814 1
1361003.942816068 1830 1
1363876.953784227 1405 1
1366234.670239107 3943 1
1369715.272873511 4069 1
1370177.682568919 954 1
1376151.367300354 3768 1
1386539.492770156 2178 1
1397336.085219260 3181 1
1407539.510932186 4072 1
1408874.869779400 3533 1
1409482.533255538 2252 1
1418182.728510271 1734 1
1433919.254137290 3763 1
1445273.752369731 788 1
1449693.213425275 3352 1
1458392.894727614 951 1
1460431.817378238 2309 1
1465516.559652367 3787 1
1469586.628182305 3479 1
1495019.197020202 1733 1
1501976.878248602 2972 1
1503119.032477248 3750 1
1508130.946535838 3143 1
1511825.439919117 2059 1
1518507.199847683 4019 1
1528365.307590069 2630 1
1531941.329720030 1000 1
1541141.589213881 2381 1
1546848.983752019 642 1
1547970.255381907 1844 1
1567322.735810612 3968 1
1567915.363091231 1257 1
1577803.167861091 3032 1
1578007.495234194 2999 1
1586259.082360942 1447 1
1590096.883532873 4035 1
1600549.207995501 1568 1
1602722.120299663 2475 1
1610962.877762674 3852 1
1613091.180451728 1540 1
1619300.540090444 2708 1
1630684.703466296 2996 1
1635533.550878064 847 1
1637018.769022784 2186 1
1654137.738187945 2053 1
1660905.284096056 1417 1
1663511.398656661 811 1
1664677.543081726 3107 1
1671774.526577593 2232 1
1673564.234416993 1000 1
1673926.758160736 1279 1
1686094.493330188 2293 1
1686836.613546566 946 1
1700430.549439911 2026 1
1700657.176297894 774 1
1702833.861058409 560 1
1707893.187914929 704 1
1709526.709896788 3877 1
1727772.809338832 2226 1
1730974.405570052 2880 1
1735859.919915940 3858 1
1739913.363751163 1040 1
1743114.337655169 934 1
1744545.893448958 2617 1
1744914.756128223 3882 1
1751498.086993050 3265 1
1768725.222034217 1919 1
1776171.301312622 2175 1
1782598.583441612 4000 1
1782726.915179568 3024 1
1785932.518465590 874 1
1786468.964815783 2184 1
1794365.467608540 1544 1
1795169.187002098 1746 1
1796899.528312414 716 1
1803085.863965751 3460 1
1812978.347542493 1381 1
1820835.938407356 3797 1
1822807.930907532 3900 1
1823819.538250344 1586 1
1830168.399159335 559 1
1838498.625579993 3510 1
1838967.418753580 1257 1
1840828.458988609 3971 1
1850806.862658054 1473 1
1867763.969163413 3333 1
1868967.392858296 2429 1
1870206.896614714 2999 1
1872505.613122737 3471 1
1877149.012188378 3104 1
1883573.015568138 2778 1
1895235.854203621 2206 1
1900048.870389272 535 1
1908147.007842028 3844 1
1910243.230627130 3603 1
1911571.988413610 1116 1
1920800.727363597 2904 1
1930028.748673386 1431 1
1934909.598582570 3419 1
1938833.397198031 3155 1
1944381.187442172 2105 1
1947863.657307741 605 1
1961095.632325680 4086 1
1964578.947914201 2451 1
1964858.718510402 1837 1
1966261.386619179 938 1
1971894.765079167 3741 1
1984008.923798331 1216 1
1988142.744369984 2975 1
1996106.578975806 1861 1
2001718.684397850 642 1
2004595.390391306 2263 1
2010460.401489746 3599 1
2012706.392174440 624 1
2013497.201890760 1541 1
2021076.841367077 3787 1
2023203.096391422 3576 1
2030750.604271584 868 1
2036247.151595150 1325 1
2038862.101921663 3596 1
2039688.019927945 1802 1
2041008.243028059 556 1
2041372.693508703 3981 1
2043627.592204870 3461 1
2056813.603467083 1587 1
2059882.645582577 3958 1
2065892.203387032 2175 1
2075692.826619633 1107 1
2078924.727456476 4086 1
2094783.955274810 2173 1
2095345.642169536 996 1
2097956.979347403 2980 1
2111695.154663883 3840 1
2113587.441379201 2508 1
2119188.082632682 3115 1
2137233.461691835 2725 1
2143584.037343112 2314 1
2176510.079301277 889 1
2202858.929576937 782 1
2203289.608038597 2212 1
2219293.158649242 3148 1
2223437.035908862 1604 1
2232110.860139441 2389 1
2233734.314476042 523 1
2237052.953358260 1134 1
2246076.616185190 2272 1
2247312.671114241 3125 1
2252289.732832818 3134 1
2257391.914237152 2172 1
2261512.410529786 2183 1
2263773.710089001 3824 1
2263938.702477005 2513 1
2265056.582679511 3784 1
2272934.693190504 3345 1
2287385.083853069 1770 1
2295524.749013604 2264 1
2300638.956214316 1374 1
2308283.488042347 2501 1
2313574.609563203 2299 1
2313729.392641581 2113 1
2317948.128449629 2749 1
2321114.850624869 622 1
2323953.656043753 678 1
2328856.058508501 1909 1
2330143.785613784 603 1
2338758.469142443 2004 1
2339592.274549657 1078 1
2346606.579250582 3525 1
2356440.873332730 2897 1
2357819.906045265 2273 1
2363279.082970584 1761 1
2370389.679468611 2349 1
2376489.820297922 2036 1
2384391.112613444 1252 1
2392941.017607752 3326 1
2393730.828298968 1532 1
2394316.392327359 1265 1
2399140.605653073 2168 1
2399747.578873146 2198 1
2400595.426695347 4005 1
2409888.311526685 873 1
2410901.492646101 2551 1
2411008.776887590 2514 1
2417498.279677343 1031 1
2421594.099454142 2829 1
2436413.289678914 1448 1
2438669.056399170 3540 1
2450961.973218483 3547 1
2456645.166142778 2628 1
2462315.325630299 3534 1
2472381.454146280 2150 1
2475300.598434255 3946 1
2482081.459470099 3898 1
2484374.273238047 963 1
2503341.409738150 965 1
2518790.705975175 3141 1
2520573.018476515 1342 1
2522875.613145247 1567 1
2529483.367068673 3693 1
2530048.807333482 545 1
2541859.992851206 2936 1
2544291.432160145 3700 1
2547301.431938304 3274 1
2551323.536237910 868 1
2552081.153991895 1350 1
2559589.740588669 3740 1
2564918.071665981 2229 1
2572953.536009439 1345 1
2584815.388802899 1854 1
2585173.634359875 3914 1
2592730.872175574 1040 1
2599514.163971564 3971 1
2603659.883834190 1743 1
2610216.183589630 1650 1
2613084.466086273 1793 1
2621425.652574940 1089 1
2622456.690941869 3975 1
2627290.424994446 3979 1
2644641.207515955 2030 1
2652676.242155180 2893 1
2659101.415983833 2879 1
2660973.144924394 2810 1
2664691.238082032 3054 1
2666667.424490307 3318 1
2672036.778833634 1362 1
2691663.080705334 3929 1
2694193.784203880 2440 1
2698438.089722089 1406 1
2704385.538528234 1849 1
2710321.259754666 2423 1
2718090.079758033 1717 1
2752048.534584551 3991 1
2755922.786952792 3529 1
2755997.113893623 3768 1
2760588.991322390 742 1
2761400.980420592 2070 1
2771087.926485984 3244 1
2773415.332998053 3426 1
2785977.631706018 2064 1
2792117.654989311 3943 1
2796378.926111619 708 1
2796939.856383218 917 1
2805192.030636603 2583 1
2808578.470284697 3448 1
2813405.586154898 2629 1
2825483.588261821 1995 1
2834499.890352964 1944 1
2836599.627774961 1253 1
2838242.702127034 1308 1
2846902.412624523 4036 1
2849846.621307991 3294 1
2857604.194753988 3265 1
2858783.719676576 4094 1
2869249.640275266 1282 1
2873267.329917721 3731 1
2907935.192175754 1736 1
2912696.686208009 3734 1
2928475.683247445 3409 1
2929266.688237423 3976 1
2955785.471721055 3077 1
2960187.746479450 2651 1
2968209.394988310 901 1
2982613.635450465 3819 1
2985703.135273581 3882 1
2994244.609740203 693 1
2997394.621259808 2750 1
2999508.596685309 1300 1
3005522.998163807 1360 1
3010451.873367842 1186 1
3026448.796130093 1673 1
3026545.585589715 1744 1
3038363.896773805 1528 1
3045943.735964287 2346 1
3060772.168892686 2446 1
3064707.468756220 3754 1
3065448.709869727 4096 1
3066012.675131091 3545 1
3080655.318574277 3856 1
3080779.532106670 2835 1
3084675.330501860 3730 1
3088144.931432454 1286 1
3088455.739901516 1371 1
3090616.168943065 1854 1
3096507.994640947 1145 1
3098067.423450132 2635 1
3101387.017302059 4051 1
3104888.167813772 867 1
3108649.082975511 880 1
3109428.242229836 1588 1
3117359.987771860 2275 1
3124336.595190607 1763 1
3124572.341752662 1131 1
3124828.696841428 3798 1
3126702.272826968 3995 1
3133636.949309088 3060 1
3135179.161021954 1726 1
3140517.180304682 1410 1
3151964.737261066 1239 1
3152557.050575065 3991 1
3157861.524722544 2963 1
3159945.854436830 1712 1
3164263.720180250 562 1
3170200.322850805 3463 1
3177081.621083522 3425 1
3179047.725295038 536 1
3196796.223338671 2357 1
3200213.452802528 1322 1
3202321.925484729 4020 1
3203266.579691736 2960 1
3216999.313444564 3022 1
3218158.926488613 3870 1
3221139.638833217 1265 1
3227488.271385110 3852 1
3228662.267910249 1350 1
3230532.001920662 1954 1
3242173.905647075 1182 1
3246263.648455120 1239 1
3253041.829494450 2520 1
3261565.653145759 3574 1
3267543.792208791 1802 1
3269809.513671232 1964 1
3273535.113376034 3492 1
3292685.885207803 3058 1
3294617.518002184 2150 1
3310558.056888625 1244 1
3311570.920949875 3015 1
3312341.135457756 1752 1
3314813.856951426 3230 1
3317430.977635670 693 1
3320721.329794778 1709 1
3323499.369659744 2245 1
3325892.623136754 2523 1
3326653.858936842 3509 1
3332230.104321563 3258 1
3358539.096612841 2057 1
3367047.254801290 1215 1
3388607.518892876 2746 1
3397357.727382976 708 1
3403857.784025084 3714 1
3407047.266709985 2262 1
3412345.376087683 2719 1
3416869.296395660 2040 1
3419105.496842601 3660 1
3425765.543297949 1349 1
3428142.909533610 1136 1
3428190.901871284 2775 1
3437304.216534190 2159 1
3440683.801929743 3421 1
3451249.277161118 781 1
3464176.208502022 3266 1
3472330.086061159 670 1
3477173.421821505 3370 1
3486148.334147193 3617 1
3490255.289227531 3398 1
3497812.026306292 2878 1
3505184.995005372 2706 1
3511609.424820509 2870 1
3513371.644955315 1874 1
3523833.113552453 2600 1
3524998.501279673 2193 1
3527094.875673244 1250 1
3527271.176922402 579 1
3527731.133350353 2621 1
3538347.000912296 723 1
3538568.902031470 827 1
3543922.371171781 1230 1
3547879.441777551 1179 1
3559084.601925317 3663 1
3570523.241326448 3918 1
3573762.941877322 2958 1
3584871.142553912 2219 1
3589322.045452175 920 1
3593639.109438985 1221 1
3597612.104276874 4090 1
3604317.365442966 641 1
3605618.601400811 621 1
3611090.048277934 3396 1
3612401.643615702 1157 1
3613257.978642409 2292 1
3615633.151259832 3464 1
3621625.445245484 1182 1
3624804.095045623 3295 1
3638122.793542127 3417 1
3647106.424717858 1470 1
3647721.909481001 1681 1
3676847.894530779 2608 1
3687175.609188728 824 1
3688782.778081820 2102 1
3699820.035351913 701 1
3704447.344116078 1056 1
3711736.604857694 3047 1
3715667.706277925 688 1
3716308.479613801 2146 1
3733088.176088198 1138 1
3737290.640929176 1281 1
3739978.752729266 3961 1
3753356.077886142 2538 1
3754076.446867904 1810 1
3756149.020839821 2573 1
3759315.272398177 813 1
3759857.557118538 3326 1
3761802.548608433 1715 1
3766312.645334250 3939 1
3767257.684867739 3553 1
3774213.558541139 1532 1
3776478.457601038 1618 1
3781754.310452400 1961 1
3782223.934056256 3262 1
3784697.351097467 934 1
3787220.845155539 4027 1
3818020.887445893 3842 1
3818435.320550799 1580 1
3833213.141845206 1109 1
3846206.656222600 3772 1
3848374.524156883 613 1
3851311.808208350 3219 1
3852151.708608846 706 1
3857601.129918195 3839 1
3862248.605492620 3209 1
3864904.680170717 3203 1
3870357.432969509 2781 1
3870744.411389055 1588 1
3874673.700576937 3997 1
3885667.588210403 1195 1
3885987.958739819 2130 1
3889766.523467598 702 1
3891557.661928295 3613 1
3894424.656284140 1222 1
3897310.029662819 3799 1
3899750.568326356 2418 1
3900700.810171354 3948 1
3905869.765982750 1172 1
3909018.605409198 1461 1
3922395.219746862 4056 1
3928193.813861111 2964 1
3933842.901190130 1201 1
3938856.708532710 1657 1
3939103.733147638 782 1
3943627.380117980 988 1
3948807.755431519 2495 1
3950020.311950177 1057 1
3952705.518298453 1470 1
3955282.843116517 2658 1
3958760.382900211 3531 1
3960942.204826599 835 1
3964660.336962677 928 1
3965025.339152460 3979 1
3973123.199700078 2743 1
3990339.982181012 2203 1
3990512.181610193 3304 1
4004809.823862055 2091 1
4009782.845525353 2486 1
4027554.636970474 1308 1
4037160.636736280 3163 1
4039985.890618119 615 1
4040549.359858126 3920 1
4042165.903741217 2490 1
4046307.800735354 2116 1
4057575.659466308 1709 1
4059832.673126064 2383 1
4072378.810961561 3383 1
4074449.071634377 2607 1
4089136.339032518 3714 1
4089850.894237504 792 1
4091085.505909370 2558 1
4095209.298595780 3021 1
4095541.454025566 1567 1
4102748.193430658 3151 1
4108850.057405828 737 1
4109261.178569104 2473 1
4109964.464093640 1037 1
4131268.849970183 2672 1
4140685.338941205 612 1
4140691.171757840 3999 1
4152583.791094685 2842 1
4154187.455683007 1368 1
4155084.433786505 2581 1
4172518.590242033 1899 1
4176940.943395998 1849 1
4178061.767912837 3108 1
4182344.184713953 3957 1
4204073.812950008 3284 1
4205019.736552074 3495 1
4211258.098006090 2334 1
4228022.168430035 1765 1
4228681.662211447 4026 1
4230622.029218214 1072 1
4232312.791547105 2894 1
4233913.818290244 2949 1
4234369.411960824 778 1
4237628.958715070 3437 1
4242518.033625174 3353 1
4252081.282968661 1835 1
4269968.532151188 2803 1
4271704.886804447 3515 1
4277713.483288454 3820 1
4280081.381152779 2287 1
4280551.602949895 1029 1
4299814.034995730 1447 1
4303239.709051811 831 1
4317138.944326491 2464 1
4317495.656215587 2803 1
4319645.030539852 1273 1
4333004.537154749 1303 1
4339301.834889977 2540 1
4341875.895860529 1897 1
4349864.614465446 3745 1
4369201.798596247 533 1
4372974.613210547 2822 1
4381833.478244460 1088 1
4384527.494206223 1627 1
4395544.215524523 1922 1
4401367.359012543 3148 1
4402226.332429024 3313 1
4405496.602844112 3644 1
4406275.344922427 3306 1
4409392.861717034 2202 1
4415576.262859664 1651 1
4418193.100950134 817 1
4428419.233306951 1924 1
4432953.881015929 1175 1
4442594.059358232 3000 1
4443890.849192550 3332 1
4454391.277854998 3033 1
4454413.450060518 4079 1
4458919.699300945 1760 1
4473073.321108996 2297 1
4487294.635573763 1296 1
4488425.279479722 1547 1
4501262.655255157 2580 1
4515376.896316351 3869 1
4515982.062716668 1998 1
4523707.527564779 2111 1
4544269.752114928 2517 1
4554282.617987258 1275 1
4557676.426871114 2126 1
4558151.629334340 2593 1
4577718.980560928 2846 1
4587254.927776245 3045 1
4592763.116088253 1910 1
4596761.066828974 894 1
4600043.093390942 3856 1
4602656.746627981 3775 1
4606151.810341522 3305 1
4626975.775139686 1926 1
4627459.904439364 3621 1
4628613.202441971 557 1
4636896.669988159 745 1
4640597.705278945 1356 1
4642356.708242203 973 1
4645765.241411680 1761 1
4645780.637195849 2523 1
4649529.785866132 3593 1
4662916.675628237 1985 1
4670603.654175908 1363 1
4672819.728830049 1611 1
4676654.779468716 1673 1
4682441.135094230 652 1
4693732.191905843 3862 1
4697492.405292053 3997 1
4703000.021046976 2838 1
4704563.083614107 3311 1
4708414.819639655 3959 1
4711070.242582164 3426 1
4716530.497894478 2825 1
4726123.598904029 880 1
4739713.034032566 2974 1
4741233.771753581 2346 1
4763009.863888010 3838 1
4764051.696983013 2124 1
4764667.470507313 1210 1
4771826.756111261 2747 1
4774900.252382798 1087 1
4775783.739675884 2138 1
4779385.055942190 4027 1
4787614.477039472 719 1
4796883.413389601 2250 1
4802630.789873497 2924 1
4818371.100228808 1770 1
4829522.606952649 3782 1
4835727.126443630 3152 1
4842850.478725674 3296 1
4846138.006618297 3512 1
4846154.049697137 2473 1
4860018.219279565 2175 1
4879328.035912621 2455 1
4880947.836230119 3935 1
4885080.505171267 1122 1
4892093.345927976 2237 1
4908609.817387083 2566 1
4913019.741060913 1825 1
4924191.645456498 719 1
4929651.134982452 1829 1
4946141.332793731 4088 1
4950995.827164236 3365 1
4955988.882868377 2429 1
4965386.892931958 1676 1
4978260.326998594 1336 1
4982576.761240308 893 1
4988910.978373252 3550 1
4990037.847818785 3813 1
4994991.673024300 1785 1
5017409.959331615 3853 1
5020095.407939628 946 1
5028666.031805414 2682 1
5028919.300337238 2203 1
5028971.701605958 1843 1
5033539.450820987 977 1
5041776.102192930 1714 1
5047087.623593968 3893 1
5047741.448882104 3888 1
5049968.695029232 2829 1
5055801.928379429 3989 1
5065876.233424658 2028 1
5067533.085471337 2478 1
5075347.126816828 2129 1
5081457.362025171 2128 1
5085538.226181604 3984 1
5089895.508438244 2191 1
5092505.408821478 756 1
5095087.524651203 3362 1
5095659.374164159 1817 1
5100228.015131621 2969 1
5105057.315921684 616 1
5128187.809895263 558 1
5130100.559214802 1937 1
5138379.498515364 3325 1
5143040.489900457 853 1
5148384.118565298 1338 1
5168352.545580267 2781 1
5169720.771736737 2075 1
5169819.216740905 1779 1
5175290.681429232 3630 1
5178070.146645719 1281 1
5180005.338073675 3573 1
5187426.798922863 4046 1
5187628.927373153 3751 1
5190069.203284608 3505 1
5207688.519672122 4017 1
5219339.335247104 1923 1
5220084.895436260 2959 1
5228284.386866495 1511 1
5228700.151380581 964 1
5243000.892360581 2307 1
5244472.191454034 3222 1
5247239.508762114 2275 1
5250682.791707715 1231 1
5251340.667990415 4040 1
5254817.331342741 3222 1
5263982.346408754 3217 1
5269047.579407315 1194 1
5279192.707209698 4008 1
5288370.384043832 1506 1
5291308.481851469 2429 1
5292934.441038703 3763 1
5310213.681964811 597 1
5317610.468251535 3087 1
5319619.656780538 3658 1
5320808.436923781 1363 1
5363744.817433286 840 1
5366010.676785003 1630 1
5366793.381836363 3063 1
5367799.864428034 3279 1
5370327.117700375 2715 1
5379631.070603775 1254 1
5380780.815044203 772 1
5385979.588560799 3913 1
5395669.126872796 2890 1
5399111.897102905 3778 1
5403737.561187539 1231 1
5410440.663932906 1509 1
5416585.923139466 3569 1
5447833.961917361 3554 1
5450901.906694573 2029 1
5456356.174702298 2325 1
5459439.315159452 2347 1
5462270.656970399 3262 1
5462859.190175000 3380 1
5471945.397596936 703 1
5481139.449075663 1757 1
5482391.257204459 1864 1
5493141.721887486 3326 1
5500592.724303226 956 1
5502663.575172917 904 1
5510933.143965044 1002 1
5516411.547462963 532 1
5518359.287990948 2691 1
5518667.156722219 942 1
5520188.716745164 1576 1
5529118.981591576 2759 1
5533174.963516121 2984 1
5537241.309677777 3281 1
5538832.859751228 1775 1
5542603.458416754 3666 1
5548345.542658508 2012 1
5550402.495012456 2044 1
5559956.816852734 3080 1
5561029.615040101 1189 1
5563925.923392586 701 1
5568246.855564496 3042 1
5573617.958903288 1612 1
5589640.285560423 3601 1
5609440.576264105 2049 1
5609698.190074698 1418 1
5616724.425837762 2391 1
5616756.590586540 1602 1
5619690.135747274 795 1
5620597.397577170 3405 1
5622039.375648932 1991 1
5622351.413172993 778 1
5625187.814926369 3737 1
5631789.906158960 1848 1
5636487.115084201 2871 1
5647903.012456463 3627 1
5649282.724017773 2169 1
5649427.051874391 2930 1
5650861.485581979 1058 1
5655470.428250148 3492 1
5664278.985721122 2586 1
5667405.748383446 1943 1
5669953.802403103 2810 1
5669968.329041306 628 1
5670423.149473135 2576 1
5671668.628939512 2463 1
5684302.946749210 951 1
5685057.341519884 1521 1
5685641.814675718 2724 1
5694899.989550766 1995 1
5700105.203663740 623 1
5700780.464118308 2566 1
5709958.671350931 804 1
5719711.059691846 3998 1
5720591.474491061 1504 1
5721164.973794376 2924 1
5726973.716390457 1557 1
5731108.005627251 4033 1
5732808.657974754 2818 1
5754417.877806176 3472 1
5759377.681198234 1330 1
5769410.585296966 2251 1
5776033.926867345 3636 1
5776506.647897627 937 1
5783400.029998327 3435 1
5783405.642789968 875 1
5784686.642880415 1051 1
5787603.714091445 1850 1
5809457.585037936 1312 1
5820885.358191686 840 1
5822054.538773624 2201 1
5822584.143357917 2230 1
5823633.856723099 3380 1
5830501.692161657 1646 1
5832611.655365728 726 1
5832824.411181622 3250 1
5843000.152217303 3300 1
5844335.034586865 3692 1
5845114.287042248 866 1
5846638.347476307 1828 1
5853294.274974980 2337 1
5853991.901121806 2226 1
5855447.506505624 740 1
5862409.968908000 1797 1
5865201.296325683 2093 1
5868589.451963857 1500 1
5875303.501053255 1425 1
5879706.279706319 2639 1
5886264.727879284 2228 1
5889558.999159443 3491 1
5890871.450663494 577 1
5895323.443189741 1634 1
5905011.127917898 745 1
5907223.906950019 1239 1
5908668.709744985 3498 1
5910335.270450988 823 1
5927900.590612819 2180 1
5930048.351421568 3040 1
5942858.110324361 3727 1
5943508.171942551 3525 1
5959570.924516443 2495 1
5967790.046487249 3987 1
5978907.054855221 3894 1
5983806.261601783 1269 1
5987163.660146999 3405 1
5991758.884644082 1113 1
6001445.067971529 1072 1
6004326.062515551 3144 1
6006739.586990056 850 1
6006824.524959117 512 1
6012338.514416690 4081 1
6020222.923045000 4061 1
6022135.406891033 2209 1
6034439.256724206 1117 1
6034960.756271850 762 1
6041405.661066821 1297 1
6042556.353433737 3337 1
6052807.542771311 533 1
6054113.556706828 3952 1
6060346.354461764 2947 1
6068380.876124720 1081 1
6083936.326917404 3541 1
6086706.831148573 928 1
6101850.446528015 1963 1
6104317.692139679 714 1
6105508.059190081 1794 1
6106248.745746206 1303 1
6107505.302978256 2351 1
6114347.475080829 2946 1
6129912.318961111 3636 1
6130440.956354759 1382 1
6134460.157648018 3483 1
6135194.990624744 3920 1
6138915.994520117 523 1
6148217.637760440 2807 1
6148308.515171446 1406 1
6154840.894809758 2939 1
6160151.196902879 2747 1
6162571.787280761 4067 1
6170060.057639407 1655 1
6177583.040759484 3435 1
6189866.139985897 2610 1
6193172.503047936 3725 1
6195545.689229193 3905 1
6197591.694383454 859 1
6208942.624870416 3716 1
6217316.752824144 1118 1
6219760.258032942 3657 1
6229761.468310942 1428 1
6231024.096315674 3504 1
6235043.393910031 1854 1
6236063.033084786 3652 1
6251587.900197337 1668 1
6253784.477175425 2709 1
6262508.744981042 3569 1
6268370.552415642 622 1
6287241.232817933 3321 1
6296175.833073061 802 1
6310701.638041730 1280 1
6318257.125699533 887 1
6319731.755030358 1749 1
6330932.168219245 2013 1
6334116.891504684 1133 1
6337464.184248513 1276 1
6345934.987723043 1522 1
6347591.301226249 3676 1
6348010.289785042 757 1
6352542.803298533 2564 1
6357772.281528007 3628 1
6370295.678728890 3940 1
6387654.203970651 2569 1
6388918.817427616 3722 1
6393174.365500029 3545 1
6398008.001784278 2895 1
6404323.557643645 1990 1
6411230.469533699 681 1
6411460.135255801 3997 1
6411621.741489467 2969 1
6432742.458459092 1142 1
6446999.730664141 2322 1
6450944.637741469 2658 1
6475356.007032577 2685 1
6486549.388292375 548 1
6488234.671122029 3961 1
6495766.228184651 1549 1
6503275.519830336 3076 1
6505229.244311803 1651 1
6507836.218262604 3497 1
6509372.259911573 3495 1
6514927.601778219 1754 1
6518733.454011835 1271 1
6522686.337313961 3718 1
6527441.502881714 2776 1
6528417.473481610 3133 1
6546237.218468303 3296 1
6547512.647916024 3848 1
6552163.444692611 3564 1
6555081.164202086 3027 1
6565349.627066128 2996 1
6574164.747286818 3948 1
6574262.240931506 1839 1
6582661.785690651 1461 1
6589544.473369311 1549 1
6593021.445811147 3839 1
6595543.783969987 1344 1
6597726.692114712 2323 1
6599978.685197619 2536 1
6610071.682758706 1046 1
6616153.467184843 1045 1
6634223.426603221 4093 1
6635076.715830733 3924 1
6639318.849487144 3262 1
6641773.641026882 984 1
6641886.699497213 912 1
6650588.279508796 3374 1
6650758.013515270 3396 1
6653302.432509338 3653 1
6660205.343224578 2957 1
6660312.361069665 1951 1
6663826.479628699 2174 1
6672891.903988803 2225 1
6679610.812383509 1564 1
6682092.674201516 2379 1
6684669.977386075 1680 1
6686750.016625676 2235 1
6687141.904109620 2611 1
6689261.310626533 3370 1
6690651.185314150 3351 1
6693971.769483007 1488 1
6709609.977226052 2763 1
6729601.467152121 3284 1
6734727.201775468 2660 1
6734972.028492921 1652 1
6740826.620535744 2513 1
6747013.936466889 3568 1
6747526.564395800 971 1
6751886.041591878 2275 1
6762543.906052285 3993 1
6770272.869229183 3002 1
6773511.883415931 2102 1
6774390.571681672 2585 1
6777905.572843482 2865 1
6779425.462550028 2095 1
6794993.974004417 1070 1
6799726.406993801 1249 1
6800564.268105773 3149 1
6801748.631695270 3063 1
6803187.937214921 1867 1
6805297.577484958 2925 1
6810536.039166419 1934 1
6814429.079367474 2423 1
6817638.605455375 1819 1
6822198.198597881 3951 1
6827076.221818833 1307 1
6827810.480960353 2176 1
6830693.430738890 1344 1
6832235.481718336 1005 1
6847663.161951127 2999 1
6853032.624975357 3609 1
6858975.174382606 2544 1
6861489.482765270 3019 1
6871271.581317593 2030 1
6879996.985944539 3086 1
6886355.727364459 4014 1
6895365.744133653 1653 1
6898910.475029556 2454 1
6911016.510850171 2098 1
6911716.367519533 3636 1
6913010.968913442 1320 1
6925507.059130185 1752 1
6926049.671804981 4038 1
6926902.727962935 2941 1
6927923.410320644 2823 1
6933233.921619725 1809 1
6942832.349184956 911 1
6942833.315139528 1605 1
6946164.260566992 988 1
6952706.618667897 1105 1
6953923.435205734 875 1
6955570.570866657 868 1
6957202.523656270 2404 1
6957575.681315177 3058 1
6959703.900554632 807 1
6960819.743471241 3871 1
6972937.517902744 3787 1
6975227.096479847 640 1
6980844.922149976 686 1
6996619.018178499 1270 1
7001350.316386496 3139 1
7001878.777524661 933 1
7002325.027281852 3864 1
7002938.913834766 2727 1
7003267.144556726 1482 1
7025283.204075586 803 1
7043292.989651243 759 1
7046595.194579895 2394 1
7059843.235843815 2476 1
7067685.907266622 1110 1
7081167.444071414 3919 1
7103411.258927417 1434 1
7106695.012506415 3656 1
7109216.935645107 682 1
7117431.555699203 3519 1
7119914.014656174 1850 1
7138342.969174757 2349 1
7139329.845214742 678 1
7141986.673648709 2136 1
7142428.205327904 1495 1
7144258.967755043 2877 1
7148362.125609851 2579 1
7160699.572082403 2440 1
7165586.546239976 3809 1
7172912.423141598 3085 1
7178149.449051398 2851 1
7184386.327099888 1426 1
7184904.305300828 1296 1
7189375.861164593 3824 1
7202032.076068035 755 1
7203173.723943089 2965 1
7208303.704821789 2242 1
7217040.553018929 2516 1
7225060.901480102 1782 1
7225977.884383708 1664 1
7230452.723251819 3691 1
7230471.167362818 768 1
7235994.214352665 751 1
7238705.718125325 919 1
7246488.988687644 2259 1
7251762.116649987 954 1
7253226.460964750 4069 1
7254305.059365369 3605 1
7262290.290888468 1362 1
7271177.697950202 2535 1
7277332.983520014 3623 1
7280761.248352800 3666 1
7288670.846529270 2320 1
7295795.683936452 3847 1
7306859.649232392 2487 1
7310548.077711492 1934 1
7315884.730251095 3023 1
7331069.873156384 1099 1
7338877.807865396 2207 1
7341255.955855008 1852 1
7355264.025490195 1979 1
7356044.063112403 1061 1
7356440.087051580 2407 1
7371391.073360833 1596 1
7387154.361221042 2236 1
7393743.168962175 2397 1
7398914.632570755 3121 1
7401099.987441687 4073 1
7403935.789963241 3489 1
7405559.870554850 817 1
7407744.667563820 3552 1
7412356.534966227 3522 1
7413419.948296048 3103 1
7419294.076869356 1599 1
7429389.419658420 3314 1
7444128.416562343 3421 1
7444837.309028723 3275 1
7449503.183059863 1788 1
7452523.631392395 2987 1
7457104.941151449 3676 1
7460474.375395872 1499 1
7464602.133375649 909 1
7480059.324257962 1212 1
7497856.025764757 1113 1
7505735.527292034 2725 1
7506462.938046971 2368 1
7535842.760338976 2820 1
7554672.146014787 668 1
7569434.099092037 1710 1
7580378.615337773 3014 1
7588933.725903294 3658 1
7589673.975404948 2724 1
7606784.876245286 2333 1
7609288.534383052 738 1
7613360.507932628 2741 1
7617036.350500975 1793 1
7621267.321253628 2050 1
7626178.022345296 1106 1
7631377.089207822 3387 1
7641590.196553887 3389 1
7645894.430861481 2467 1
7652977.478516431 3834 1
7654807.701646326 1745 1
7662882.575567042 2526 1
7674438.375851120 1679 1
7681127.660912662 817 1
7687187.231008019 2253 1
7688134.665730106 1054 1
7690348.462595078 1152 1
7695194.387684276 2144 1
7699515.004216122 3367 1
7701967.764415548 2605 1
7705063.495588738 1062 1
7709280.349566494 1984 1
7719592.099639631 3021 1
7743574.854830223 2425 1
7745573.426093391 588 1
7753422.355023254 2995 1
7755083.842283295 531 1
7755584.724212708 2955 1
7768227.534764634 1244 1
7773068.120991223 1384 1
7774912.490565974 3965 1
7775479.886708844 2031 1
7779273.271627246 555 1
7781656.163110781 3837 1
7788389.247592040 656 1
7794627.566084673 3899 1
7798865.393687868 513 1
7804302.578724383 2843 1
7808538.055118400 720 1
7819792.164873734 3967 1
7821084.364013423 1823 1
7821819.793444280 2639 1
7825950.218284475 2912 1
7828709.990196912 2231 1
7843796.223974447 3766 1
7843848.711274855 692 1
7859549.768393152 1419 1
7867042.312109773 2358 1
7869315.597194409 1282 1
7877744.125827484 1574 1
7884734.134371435 2067 1
7890835.314362453 3858 1
7896728.467862153 951 1
7911293.929586775 1834 1
7922089.952788631 1740 1
7934521.842325788 3748 1
7939359.203804187 2123 1
7944153.940812758 554 1
7945069.226156218 1837 1
7952433.673981429 2555 1
7953153.096328503 1901 1
7955135.214681523 1334 1
7979473.794092664 1371 1
7982106.090012719 1665 1
7984482.991400355 3370 1
7997642.004284315 578 1
8001788.054866315 685 1
8002383.161167710 1970 1
8002717.504303587 3713 1
8023895.040895248 2820 1
8026733.543844620 3787 1
8028567.155184678 1534 1
8031106.436911307 2972 1
8032287.491267672 1151 1
8043098.215523659 2840 1
8045366.123715885 1743 1
8056748.243362526 2932 1
8059102.944587494 3951 1
8064004.556204787 1674 1
8068869.570109710 2255 1
8081976.798267390 3853 1
8082607.961606904 951 1
8085261.735913619 2340 1
8093009.940392729 610 1
8093973.377421672 915 1
8097028.029540214 2019 1
8112145.256247041 1194 1
8115220.488156033 2824 1
8117528.477776898 3672 1
8123660.689443332 704 1
8124160.039105200 753 1
8133439.850824119 2876 1
8138266.514942230 3720 1
8140485.885928042 2692 1
8148701.626901535 1144 1
8150938.983641211 628 1
8157807.256854444 4021 1
8161177.679359719 3910 1
8167912.871153913 672 1
8168945.296952473 1635 1
8169724.985381281 888 1
8196371.685622102 2459 1
8208950.091952248 2128 1
8213380.237826966 1139 1
8227844.422435561 3855 1
8236427.717142833 2286 1
8242345.983375000 1975 1
8242494.907197551 2151 1
8254837.075023555 2195 1
8260256.910275825 2661 1
8269498.678293297 1442 1
8272348.436229383 2482 1
8276416.468345630 3045 1
8280864.008732826 2844 1
8282303.864772458 3291 1
8284005.081967258 2358 1
8289917.394113431 3499 1
8292811.813159678 2020 1
8294160.859380428 3745 1
8303903.635092992 2932 1
8305353.847234393 3014 1
8313945.022909544 2278 1
8315379.592496574 2946 1
8316923.473609653 3401 1
8318909.786383043 3992 1
8322327.616795789 927 1
8333049.068991296 1128 1
8339553.905448738 991 1
8341845.745601883 1243 1
8342962.033760017 3866 1
8350820.720749157 1377 1
8364167.493191776 3329 1
8378220.931494016 1571 1
8378525.684039352 2525 1
8381329.434975626 1808 1
8382705.643375248 699 1
8385109.261488099 1443 1
8385974.418005301 1042 1
8388332.998053534 2631 1
8390033.147711780 3361 1
8408309.191652043 3813 1
8409865.880105512 1143 1
8410367.567271685 3012 1
8418958.379422810 1934 1
8439409.510528885 4022 1
8457061.082583439 953 1
8465193.827539442 3534 1
8465648.847977448 2687 1
8466240.850402527 3298 1
8467603.015215507 2885 1
8472233.678208420 1497 1
8480658.185099533 3965 1
8482104.082981324 2453 1
8490361.807146920 4003 1
8491507.128389984 2798 1
8496967.430937620 605 1
8499484.558800627 1958 1
8523262.737489760 2013 1
8527502.313604776 3197 1
8528568.771618392 2898 1
8533334.040256709 2697 1
8533598.390317975 3542 1
8533629.274185168 1091 1
8534587.823782234 1121 1
8538892.794888278 585 1
8539325.451959295 640 1
8541877.669382082 1067 1
8543265.372840555 1352 1
8546720.202366568 1803 1
8548818.056090085 866 1
8555543.481385732 2889 1
8576808.703645147 2493 1
8588939.074329769 2032 1
8599798.831787050 2967 1
8607742.697043303 1832 1
8613674.081152741 2700 1
8616897.224095060 1616 1
8628054.185469322 1777 1
8629168.678746955 3124 1
8637390.580130966 958 1
8647567.692547148 590 1
8647944.015421424 2987 1
8662181.875968723 4046 1
8674607.806424357 3490 1
8677246.542566732 3844 1
8688764.470761131 1819 1
8693837.331900232 3665 1
8707743.180781564 2352 1
