5 7.006833130 3.727549109 13.912047447 228314 9
5164.179530324 52.943647322 0.005392853 0.000360064 389.001422522 0.500000000 0.500000000
12
1 0.357099849 0.752772659 0.274807455 0.871713513 3.550522846 1.522707688
2 0.643672808 1.505545318 0.495340693 1.391460821 5.667473729 2.430601406
4 1.160220831 3.011090636 0.892852057 2.221100382 9.046627740 3.879814385
8 2.091299122 6.022181273 1.609366658 3.545401229 14.440556301 6.193100863
16 3.769568602 12.044362545 2.900884891 5.659298418 23.050541292 9.885652892
32 6.794650894 24.088725091 -1.000000000 9.033578011 36.794112553 15.779838771
64 12.247364522 48.177450181 9.425002816 -1.000000000 58.732100968 25.188352691
256 39.791804729 192.709800726 30.621924493 36.741037173 149.647665118 -1.000000000
512 71.724764840 385.419601452 55.196047231 58.647380116 -1.000000000 102.445144262
1024 -1.000000000 -1.000000000 99.490926203 93.615081639 381.297847452 163.526666062
2048 233.034448478 1541.678405807 179.332486532 149.431798880 608.641495112 261.027213208
4096 420.044808989 3083.356811614 323.246972897 238.528473464 971.535695907 416.661133478
1634
0.000000000 3164 1
579.521370032 1812 1
782.845553863 638 1
909.133729113 2227 1
1542.693937713 1194 1
1837.541628324 580 1
1980.417882175 1520 1
2053.681454981 845 1
2611.101265434 3537 1
2667.127669523 2444 1
2766.108880384 4016 1
2881.937728844 3353 1
2908.424208328 3076 1
3018.963526930 1258 1
3116.085642618 1705 1
3225.277693564 2694 1
3738.002234170 962 1
4364.557014624 2367 1
4578.497153571 1624 1
4848.597875529 541 1
4965.313762081 1729 1
5196.863742315 2460 1
5359.822373297 949 1
5827.511327832 622 1
6453.460069307 3349 1
6801.773795718 2542 1
8100.894416404 4038 1
8278.017443943 2884 1
8450.197992246 2224 1
8464.289965535 2064 1
8696.565928834 2180 1
9181.858438474 2155 1
9647.715602515 3469 1
9725.733468556 1111 1
10371.149368071 2490 1
10502.821302720 1509 1
10544.175848871 2769 1
10982.797048349 2407 1
11378.821435562 2943 1
11723.860910546 3331 1
11964.069212461 1152 1
12025.572960881 2263 1
12106.457828829 2174 1
12122.472396192 2829 1
12234.406242455 2248 1
12759.125767741 1863 1
13003.790041686 1700 1
13562.442810758 1709 1
13622.039207509 1928 1
13757.725771091 3802 1
14039.310683236 3495 1
14472.769098483 4049 1
14708.021441452 695 1
14871.252266436 1722 1
14879.514183542 3026 1
15591.045035311 2818 1
15687.953121302 3081 1
16057.348428850 758 1
16204.380128024 3260 1
16414.988840277 1530 1
16847.747052192 3752 1
17280.099609650 3962 1
17288.824463916 1946 1
17514.310076206 2321 1
17516.206025221 1240 1
17521.449239910 1768 1
17556.527105507 843 1
17569.303797773 983 1
18035.337605828 1178 1
18158.468646420 834 1
18270.810379618 517 1
18478.802693350 4056 1
18506.863157295 3378 1
18537.190067027 1500 1
18935.952478645 1880 1
18949.572511365 3919 1
19068.567547613 1819 1
19187.782327471 1823 1
19606.213613358 3124 1
20177.185495186 940 1
20201.833066666 2188 1
20213.797667361 3576 1
20275.505216243 2986 1
21348.638739884 1893 1
21446.226972497 3180 1
21573.655222955 707 1
21813.417176190 698 1
21885.041493685 2188 1
21959.416512031 3539 1
22138.334477888 726 1
22508.027818271 1741 1
22631.721846523 2256 1
22818.384497643 2373 1
23175.806998202 654 1
23205.015928910 835 1
23234.496764409 3633 1
23498.780853794 3417 1
23542.252689833 3322 1
23754.959915895 1567 1
23979.763602554 660 1
24010.454879611 862 1
24044.200092122 682 1
24095.340461998 2467 1
24116.226218797 3154 1
24760.809358060 1022 1
24828.965092531 845 1
25013.258751432 3943 1
25211.024177641 3290 1
25237.309565820 2301 1
25665.666395833 1547 1
25919.926150410 3939 1
26643.416158390 1921 1
26795.335848033 2989 1
26915.766440254 3104 1
27191.229804972 2356 1
27965.318410670 547 1
29002.128378958 2305 1
29068.269004899 1099 1
29793.623242597 3253 1
29842.962562181 1565 1
30156.879645547 2147 1
30177.335984638 778 1
30570.893421812 3439 1
30939.420378384 991 1
30992.066435855 1750 1
31200.286250210 1140 1
31574.270783770 3555 1
31582.012728672 2644 1
32036.489865473 558 1
32271.580514511 1987 1
32458.045724975 1732 1
32687.210356868 883 1
32824.084832261 3832 1
32845.056446218 1581 1
33165.698079451 1902 1
33177.196901899 3352 1
33202.448961965 1849 1
33665.976367094 586 1
34005.797223150 2415 1
34867.689096874 3234 1
35317.452108310 3645 1
35848.737479813 1840 1
36380.314503720 1920 1
36428.248805366 658 1
37092.546834859 3006 1
37175.619530536 1532 1
37271.109002654 2883 1
37453.412043757 1408 1
38402.691686231 1325 1
38411.032971560 3213 1
38425.199205328 1867 1
38975.909735275 726 1
39017.334760234 1758 1
39091.498464390 2720 1
39420.939548417 781 1
39538.985727481 1350 1
39549.665712147 3393 1
39972.769734223 1816 1
40383.590283197 1057 1
41128.274915611 1002 1
41241.594316394 1893 1
41722.417931329 780 1
42076.724242338 1226 1
42485.276069002 3070 1
43017.689478196 2677 1
43828.492857807 1841 1
44269.805907079 3931 1
44474.668555920 4046 1
44582.424443770 1405 1
44748.765881663 2134 1
44870.882330333 2405 1
45001.924268998 998 1
45657.261323585 1012 1
45734.002019697 1724 1
45784.863873388 1898 1
47102.347204681 1250 1
47490.773293065 1356 1
47527.414892427 3693 1
48097.001713475 2717 1
48137.145663964 1226 1
48268.374878726 2471 1
48410.401214830 3645 1
48492.099595987 1929 1
48541.628915608 3112 1
48580.982743791 536 1
48602.064399322 1501 1
48663.335126202 3342 1
48718.527425413 3640 1
48765.707870851 2797 1
49095.464663489 4043 1
49816.960666574 2599 1
50396.930074029 1233 1
50400.079366727 1491 1
50485.558155013 1506 1
50784.373218014 1247 1
51096.589746056 2989 1
51118.385477043 3633 1
51315.627259987 2531 1
51975.860597385 2293 1
51986.087443411 2492 1
52265.923792387 1542 1
52540.189979257 675 1
52698.206429866 1470 1
53082.192320652 3446 1
53779.211660423 778 1
53788.165457277 3938 1
53812.798130772 1001 1
55090.845965984 903 1
55452.702775479 3516 1
55536.277436196 3819 1
55607.533285402 2234 1
56024.543678825 1357 1
56265.897334046 812 1
56291.719840352 3665 1
56863.262335332 4020 1
57130.352122432 557 1
58154.572953069 819 1
58965.859882314 2415 1
59032.779702861 3113 1
59103.042684933 1809 1
59426.000450246 1823 1
59427.534828575 2541 1
59547.601802827 2220 1
59553.096311681 2858 1
59566.555458754 2032 1
59774.320951302 1423 1
59875.302845775 3183 1
60209.243129490 1032 1
60425.147663800 2252 1
60552.642128226 1237 1
60932.137139177 2863 1
61175.169834471 1832 1
61348.186320454 4040 1
61705.127489991 1711 1
61705.865407279 1360 1
61824.134913967 708 1
62082.348591946 3781 1
63056.057997109 1900 1
63095.225630088 2213 1
63585.384461617 3026 1
63587.218268557 1249 1
63667.210626899 2111 1
63714.987395855 3559 1
63956.307473413 2760 1
64764.114732914 2071 1
65213.797611187 2090 1
65676.168399796 1893 1
66165.243610916 690 1
66265.588923368 3966 1
66367.899101413 1285 1
66661.889325352 1490 1
66801.884121181 592 1
66806.018739189 533 1
68390.161626313 1376 1
68478.900878644 631 1
68574.215901543 1090 1
69209.331997622 1486 1
69353.829118582 947 1
69539.286270151 1550 1
70398.444622450 3064 1
71687.908198213 3994 1
72025.186838286 2810 1
72056.416276698 1342 1
72135.117951108 2398 1
72531.328548678 3121 1
72949.433321338 1564 1
73165.655084642 914 1
73743.160881698 2356 1
73939.255443283 526 1
74017.821575500 518 1
74082.093397538 817 1
74192.208776925 2251 1
74568.841669153 1200 1
74759.693588585 1842 1
75063.725722462 3961 1
75082.058473184 2625 1
75419.624180952 2886 1
75586.976794187 619 1
76301.714258796 3141 1
76391.142232540 3479 1
76493.008479695 3370 1
76514.000097269 3332 1
76644.084469708 3168 1
76792.228039143 693 1
76802.755421943 1632 1
76895.732815346 1176 1
77127.862467330 1425 1
77233.356857619 1548 1
77246.950426139 4033 1
77272.756794059 1821 1
77459.954961296 3944 1
77572.074614189 3613 1
78386.290945332 2414 1
78410.141450600 3051 1
78535.685180623 3012 1
78570.409973655 559 1
78587.549593713 2975 1
78605.329197911 2770 1
78840.537454803 1592 1
78852.547562220 1112 1
78891.664920519 635 1
78984.088903671 832 1
79176.135802959 1811 1
79180.608817658 3811 1
79259.125638052 2412 1
79262.800174956 2841 1
79397.361702136 1897 1
79677.428254156 1679 1
79716.763899060 2374 1
80017.171215009 1254 1
80346.367814025 1228 1
80512.029583036 1989 1
81320.984375189 2273 1
81467.413802057 1878 1
81945.598660271 1194 1
82239.769276069 2607 1
82341.883929706 1216 1
82360.959639050 976 1
82598.529515252 3129 1
82945.718299827 941 1
83173.938219794 4025 1
83192.434997515 2657 1
83297.972365276 3818 1
83473.901147439 3744 1
83512.634285707 2874 1
83632.241908417 1488 1
83740.807733222 2924 1
83781.392887140 3170 1
84029.260094861 1741 1
84110.364645036 828 1
84181.093901535 3811 1
84281.066776006 2445 1
84422.027101709 733 1
84478.161800764 2448 1
85350.743181830 2409 1
85505.161590172 2138 1
85906.660609693 1750 1
85952.334265778 2031 1
86501.541174332 3254 1
86669.904498013 3593 1
87068.863769532 2518 1
87360.323808114 1205 1
87416.895415684 2591 1
87849.776200293 3179 1
88045.502653275 716 1
88095.794299990 2921 1
88359.163823009 1628 1
88397.098900519 771 1
89103.887257103 2555 1
89895.405048350 3914 1
90047.686272609 1667 1
90174.431230371 1930 1
90238.472261220 1941 1
90318.516462539 2346 1
90400.728828470 3697 1
90418.638851827 2064 1
91321.033341251 2719 1
91470.750267695 2392 1
91536.004344428 1909 1
91720.346514460 2808 1
91861.471027026 603 1
92137.609284490 1185 1
92275.069396992 2524 1
92493.883678114 4081 1
92742.341881799 3428 1
92849.369058198 2285 1
92990.086329097 1452 1
93005.865062208 1594 1
93232.414190543 1977 1
93290.917722071 1289 1
93327.016924049 2308 1
94262.869280110 1161 1
94310.431622686 2652 1
94478.708790674 3355 1
94833.098202732 2045 1
94877.243963013 2921 1
94903.354087052 2068 1
94995.366089919 2898 1
95020.599830846 1985 1
95131.368961340 1287 1
96133.711876990 3602 1
96148.877280693 1180 1
96261.965830464 1798 1
96621.237168747 3140 1
96663.902232997 2113 1
96953.336216429 3720 1
97030.067670420 3560 1
97183.899998588 761 1
97477.477685452 3883 1
97584.388562212 3845 1
97689.252648637 3296 1
98047.970307035 3368 1
98485.876265067 3790 1
98951.183102190 1852 1
99495.135004798 1479 1
99758.959225426 3298 1
99808.487333025 906 1
99971.155399406 881 1
100561.969109744 2757 1
100721.390699212 1213 1
100783.470551564 1998 1
101376.234543331 4088 1
101573.699717942 776 1
101631.349557526 1676 1
101750.822956526 2810 1
101847.990973345 3609 1
102270.738827765 2068 1
102470.391747623 1915 1
102580.155216049 2909 1
102604.067840919 2235 1
102754.068908761 1469 1
102950.007238755 2436 1
103076.163778193 1164 1
103227.285971765 2191 1
103432.366740666 3500 1
103485.029804457 607 1
104305.381254312 1865 1
104616.445553088 3002 1
104824.295919333 2420 1
105126.750542305 2637 1
105169.049412850 3451 1
105538.484789771 3786 1
105971.216552221 1707 1
105990.396018290 881 1
106039.222721019 3956 1
106685.176718632 2164 1
106781.538348958 3159 1
107591.006090243 1699 1
107952.746735175 819 1
108008.022842809 722 1
108082.818791554 3047 1
108314.545396144 1488 1
108627.150006662 1641 1
108666.871356813 1947 1
109132.415453068 2622 1
109779.971692929 3883 1
111206.843569959 1444 1
111283.115007402 1077 1
111645.080370605 2144 1
111700.752842333 640 1
111958.717413557 907 1
112003.547213437 2589 1
112250.494059224 2672 1
112528.110063214 3530 1
112984.008506104 929 1
113227.607978526 1855 1
113639.842399436 1988 1
113679.942965369 2612 1
113749.429244531 2041 1
113840.337377959 2375 1
114285.639081871 1900 1
114429.684409127 1246 1
114846.676078702 2421 1
114869.181582604 3933 1
115058.182311737 3187 1
115225.933588869 1234 1
115247.257141492 900 1
115305.346113071 4030 1
115329.115876656 1089 1
115409.235621879 3495 1
115787.403450483 1635 1
115815.928709376 528 1
115852.159679028 1617 1
115906.089242833 1720 1
116415.434380868 1390 1
116451.211582307 940 1
116489.242385004 3456 1
116991.887977509 3689 1
117466.277042799 2224 1
117933.329987823 1452 1
118060.854504162 1097 1
118314.750014283 867 1
118470.065238046 1584 1
118744.372553925 1111 1
119191.696740072 1187 1
119869.354317094 3223 1
119991.945005784 4022 1
120010.532857002 2804 1
120024.688798930 533 1
120076.728337996 699 1
120121.551263157 1910 1
120579.837503027 2411 1
120716.086460449 4012 1
120775.394679678 3676 1
121135.316871242 2303 1
121404.907000605 1785 1
121443.337904026 3291 1
121525.557293563 1234 1
121724.123102298 1490 1
121776.187446525 1911 1
122176.380106713 2237 1
122490.960881846 920 1
122600.801096859 4050 1
122656.765980235 1158 1
122788.271230110 3771 1
122940.949972044 1628 1
123006.853081794 1960 1
123580.166849154 3990 1
123690.398361845 2801 1
124246.484796429 3945 1
124676.699524497 3039 1
124750.237608545 1815 1
125097.495095274 2580 1
125264.941322971 1068 1
125689.506238105 1737 1
125922.603461131 1351 1
126149.567972417 2134 1
126184.257251973 2668 1
127019.958591434 4085 1
127048.996915205 1658 1
127357.169313317 3317 1
127412.535823729 2869 1
128277.738143385 2810 1
128471.597136700 1068 1
128709.667992317 1202 1
128721.839612826 1416 1
129222.857988326 1777 1
129670.395244227 3888 1
130422.129146257 3071 1
130539.883989220 650 1
131027.248779548 1513 1
131343.437315626 2426 1
132561.058294321 3043 1
132753.130426401 2324 1
132862.174320106 2339 1
133656.481416995 1140 1
133660.847839516 3898 1
134051.257268135 2000 1
134534.519652622 3551 1
134978.408605806 2480 1
135426.897300626 658 1
135499.836166362 2446 1
135584.370120733 691 1
135940.101478263 1385 1
136146.610165064 1562 1
136230.781076233 2165 1
136467.005490694 3066 1
137112.900759330 2697 1
137359.068670781 1063 1
137417.934562884 910 1
138072.673359545 3566 1
138491.772313905 2105 1
138542.518931343 3475 1
138957.464199376 1161 1
139958.190498577 3674 1
140756.370139232 899 1
140795.863756910 2631 1
140860.618730632 3680 1
141131.226857225 3878 1
141449.533132609 1701 1
142242.951650474 3031 1
142499.081624331 2850 1
142786.172655730 991 1
142976.719018063 2988 1
143402.406110864 3044 1
143542.972359900 2332 1
143685.605580794 586 1
143929.347450010 3054 1
143976.435035936 517 1
144435.489747642 668 1
144605.795821750 2194 1
144737.884136136 513 1
144912.245944736 2934 1
145245.479938962 1298 1
145616.830875037 1256 1
145686.993644249 2245 1
146015.164312983 1915 1
146033.247080544 3481 1
146611.764549283 1546 1
146655.169264717 3245 1
146666.250340844 2341 1
146803.126848205 2473 1
147037.010702017 1756 1
147070.649474653 1899 1
147246.385297930 3213 1
147410.646312614 2434 1
147689.360723889 2309 1
147839.093194177 1685 1
147916.596442176 3449 1
148108.269358501 3667 1
148209.009310319 2841 1
148243.185930740 1477 1
148628.223352227 1565 1
148653.731734335 3684 1
148700.177510149 572 1
148743.742440708 2547 1
149204.985811318 2010 1
149319.811084970 3692 1
149589.662833342 784 1
149648.822955340 850 1
149704.117932329 1554 1
150270.058759560 1954 1
150276.933450796 1999 1
150453.895041610 1307 1
151019.936870491 3061 1
151334.742782262 918 1
151357.737776562 2316 1
152114.877617928 2986 1
152354.724500361 3154 1
152650.631573228 1195 1
152783.242328143 2543 1
152846.430489914 2808 1
153709.976065855 1534 1
153882.280655784 3072 1
154060.121934538 3198 1
154109.137830197 1541 1
154297.029455723 1981 1
154407.792982670 814 1
154424.220131452 1680 1
154428.283685878 616 1
154484.607722379 1146 1
154985.379015253 1529 1
155032.153284894 2729 1
155358.331025643 2292 1
155822.661483146 2517 1
156361.542455050 2503 1
156450.958306000 1284 1
156607.153784882 1113 1
157054.450008010 2750 1
157394.355498264 2565 1
157539.122496714 896 1
157883.004955960 3529 1
158526.977561034 3200 1
158593.060332877 851 1
159146.158752443 2505 1
159221.262684346 2492 1
159467.595519826 1195 1
159716.391923582 2767 1
160134.208904086 3904 1
160272.673205095 3946 1
160301.145888715 1324 1
160540.510849627 2685 1
160814.491470624 1238 1
160994.871513343 1325 1
161122.774183338 1206 1
161149.332036314 2449 1
161436.940146729 1041 1
161491.171838618 2128 1
161739.991652727 2073 1
162006.538330775 1791 1
162472.097235810 3030 1
162756.455751816 3809 1
163051.352276046 2920 1
163438.458320622 730 1
164073.344355100 799 1
164076.777214778 3224 1
164227.587520432 702 1
164257.208514485 3697 1
164313.627167820 1348 1
164366.513539417 1111 1
164786.763487707 1410 1
165061.545225314 3200 1
165143.156140604 3790 1
165377.460599449 609 1
165596.503900683 670 1
165649.076003547 988 1
165964.857381442 1857 1
166819.969820213 1630 1
166973.965010019 3354 1
167156.739501948 1728 1
167381.175347759 929 1
167508.989666838 2363 1
167770.225745349 881 1
167802.867440158 1293 1
167808.499718580 2929 1
168025.113969519 2077 1
168154.626795949 3923 1
169611.437579033 3430 1
169823.625773433 1605 1
169911.561574202 3559 1
170732.683541642 1667 1
171032.923495171 1744 1
171432.937129333 3099 1
172950.498592394 1909 1
173006.652865673 1735 1
173047.026028156 3656 1
173078.929520262 1500 1
173098.998156733 1264 1
173313.286858057 1142 1
173566.498914472 3508 1
173721.922196148 3788 1
173729.215292954 887 1
173776.701765550 3527 1
173819.678190136 1947 1
173846.521592550 3007 1
174077.313247113 1636 1
174101.817531031 1223 1
174695.086418341 757 1
174869.465314962 2260 1
175191.451365261 2887 1
175326.806294154 896 1
175881.845378595 1703 1
176274.714666852 3514 1
176314.451698755 3300 1
177342.886481209 3794 1
177515.934546718 3866 1
178025.433319322 2387 1
178268.756276756 966 1
178395.456332521 3672 1
179771.999701890 1604 1
179860.497592043 2578 1
179949.795162667 2023 1
180253.475304149 2169 1
180812.037254945 3551 1
181404.677473236 2083 1
182097.864535146 3883 1
183078.895122536 3470 1
183389.135161156 630 1
183585.806610357 1719 1
184057.742287732 3237 1
184432.403262115 925 1
184487.290022105 1238 1
184888.134821571 2929 1
185007.463504208 4090 1
185154.576147468 3196 1
185221.620208202 1748 1
185489.539723180 3796 1
185576.442903691 983 1
185815.457055821 3019 1
186330.054411695 1629 1
186603.615785997 2299 1
186776.989196121 2919 1
186798.963302588 1281 1
186964.873919697 1702 1
187385.009123842 1673 1
187447.869848775 2460 1
187707.368487568 2137 1
189004.546667179 2656 1
189030.801775462 1492 1
189681.644898027 2820 1
189857.407485090 4075 1
190234.057601923 3510 1
190367.562728462 553 1
190670.759001469 1809 1
192382.039071734 1081 1
192447.986079898 2547 1
193049.500251114 3425 1
193174.711158735 3401 1
193854.404686846 3540 1
195078.760515834 1258 1
195349.842661856 2350 1
196368.435819531 1497 1
197207.224479133 1388 1
197355.039154468 4084 1
197512.832607979 2883 1
197557.643528652 1218 1
197620.965354909 3761 1
198108.287669808 3953 1
198125.913438621 1777 1
198175.461798344 3479 1
198282.427338108 2792 1
198955.322805277 680 1
199015.009040594 1157 1
199261.690928581 2996 1
200345.942722789 2765 1
200504.365863125 3056 1
201127.985605440 2221 1
201559.490951555 834 1
202099.961511532 1066 1
202387.788833452 1473 1
202726.752617207 1617 1
202822.876327910 1760 1
203485.309442531 2222 1
204783.277096451 3469 1
205477.962512261 3489 1
205716.729960336 3264 1
205853.469409605 2894 1
205875.863245611 3376 1
206161.249666796 1701 1
206258.274312437 1997 1
206686.093784796 1870 1
207375.872088220 3773 1
207646.864042998 3136 1
208065.363512915 2627 1
208668.851699578 3942 1
209199.505091820 1673 1
209396.942839216 1339 1
209765.800503689 1170 1
210338.696128841 2772 1
210647.791909786 3802 1
210670.923515512 807 1
210978.305741315 3848 1
211564.983298732 1675 1
211978.781958687 2756 1
212251.041177257 2070 1
212529.335231502 2472 1
213566.237646625 2642 1
214119.307861640 2353 1
214186.258160365 540 1
214323.591505000 2083 1
214413.492476934 1783 1
214651.463452597 2473 1
215462.076250226 3898 1
215477.031366712 1505 1
215769.112170515 1106 1
216089.700520387 3870 1
216798.912450679 1241 1
217076.578683441 2536 1
217109.071630466 2994 1
217160.976344392 2998 1
217606.442696243 3306 1
217993.015675635 1729 1
218115.461531403 2466 1
218321.481214866 2468 1
218748.167179145 3142 1
219303.617561018 1124 1
219619.711166969 3859 1
219910.510535569 3712 1
219939.626531285 1305 1
220314.383580896 566 1
220566.664433348 2945 1
221121.308698003 800 1
221652.076408643 2812 1
221759.425144067 833 1
221892.304510327 3451 1
221972.022725945 2057 1
222205.396447627 922 1
222397.902675458 1317 1
222433.850941125 2083 1
223307.072468386 3522 1
223506.510302377 625 1
223860.828861345 3638 1
223944.141408130 742 1
224200.924048148 1831 1
224218.544074159 1825 1
224349.332610347 3768 1
224540.745150676 726 1
224595.735667876 3036 1
224794.189792958 2795 1
224907.466295092 830 1
225834.441992434 2120 1
226083.280279548 3978 1
226540.737312249 1618 1
226794.088037391 1726 1
226936.267679584 1972 1
227075.751880919 1707 1
227472.849241112 3495 1
228156.859519760 3513 1
228425.003903401 4006 1
228448.687391254 930 1
228724.706600993 2527 1
228925.593605182 1553 1
229213.464342128 1051 1
229303.342417302 3021 1
229768.895607064 1373 1
230152.771529259 3355 1
230719.092221465 3687 1
230866.074376635 3804 1
230973.898211398 3350 1
231336.622408569 953 1
231433.650072967 1617 1
231813.299811623 554 1
231849.459440208 2439 1
231882.500348992 3245 1
232002.801529531 2930 1
232174.455505868 628 1
232204.212953438 3241 1
233041.562800492 735 1
233106.457160461 2024 1
233607.110338679 3625 1
233636.785425545 4070 1
233802.691546878 755 1
233833.297302170 1725 1
234184.774410327 3523 1
234228.265631284 1372 1
234289.323376304 3805 1
234436.635126740 2124 1
234603.840803755 4027 1
234867.258767946 689 1
234917.003943432 1987 1
235046.753689436 2159 1
235254.335910005 523 1
235332.163309474 566 1
236242.958588438 3042 1
237228.389860961 1252 1
237557.772346599 588 1
238464.918652603 865 1
238593.998844808 2504 1
239046.098368504 3133 1
239205.812429251 3332 1
239287.211375906 1334 1
239760.930256187 2531 1
240309.115003314 993 1
240454.569171096 890 1
240575.384385631 1684 1
240911.320814031 3821 1
241196.323826440 2998 1
241332.684516512 2055 1
241359.489284426 1453 1
241515.327098559 785 1
241729.349765018 2156 1
241729.375497271 3581 1
241814.669140340 2816 1
241872.952945467 1864 1
242036.233088763 2683 1
242679.341888615 2185 1
242746.490821127 1577 1
242790.254157177 2668 1
243156.334748646 4022 1
243162.911080557 1617 1
243537.570382465 2062 1
244023.310927594 3848 1
244901.435602186 1914 1
245042.856949813 3048 1
245678.888053838 827 1
245760.045295132 3838 1
245811.779760913 1322 1
246408.937265705 3163 1
246410.296804287 1154 1
246538.878265556 4002 1
246699.168422403 3442 1
246906.745572496 3941 1
247224.142255891 1329 1
247489.526897593 2876 1
247581.004584819 1494 1
247650.802333804 3685 1
249395.303812616 1495 1
249741.462433918 3850 1
249835.388648086 2407 1
249903.342306431 1954 1
249916.988192068 1008 1
250639.827745918 3215 1
250670.602078167 1729 1
251008.990948420 950 1
251237.290652930 3782 1
251557.919420124 2501 1
251661.791059476 1473 1
252150.719558354 2089 1
252661.144849399 3169 1
253517.566795978 741 1
253952.062847416 788 1
254047.569029012 1562 1
254076.572631931 832 1
254077.165292315 1948 1
254756.432557089 2729 1
254921.183427533 2140 1
254998.243017168 1606 1
255033.329345751 2503 1
255381.027324284 3109 1
255399.191101235 2250 1
255694.630473760 3476 1
256600.171922568 2059 1
256997.838076092 3537 1
258311.725526437 1869 1
259617.204444028 2028 1
260693.561949333 3640 1
260902.509414322 2444 1
261280.781764761 2781 1
261444.810388561 2666 1
261742.849328748 1393 1
262244.682804060 3763 1
262495.933029737 1859 1
262556.537998100 2193 1
262565.815655368 4075 1
262662.680333462 3831 1
262865.647295254 3518 1
263002.146276558 3352 1
263252.858133664 3829 1
263694.683098216 1786 1
263942.240158229 531 1
264189.938261027 3417 1
264268.959276132 3034 1
264576.803924962 3075 1
264843.732016661 1170 1
265709.033567123 2318 1
266439.638434520 3389 1
266621.660559572 3337 1
266627.219582806 937 1
266897.744107731 2409 1
266905.512571382 3641 1
266945.478642507 2540 1
267995.808169891 2913 1
268110.303590184 2339 1
268173.785753601 3163 1
268499.629376733 914 1
269528.845878555 842 1
269548.509949199 3167 1
270602.896398486 1693 1
270603.708395553 665 1
271403.101465631 3695 1
271660.579225580 1302 1
272064.846033279 860 1
272646.224381308 3776 1
272810.728261846 2437 1
273043.115859384 892 1
273250.313379412 983 1
273431.329241516 2501 1
273554.491325595 1066 1
274014.882274490 3811 1
274313.651410038 3906 1
274492.680696731 2903 1
275166.158431944 2213 1
275616.029094861 3606 1
275647.052761369 1656 1
275806.076123323 1132 1
275831.461193354 2685 1
275987.325766562 2733 1
276100.833133796 2399 1
276943.784259079 887 1
276951.953907154 1840 1
277305.961252520 2870 1
277449.672787560 2184 1
277583.623416401 2034 1
277586.369844997 3243 1
277690.856535325 3011 1
277923.831896282 2474 1
278860.704298000 4029 1
278997.724954439 2690 1
279184.457601027 1405 1
279855.152991182 2738 1
280296.096533242 1001 1
280950.186487810 802 1
281183.800740116 2752 1
281320.331639678 1194 1
281322.432355995 767 1
281998.813602366 612 1
282117.294266092 1010 1
282467.353962119 2259 1
282606.115213226 1605 1
282872.459936825 3670 1
283178.474282040 2048 1
283263.315224277 843 1
283446.536233772 1313 1
283540.484146290 3790 1
283658.814972997 1171 1
283815.259888990 3666 1
284229.242144167 1900 1
284285.112075050 736 1
284487.066848047 3205 1
284610.078103268 3568 1
285120.966846957 2011 1
285582.862174489 2999 1
285962.326007229 2105 1
286096.078765890 1145 1
286105.190518775 3459 1
286145.134934817 2523 1
288078.774475042 2196 1
288137.100484367 555 1
288275.028443113 3195 1
288568.547707093 1143 1
288946.688659539 1297 1
289549.989191053 2094 1
289778.059226681 3090 1
290233.539326395 3002 1
290416.469245354 702 1
290677.888474663 894 1
290795.027522077 1189 1
291005.814835038 2707 1
291031.970272198 953 1
291252.525073192 1954 1
291746.939964266 2378 1
292068.970504126 3888 1
292096.626035385 2488 1
292538.470640175 3884 1
292630.674409919 799 1
292773.626457092 3305 1
293041.151616081 3286 1
293466.042236866 1781 1
294116.010926162 3921 1
294231.911274857 639 1
294696.050090978 2700 1
294791.607818920 1682 1
295071.248767074 1975 1
295656.702745727 2865 1
295770.565546128 4066 1
295956.195800962 3142 1
296009.770918255 2870 1
296437.457130155 2366 1
296665.233587642 2685 1
296808.243008172 966 1
296990.911947370 2041 1
297137.089966430 2773 1
297536.644441055 1443 1
297599.957877654 4054 1
297763.721610214 2485 1
297897.638180954 600 1
298016.860979875 2382 1
298134.864302768 2948 1
298699.080743080 3476 1
299042.165013421 3020 1
299274.908426314 763 1
299576.242169379 765 1
299647.707953399 2503 1
299993.517810952 3809 1
300338.804551584 3976 1
300916.809108830 2582 1
301381.348384593 4031 1
301929.013338011 2576 1
302230.294293944 1381 1
302791.055489194 2413 1
302912.636719460 1528 1
303354.567387375 2807 1
303504.355857120 3025 1
303654.662946215 2748 1
304939.452173593 1816 1
305100.477484185 1008 1
306226.705897411 2049 1
306814.981868320 2532 1
306988.240567288 2841 1
307023.347877445 735 1
307202.943136612 1595 1
307296.007583367 1995 1
307355.114783872 1950 1
307731.091715476 3139 1
308030.676379325 1849 1
308311.360307483 1238 1
308645.304863148 3330 1
309464.753679931 2330 1
309568.657824045 1623 1
309726.079559891 653 1
310427.883797397 2050 1
310488.689177409 642 1
311002.611420061 959 1
311467.408340388 2416 1
311683.639726758 2367 1
311917.965989332 1138 1
312146.025669503 1621 1
312449.210335538 2965 1
312593.181686746 3443 1
312979.466285185 1817 1
313047.183011378 1658 1
313441.946840636 3197 1
313810.584954402 1598 1
314239.957338073 1185 1
314246.492163097 2038 1
314349.201906620 936 1
314630.522297217 3722 1
315128.486416040 2089 1
315718.587049186 3268 1
315805.856003051 3163 1
315967.228789574 2472 1
316057.676117160 958 1
316603.145158592 719 1
316795.514742104 2563 1
316831.050021683 1035 1
317286.781757216 2439 1
317778.991506679 3238 1
317854.881035806 3566 1
318040.117032501 2413 1
318184.292743481 2166 1
318501.647060798 895 1
318683.263037725 639 1
320062.939738543 939 1
320881.594725520 2873 1
321035.130919356 2102 1
323316.889585547 922 1
323637.828926634 1997 1
323784.185093293 1981 1
324055.389028898 3584 1
324432.935164522 1396 1
325213.523733979 1134 1
325230.635820671 2082 1
325291.126864957 2067 1
325820.129627322 1940 1
326028.267618618 3680 1
326188.405939674 1739 1
326235.507759843 3416 1
327129.097724669 3100 1
327159.933707795 2768 1
327628.978792219 2608 1
327844.283005573 3142 1
327887.201491258 3085 1
329031.760125055 1290 1
329334.466767959 1486 1
329355.168170100 1350 1
329614.682291166 2522 1
330017.295496774 1470 1
330917.820129856 1084 1
330942.127215331 684 1
331109.467420904 2666 1
331150.360736853 2565 1
331238.551601721 1330 1
332028.161340004 2364 1
332096.650462034 1577 1
332238.668668705 1489 1
332276.594465383 3011 1
332278.049832733 1102 1
332295.638085700 1988 1
332721.647915536 653 1
332826.090869185 3688 1
333336.102724738 1556 1
333708.240747782 1016 1
333776.358281703 4058 1
334229.762286557 2863 1
334367.456408249 3937 1
334683.039164094 3955 1
334772.407147723 2195 1
335184.020036388 1945 1
335419.615575489 1463 1
335447.367011940 3226 1
335505.800179006 1979 1
335934.290193859 1946 1
336220.363145991 1988 1
336389.223965384 3994 1
337008.835149044 2035 1
337410.290528178 1615 1
337433.209166996 3923 1
337672.067675681 3784 1
337822.147453426 2039 1
337909.588264238 3258 1
338077.212363141 2186 1
338166.886246444 3749 1
338238.074350924 2554 1
338305.133890657 572 1
339170.753684942 3022 1
339233.329551072 3740 1
339312.429523952 2565 1
339886.514669362 1732 1
340073.948950715 4081 1
340077.771810045 1436 1
340141.501645799 1053 1
340187.608237407 1865 1
340564.844107928 3183 1
340735.196544405 543 1
341131.466708075 824 1
341449.292744865 3478 1
341996.440920717 2125 1
342308.688463059 3838 1
342533.563774214 3254 1
342870.986771913 3218 1
342921.422701361 950 1
343823.867846927 2247 1
343923.482709029 3987 1
343991.212649490 2546 1
344087.397284290 1863 1
344467.061877149 576 1
344706.331205020 3253 1
345032.069087149 2983 1
345278.203407871 2538 1
345631.369837061 3607 1
345753.731185412 2265 1
346076.328431906 4073 1
346506.887090148 2648 1
346643.465906835 599 1
346899.624148467 2898 1
346987.112937913 3212 1
347106.433446265 1428 1
347151.673991411 2360 1
347299.798272967 2811 1
347409.341925330 3806 1
347492.039795374 1079 1
347500.674179551 1004 1
348251.442690293 1083 1
348380.529920169 3462 1
348741.435740050 902 1
348857.543883730 2296 1
348948.943013769 2587 1
349454.780904231 3153 1
349529.277171883 1092 1
350107.801825241 2332 1
350199.629102083 1556 1
350332.338923497 842 1
350756.836353418 2875 1
350839.216948964 3756 1
350904.628219159 1182 1
351605.683312760 979 1
351631.559802101 1359 1
351637.126216541 1007 1
351718.649757788 1149 1
351800.778434499 3842 1
352016.386275462 1843 1
352204.299701601 567 1
352429.666751171 598 1
352742.209995378 1079 1
352871.590937975 2596 1
352887.145448726 3966 1
353210.102980287 2376 1
353280.796015756 2774 1
353468.676830517 3382 1
353752.807038904 1763 1
353753.263934789 2480 1
353853.448809594 2670 1
353968.033473951 2334 1
354161.212723177 3967 1
354183.692798513 738 1
354404.201997441 1877 1
354719.966066913 2868 1
355061.891979143 2175 1
355100.667790000 582 1
355433.854133992 2251 1
355501.394221617 3029 1
356203.067196926 573 1
357066.981469251 2653 1
357079.782966646 767 1
357119.345179252 3014 1
357710.031134568 3197 1
357780.217274504 2810 1
357921.582206899 3112 1
358684.753097706 1876 1
359473.605425197 3828 1
359919.133789825 3357 1
360780.095498252 3506 1
361096.592127811 2669 1
361800.006260044 922 1
362424.032558949 2523 1
362532.052326953 3809 1
363421.688902467 1966 1
364068.937982343 624 1
364493.219800395 1780 1
364656.734611338 3421 1
366747.080478369 3786 1
368318.324524239 3781 1
368375.385715876 591 1
368521.863688744 3559 1
368528.734287208 3803 1
368536.055999618 2960 1
369709.965029189 2099 1
369848.913304307 2383 1
369851.301430133 2478 1
370065.275673734 835 1
370069.023031494 1306 1
370106.880655617 4002 1
370437.220487807 3402 1
370506.245552552 1712 1
370522.960187730 2818 1
370736.007736046 2510 1
370959.314791088 767 1
371211.631850372 3023 1
371507.213038450 3437 1
372087.794721127 1649 1
372400.126786875 1240 1
372606.259094384 1937 1
372617.879502936 3514 1
372873.009423593 3693 1
372905.892038889 2762 1
373102.286520581 2204 1
373633.542230860 821 1
374067.378069642 1288 1
374069.336964614 2023 1
374854.203955617 2448 1
375416.590204475 1878 1
375680.134597991 2614 1
376093.984310464 2651 1
376516.719700929 1758 1
376934.119804500 2795 1
377377.839630592 524 1
377536.017660518 1656 1
377648.893295528 3200 1
378315.709844180 1614 1
378487.066210871 2672 1
379238.899998971 1961 1
379358.188476744 3809 1
379684.614602170 3556 1
380185.521371429 3976 1
380587.475574361 3136 1
380889.724662573 2911 1
380982.180904720 1415 1
381216.656326893 1930 1
381524.088380798 2337 1
381581.583561262 1347 1
381851.928776532 1534 1
381975.313669754 3738 1
382704.287632972 2925 1
382947.579918032 3825 1
382978.321211748 2460 1
383046.171334670 1748 1
383328.706261360 3227 1
383686.588046935 1093 1
384024.981861686 1770 1
384199.358481044 2784 1
384244.800384143 3366 1
384482.431766345 1665 1
384510.144259311 3494 1
384527.302169720 2793 1
384534.216963319 2153 1
384651.600110476 1054 1
384688.278333486 3053 1
384714.885954804 2730 1
384867.267250136 3344 1
385449.339267751 1777 1
385517.254271636 1157 1
386078.405914285 2962 1
386114.115037275 3696 1
386497.622088335 2666 1
386744.669624693 1370 1
386878.132791013 1094 1
386984.691551412 3225 1
387215.656304652 2710 1
387239.509664128 1335 1
387320.833753458 1277 1
387509.787259833 3583 1
388025.304397631 523 1
388206.579719357 690 1
388238.324639625 2156 1
388473.796171411 2281 1
388540.065868230 986 1
388590.263397634 1413 1
388620.674857061 2576 1
388781.476134666 1329 1
388920.329580719 2673 1
389566.895159664 1701 1
390262.683832777 2944 1
390368.199075195 3275 1
390410.811251172 3322 1
390525.772259030 1154 1
390942.013101506 1154 1
391242.566402822 1308 1
391290.328603560 1600 1
391374.431945641 3121 1
392195.284235170 1317 1
392252.134936241 2150 1
392543.160457992 579 1
392680.354131639 3957 1
392790.219908148 3109 1
393117.487804242 1591 1
393119.977104268 1956 1
393448.203478362 2848 1
393659.050358450 2294 1
393667.615460598 4023 1
393720.978481148 3089 1
394025.041415967 2907 1
394132.010574190 4092 1
394569.748377307 3403 1
394780.191287779 1248 1
394809.216163912 3136 1
394849.159358401 2162 1
394999.177260252 3685 1
395221.551737151 3678 1
395770.023191884 3843 1
396103.565397527 2792 1
396374.191474443 2199 1
396445.171725699 3075 1
396672.393223089 954 1
396907.065238460 1513 1
397628.223235990 2470 1
398071.671491498 1030 1
398103.023828103 1272 1
398189.357924406 1813 1
398715.135241959 1481 1
398723.322570891 1300 1
398748.487475707 1498 1
400441.426708055 2072 1
400443.398972269 1787 1
400583.899503369 3093 1
400734.219984162 2732 1
400752.571078115 2413 1
401109.335261547 3355 1
401276.345564931 1930 1
401531.806211111 1501 1
401588.771218247 2820 1
401635.159871421 3824 1
401947.976626689 2967 1
402040.480460833 2339 1
402064.899713673 2494 1
402099.200446702 1176 1
402569.761668774 1457 1
402864.230118802 921 1
402942.764925531 1587 1
402985.111190253 1922 1
403038.776143774 2708 1
403077.607623209 2339 1
403139.531698066 3258 1
403459.439915002 3374 1
403499.403558436 2517 1
403846.516676528 3553 1
404117.775365892 2016 1
404139.078320090 686 1
404184.258738148 1965 1
404308.238600407 3672 1
404442.154965289 2923 1
404711.970938331 2062 1
405033.986699272 1687 1
405154.767067906 1280 1
405200.249650464 536 1
405409.366735554 2401 1
405680.724135680 3796 1
405946.883441615 1124 1
406142.398848013 1663 1
407055.165001434 3547 1
407186.481166906 2875 1
408919.588285155 1930 1
409100.344662200 3283 1
409234.134475837 3148 1
409608.972573132 3119 1
409952.308709671 3662 1
410044.277321420 1408 1
410333.998796163 3176 1
410861.050196002 1128 1
411053.670136020 1749 1
411723.366682414 1572 1
411753.855823193 3760 1
411880.245918050 1809 1
412397.788198787 2562 1
412666.574871875 680 1
412762.327541141 1026 1
412962.773321455 559 1
413259.323276511 2983 1
413589.226832229 3700 1
414069.559612754 894 1
414116.383650232 1766 1
414214.094168660 1357 1
414228.820424577 2855 1
414553.778777088 683 1
414648.173601647 2928 1
414670.477742690 2158 1
414735.272110008 3440 1
415300.868656344 2429 1
415449.797338446 3893 1
415858.450703641 1271 1
415951.531377517 900 1
416110.460127433 2682 1
416525.767954052 3823 1
416656.967465376 907 1
416758.478777209 790 1
417127.839787767 2997 1
417609.033782090 2158 1
417865.584740339 1953 1
418006.575648524 1546 1
418097.533696671 1471 1
418394.415942263 1158 1
419043.459420670 2920 1
419047.512344961 1597 1
419296.032472761 2529 1
419742.631408009 2288 1
420787.033295151 651 1
420805.833390311 884 1
421079.014140236 2845 1
421266.194100620 2317 1
422330.862744137 541 1
422509.512869202 1242 1
422540.757725933 3766 1
422839.203978350 4046 1
423043.760484356 2894 1
423324.908229305 655 1
423405.359653301 3157 1
423683.031487246 3619 1
423691.594694667 1382 1
423897.541840927 1438 1
424587.175427157 903 1
424725.504833695 2374 1
424730.441200518 2183 1
424760.053829962 2708 1
424798.301456027 2884 1
425076.208423192 2859 1
425444.983685192 1412 1
426165.810994850 3928 1
426611.055431036 2856 1
427119.969633532 1827 1
427390.006240283 1029 1
427397.680411290 3003 1
428582.156816653 2521 1
428635.914634244 2500 1
429061.980494014 2107 1
429649.489444786 2156 1
430237.528497256 3679 1
430265.332430339 1762 1
430386.944171998 2937 1
430756.148696828 3737 1
430792.377198129 3662 1
430955.699346402 2212 1
431059.810033313 1669 1
431213.119207007 2762 1
431587.735535053 1248 1
431699.361868320 1787 1
431865.336437141 4047 1
432108.866757565 1498 1
432438.163352709 3465 1
432811.489509139 1817 1
433584.740997388 2860 1
433590.238405466 1784 1
433641.281885535 2683 1
433861.537734898 3337 1
434256.567710820 2834 1
434600.348324978 1685 1
434680.606012244 1827 1
434741.027514063 1702 1
434753.467548345 2299 1
435260.771609396 1700 1
435331.230175665 2629 1
435851.280734922 741 1
436578.230730487 1634 1
436925.944707244 3852 1
437269.272533155 646 1
437281.862031813 2840 1
437295.486274346 1316 1
437312.468281230 3754 1
437407.541128274 765 1
437835.935966872 2546 1
438027.894462801 3991 1
438877.509277736 697 1
439295.274153394 3518 1
439754.106047859 2089 1
439896.624512944 1146 1
439997.782699261 3020 1
440336.606383955 2371 1
440371.014641393 918 1
440377.625641724 2308 1
440574.916608317 670 1
440676.079004044 2849 1
440715.166755864 3644 1
441562.813721120 918 1
442448.919287772 3884 1
442961.863474331 856 1
442976.744157577 3344 1
443054.874246863 846 1
443570.212289878 735 1
443613.797015322 1050 1
443853.122860406 834 1
443952.369567971 2095 1
444200.184934463 4050 1
444437.174276572 3542 1
445249.689864945 1581 1
445282.349241287 2043 1
445655.673972184 3008 1
445749.170212363 1568 1
446099.094813966 3903 1
446226.940900192 3199 1
447421.394289323 3190 1
447641.184562037 2768 1
447745.731321476 2102 1
447783.450766983 4092 1
447981.722656996 2665 1
448055.996026498 3688 1
448480.007346899 2550 1
448924.410580228 3532 1
448987.853431104 3849 1
449369.951690842 3416 1
449434.113950426 2377 1
450204.898372588 2433 1
450212.164926914 2394 1
450250.139663212 816 1
450398.908947383 3700 1
450639.209439989 4056 1
451101.356642417 1588 1
451213.638600674 1279 1
451696.109471476 3622 1
452522.312648422 1065 1
452617.220953429 1926 1
452699.744920385 1147 1
452918.772154063 3568 1
453144.910209551 3469 1
453341.898225172 1711 1
453545.291590573 2714 1
453613.586112076 3187 1
