3 2.764954075 2.143168472 16.901505832 637299 22
33703.854851025 32.795296808 0.002246265 0.000134862 179.055115803 0.500000000 0.500000000
9
1 0.313053922 2.455718323 0.031094792 0.250302966 4.421521497 1.671175719
4 1.017115193 9.822873291 0.101027279 0.502475656 8.876071077 3.354834864
16 3.304617012 39.291493165 0.328238597 1.008704728 17.818445037 -1.000000000
32 5.956575222 78.582986330 0.591650375 -1.000000000 25.246101097 9.542116032
128 19.352969992 314.331945322 1.922277740 2.869046601 -1.000000000 19.155510200
256 34.883746316 628.663890644 3.464907405 4.065014673 71.807178540 27.140524668
512 62.877985010 -1.000000000 6.245498804 5.759524537 101.740151014 38.454109107
2048 204.291176010 5029.311125149 20.291685481 11.562071834 204.240285268 77.195464480
4096 368.235033773 10000.000000000 36.575781853 16.381745646 289.378275106 109.374555211
1833
0.000000000 2057 1
1267.380071804 3367 1
2022.718203384 2455 1
2484.834927730 3329 1
2949.211118427 1062 1
4500.870866456 3059 1
4848.294299910 2861 1
6461.376499683 2069 1
6505.614745150 2541 1
7037.935236146 2848 1
7205.239471109 1242 1
7785.468572017 3772 1
7895.992107923 1292 1
8649.234241426 2021 1
9886.349217589 2916 1
10123.838551180 3750 1
11277.168420106 808 1
11312.471250343 3297 1
14351.162418915 580 1
15593.089915773 2517 1
16999.935519773 1643 1
17165.878488473 577 1
17232.125365654 2820 1
17814.894679060 916 1
18910.442656917 951 1
19341.397103995 2183 1
19812.929375620 3437 1
20079.533401536 3177 1
21338.507046942 3227 1
21911.447469207 1843 1
22822.848392210 3228 1
23069.541167867 1388 1
23993.224782862 605 1
24244.248188218 2554 1
24868.279191849 4062 1
27145.572290744 2129 1
28057.767674620 1866 1
28458.418363102 2189 1
28696.537549923 1690 1
30591.512109468 1195 1
30764.339710661 3448 1
31112.282288137 778 1
31510.083266375 3697 1
33397.127042668 1937 1
33462.433215853 2675 1
34000.571632675 1862 1
34932.235080662 2352 1
35973.447423998 2153 1
36054.171885783 2041 1
38033.465623183 2532 1
39009.558945764 3787 1
39675.304246350 2474 1
40337.253770795 3787 1
40580.052537804 556 1
40846.385399242 4055 1
40898.726599263 3512 1
41158.076854220 2368 1
44312.218754554 2200 1
45348.791454521 4016 1
45415.849917004 4022 1
46023.226796734 1932 1
46030.995674167 4045 1
46728.511763179 2940 1
48296.858098003 3360 1
48562.144750172 3339 1
48742.261401636 1925 1
48784.805885641 1817 1
49013.032915685 2188 1
49159.975484003 2733 1
49347.160837220 3063 1
50344.896395389 670 1
51124.034850790 1220 1
53041.948650543 3184 1
53209.654520548 1154 1
54957.576073768 1168 1
54966.681761490 2126 1
55472.389859931 1783 1
56313.495330285 3221 1
56845.547807088 3342 1
57091.395309458 620 1
57494.849914708 1902 1
59344.629770921 2413 1
60740.366843079 1294 1
61330.291450258 3382 1
61464.616779681 1699 1
62412.826408773 3897 1
63677.948691678 1731 1
65264.399836825 601 1
65636.678713620 3261 1
65938.232675566 1364 1
68459.304206649 2227 1
70211.812174832 2596 1
71549.072787784 3259 1
71837.043355354 3998 1
72191.223799309 2763 1
72601.645985351 1513 1
73028.751747752 3654 1
73954.927407240 1552 1
74580.758191988 1582 1
74971.636419367 3941 1
77442.152874416 2996 1
78315.059767313 659 1
79206.124081612 3997 1
79628.519991002 1568 1
82589.743454298 1046 1
83408.893780697 2495 1
85686.563991562 1465 1
86891.174939966 2095 1
87278.105262695 2152 1
88246.817137133 2533 1
88794.188344485 1558 1
89134.563769077 1151 1
90429.928926514 3577 1
91259.533792190 2773 1
91441.779807429 3954 1
91938.754321448 2366 1
92349.134860393 922 1
93059.884901104 3576 1
94227.765916487 3680 1
94248.282394193 1093 1
95216.748583571 2348 1
95391.767708335 2368 1
95654.238890179 3456 1
96503.863663033 692 1
96954.990493904 2283 1
97691.959796086 3831 1
98190.319240773 2078 1
99585.588254836 1361 1
100253.424677475 2109 1
100472.060826835 754 1
100504.937370397 2636 1
100505.355513552 1562 1
102987.818616415 1310 1
103063.669447738 2438 1
103241.170521997 972 1
104325.975406808 2875 1
104957.709640734 3251 1
104999.324669119 2623 1
105866.365098565 3712 1
106592.805451051 3658 1
107747.933107468 2001 1
108609.133780158 3898 1
108801.534622887 1487 1
109496.403382434 3696 1
111495.293264310 2801 1
112161.411786751 3734 1
112903.744857340 2831 1
114190.136661313 2357 1
114203.028600894 1724 1
114794.985856900 3302 1
114814.324547711 1787 1
119352.690849462 3993 1
119943.860638993 3032 1
121357.192034915 979 1
122587.527954061 1596 1
122871.292246113 3716 1
123025.656759499 1039 1
123309.660119872 3205 1
123421.312676445 1313 1
123639.885851565 1090 1
124220.087835080 2583 1
124220.433877829 1450 1
124491.751055120 3563 1
125444.560879268 1152 1
125830.320200062 3068 1
125970.026815456 2541 1
126522.593314819 3530 1
128173.392896000 1124 1
128719.648610030 2066 1
128778.905016245 2633 1
129083.298594845 1760 1
130436.451360220 3316 1
130666.306885753 2332 1
130966.475059107 1739 1
131508.902879616 573 1
132379.448488175 1439 1
132497.163848432 3297 1
134591.886707402 1190 1
134647.370406872 2740 1
135129.559603443 1808 1
135513.494266692 3089 1
135611.940943539 546 1
135977.450304182 2874 1
136289.317672917 655 1
136683.733625608 1612 1
139107.830774408 1743 1
139493.485207637 2146 1
139965.056070187 1590 1
140824.106328938 2303 1
141252.656594566 2942 1
141295.910825702 745 1
143252.596091222 3616 1
143292.525260982 3941 1
143425.449687663 1351 1
143485.700944951 2365 1
143888.012415231 1674 1
146194.066679085 4013 1
148684.648599599 1905 1
148827.065978215 2303 1
149079.430057614 1033 1
150386.549002758 1107 1
150529.528785828 1873 1
151244.255829059 1411 1
152207.800750127 3631 1
152532.507344873 1285 1
153461.000109276 3815 1
154467.185622917 2015 1
154748.680247824 3703 1
155720.012739657 1574 1
156791.815273706 1570 1
157148.624312639 2304 1
157714.762016816 746 1
158184.961209052 2823 1
158958.853014229 2797 1
159684.133757461 3547 1
160290.942285860 2652 1
160789.922499744 3233 1
160863.611893020 733 1
161132.890666445 3820 1
163205.220058363 3758 1
163558.642170925 1827 1
163813.566982229 1655 1
164325.901363646 3983 1
165465.746428057 1474 1
166942.803778276 4045 1
168170.801279102 2670 1
169640.639166820 2808 1
171244.714986868 3769 1
171491.944480369 2484 1
172345.795711614 1832 1
172419.940210288 1473 1
173209.796878217 3819 1
173871.615102423 3615 1
174673.449470414 3828 1
174943.002647721 2674 1
177124.813739075 2847 1
178571.258538416 3272 1
178931.656393954 2552 1
180613.251078314 2160 1
181382.027920964 2562 1
182708.712771577 896 1
183504.972487232 2433 1
183706.834056626 888 1
184005.608017961 2135 1
184234.211977801 901 1
185709.519548095 2779 1
185738.749008765 2528 1
186288.393290900 1637 1
186468.301032885 3798 1
187759.049926864 2124 1
188205.967610887 2637 1
188730.538690756 1862 1
189919.322905056 3302 1
191104.387440057 1198 1
191371.409848271 1502 1
192205.826024854 1820 1
192407.862571806 2506 1
192840.442782555 979 1
193752.248522023 771 1
194299.918348016 3886 1
194801.997085125 3264 1
197300.246283533 1799 1
198435.020026970 3868 1
199246.018039860 2215 1
200440.824595256 1111 1
201696.214859759 803 1
203369.132598907 1203 1
203738.767979659 778 1
204651.907380038 2227 1
206214.265853395 746 1
207224.383985786 2116 1
207695.174102918 2565 1
208004.643557705 1047 1
208064.653779279 1870 1
208219.806881363 1521 1
208344.904957388 2411 1
208690.632765897 1983 1
209223.671887861 3034 1
209261.542201925 3584 1
209428.262760377 3961 1
209661.187130125 4040 1
210678.268266144 1642 1
210862.224723195 2323 1
211884.499713899 3617 1
212145.288060409 1117 1
214094.235661097 798 1
214140.586730651 1222 1
216174.514678424 1022 1
216381.476842228 849 1
216409.932480801 3366 1
216963.747842745 1375 1
217033.646995060 3113 1
217090.373648813 3369 1
217540.003658162 1665 1
217641.014131080 2936 1
218807.437757315 1345 1
219286.274463240 1783 1
220489.798002575 818 1
220590.467286597 2176 1
221041.825204606 3222 1
222172.069981473 3102 1
222353.292563678 3706 1
223244.505813965 1768 1
223386.621838426 2297 1
224072.244137483 1477 1
224796.001801310 3015 1
225211.845627144 1313 1
225893.213810157 1565 1
226962.450005556 1592 1
227211.733915554 3856 1
229888.684439039 3086 1
230911.893642322 2756 1
231418.369211525 837 1
232285.816113275 1037 1
232321.560296182 1448 1
232581.394017285 2169 1
233791.615291351 1646 1
235749.249314163 2900 1
235761.148749492 3356 1
235856.884028587 3176 1
236283.250088697 3085 1
236471.249018841 3069 1
237136.126678392 3935 1
238942.226750329 1187 1
239093.358836604 3271 1
239800.665167809 1417 1
239829.137413381 2408 1
240985.588881706 1163 1
241374.338054424 3562 1
244303.432018063 2558 1
244312.459185765 763 1
246148.248035993 1830 1
251954.365265486 615 1
252147.540658063 1774 1
254144.991876831 2912 1
254792.146815689 1932 1
255903.889520046 2813 1
256282.994691806 1599 1
257108.086120322 2363 1
258313.228676580 1116 1
259710.825776645 1609 1
260338.860484964 2643 1
260772.752289015 3375 1
261434.418459787 3699 1
264016.655212496 1793 1
264059.215391405 3328 1
264271.247570186 3641 1
265048.193935665 512 1
265219.717541963 2229 1
265608.709663448 3686 1
266300.254009227 2650 1
266902.722809156 2193 1
267317.468658872 985 1
267322.908459906 1003 1
267348.160557350 3659 1
268444.264995519 1347 1
268596.009649246 4048 1
269051.359915157 2260 1
270095.826002946 2678 1
270661.764949590 2745 1
272882.995010186 817 1
274459.114848366 1604 1
274724.620993614 1473 1
274836.411407227 2720 1
275544.949065499 932 1
277532.949815277 611 1
277774.693996820 3755 1
279677.171027282 3513 1
280015.457240857 1563 1
281069.407648144 1739 1
281463.957214009 1373 1
281911.047487652 2012 1
283202.602042733 3626 1
283468.286129602 3629 1
284480.174761130 3416 1
285201.081862431 792 1
285229.447920379 528 1
285878.409462118 2716 1
286272.857699777 1772 1
286539.333311771 2701 1
286542.332570228 1462 1
286884.271633400 2363 1
286987.884360319 2534 1
287213.865362215 2099 1
288330.392672824 2455 1
290755.430975391 2190 1
292429.146688717 847 1
292627.161988484 3096 1
293322.227786921 1458 1
293612.807035648 2703 1
294903.132323805 2201 1
295335.944233712 1632 1
295459.846080988 1845 1
295603.280496396 3765 1
297673.705695431 1086 1
298856.485559773 1110 1
299484.509524234 832 1
300875.239872368 2850 1
301670.105274517 740 1
301706.606045221 1643 1
303546.908053462 986 1
306359.479744184 3430 1
307085.821690448 1807 1
307473.478487936 629 1
308264.817891576 1606 1
308523.268484921 726 1
309845.162077760 3072 1
310274.992282442 957 1
311168.030345719 4012 1
311521.406689234 992 1
311612.275679433 1379 1
312080.137024273 1214 1
312251.598354683 2682 1
312903.718323547 2467 1
315091.890045584 2701 1
315491.471044179 2741 1
315865.367090997 4087 1
315875.103013395 2348 1
315907.880432195 2842 1
316164.188422652 3979 1
317010.885094366 753 1
317253.438659692 2436 1
317588.350802372 1649 1
317918.626087455 2604 1
318336.454887417 1289 1
319454.492478118 1952 1
319498.545686092 2627 1
319633.589605220 865 1
323965.725211356 2765 1
324818.567010316 3885 1
325153.403671194 2202 1
326182.863436888 2088 1
326243.207005402 1661 1
326586.032575275 1535 1
327182.571672848 2065 1
327409.419472309 719 1
327465.576397762 2795 1
328040.583259555 2677 1
329345.973375316 3163 1
329954.633208394 3957 1
329982.500187318 2021 1
331689.616001427 1498 1
332715.251010712 1289 1
333299.630691048 3317 1
333907.436227795 2703 1
333997.543609839 3660 1
334184.390629733 1761 1
334206.321673604 3948 1
334504.312606471 534 1
335478.584688988 3158 1
335649.011870951 2099 1
336996.437335760 3199 1
337097.635445145 3362 1
337927.325286400 961 1
338739.293219436 891 1
339096.692834638 815 1
339370.770239935 2021 1
339983.182654063 3749 1
340970.449832966 589 1
342971.698068015 3861 1
343310.907894094 3702 1
344137.944478020 2870 1
345083.608410227 2181 1
345968.257986737 1956 1
346359.512068713 1446 1
346419.141925664 2408 1
346715.375254493 2030 1
347579.421982226 3266 1
349328.858554758 3833 1
349581.537092831 3283 1
351876.814249883 2152 1
352493.797492194 1793 1
358072.017299932 3367 1
359498.352197980 914 1
360770.208553630 3191 1
361942.205092898 850 1
363228.747355748 3117 1
364768.251171646 1410 1
365122.044631725 1255 1
365527.385281215 1452 1
367552.377842141 3996 1
367617.577369594 2578 1
368195.682357053 3244 1
369366.215832906 1480 1
369568.063329944 1825 1
370756.466848393 808 1
371741.171364466 971 1
372400.715494968 1856 1
372427.150536594 1812 1
372546.973368432 2728 1
372871.083094471 3671 1
374096.046652679 759 1
374209.963825595 2473 1
374324.038298423 3544 1
376964.734986192 2851 1
377721.425983057 2992 1
377870.494867114 2072 1
378816.888093540 2105 1
379520.636988591 4015 1
379790.351086110 928 1
379795.504702829 2629 1
380191.265595386 994 1
380625.434694306 1011 1
380953.083078321 3388 1
381787.076568625 2738 1
383789.260485430 3054 1
385816.878348122 2501 1
386352.363752214 1213 1
386689.081810544 1472 1
387320.126952498 1580 1
388969.226356754 1401 1
389102.747991783 1077 1
389347.156332135 3616 1
389732.206074229 3039 1
390297.750350705 3155 1
390974.787511704 3235 1
391686.055316626 2391 1
392300.378034503 2854 1
392325.657497936 1437 1
393098.846250356 1567 1
394611.038785681 2328 1
396434.809443807 1216 1
397818.147853391 2013 1
398071.065122689 896 1
398157.298881734 2602 1
398291.138502120 1492 1
398360.927834922 2777 1
399097.553201650 3319 1
400667.391431173 927 1
400973.701993880 569 1
401084.824961003 1298 1
402499.436307831 3224 1
405913.692079826 2337 1
406152.697054992 3326 1
408073.227153302 3732 1
408603.881994367 2382 1
410352.983392779 1488 1
410746.917475035 1336 1
411101.891230397 1420 1
412012.031802742 4067 1
413868.528451598 1132 1
414502.649267549 1072 1
414740.378232665 2118 1
414815.340549557 3126 1
415373.963411226 2205 1
415707.455591090 1723 1
415940.406381805 3207 1
416183.334146953 1213 1
416365.344571185 2249 1
417604.293054773 1244 1
419014.953874479 2465 1
420754.362379921 520 1
421046.431543599 2714 1
421773.741572009 3872 1
421859.809865335 921 1
422241.662713026 2174 1
422287.421910646 1551 1
422289.362812998 2832 1
422608.698036459 1246 1
424290.406047189 1733 1
424858.337336145 1875 1
425262.227408626 1540 1
426007.255807809 3675 1
427671.322180813 3619 1
428056.614251182 714 1
429254.774443922 3176 1
429543.648480604 2097 1
429965.098774527 3494 1
429980.655830964 1592 1
430589.141133323 1226 1
430873.856046305 1758 1
433954.434695858 2604 1
434771.836582341 3880 1
434949.412318215 1749 1
434991.911365431 625 1
435216.121670190 584 1
435323.253929875 1969 1
435975.145565233 2910 1
438077.412594285 2340 1
439345.880810146 3811 1
440621.468103954 3652 1
440650.026909925 3113 1
441414.807313186 914 1
441510.145192515 3666 1
441553.000194416 2016 1
441717.159287555 3264 1
442347.363439232 1094 1
443387.581305640 3400 1
443985.087941842 916 1
444569.528886676 1700 1
444717.131521952 3995 1
445684.882904638 1581 1
446655.635938395 1356 1
447026.167048661 1963 1
447909.360777233 702 1
448771.495370751 3774 1
448878.755199139 1284 1
449189.190042661 1109 1
450189.735575926 3972 1
450611.629994185 533 1
451214.985617900 2165 1
451264.162086628 1854 1
453235.633653439 2646 1
453318.373662920 4036 1
453424.447746320 1916 1
453676.901525308 3523 1
454257.152182390 1309 1
454600.420348294 2468 1
455164.948034295 3867 1
456171.092840175 1089 1
457931.197192738 971 1
458596.650056013 645 1
458709.452447153 549 1
460845.763263092 3713 1
460900.572189171 2607 1
460966.015556002 3725 1
461810.319989899 1125 1
463229.973648871 2181 1
464532.486284452 3663 1
465258.941885949 1137 1
467208.988014624 1064 1
467259.151938345 3293 1
467337.546463553 2879 1
469356.356622203 602 1
469719.566576657 1045 1
471007.335338330 3338 1
471048.729251868 1211 1
471881.339465634 3143 1
472160.292777602 1410 1
472920.023426358 685 1
473535.134957253 3343 1
476331.806841885 1852 1
477206.091455310 3278 1
477283.244090205 855 1
477619.477322700 1350 1
478058.739394033 3128 1
478373.381002163 3850 1
478906.045258642 3902 1
479299.439566234 2647 1
480167.118999125 3373 1
480618.865999407 3607 1
480853.684523044 861 1
480929.370074683 1259 1
481737.852003287 3775 1
481973.666477089 3807 1
482297.051650782 2196 1
482833.400984084 2256 1
482941.870442735 1920 1
483015.326265520 3242 1
485228.671512226 730 1
486134.704438695 2426 1
486332.427447996 986 1
487429.748240887 3979 1
487906.388241698 3500 1
488246.990806487 1278 1
488846.351621456 3579 1
489108.724787354 1077 1
489272.375017544 1235 1
490409.902305959 3139 1
490840.981500256 1476 1
492104.591588243 3443 1
492866.678928725 1108 1
494722.354331343 1417 1
495294.878574121 3605 1
495335.493083738 733 1
497116.145363222 3758 1
497139.781279167 3825 1
497571.208284553 874 1
498332.160571845 1837 1
499802.900707545 896 1
500154.680629017 1452 1
500602.443571003 1165 1
501054.436764052 3885 1
501370.181553246 2756 1
503264.020239759 1766 1
503335.760933942 4009 1
505661.636771370 2832 1
505825.747739405 1790 1
506762.439510518 3898 1
508601.573382803 3633 1
510879.635756176 996 1
512251.286165831 2179 1
513302.970836426 3874 1
514012.779505339 1404 1
514412.978351939 3963 1
514451.854080488 777 1
514705.576127941 2967 1
514768.349373783 1025 1
515543.495327221 2020 1
516626.563073445 1494 1
518878.001251642 1938 1
523229.949989906 3724 1
524086.132973597 3164 1
524929.827071060 2728 1
526054.178023409 2944 1
529745.096056487 1300 1
530152.121018226 2968 1
530729.170656967 1527 1
530776.604669613 3363 1
532054.530715714 2632 1
532537.392317100 3960 1
532974.615428400 1758 1
534123.785641563 3502 1
535393.374574734 1692 1
535812.476655700 1105 1
536060.222062684 2713 1
538659.263961977 1747 1
539462.027094298 2207 1
539678.829478642 2060 1
540207.197240676 3418 1
540468.644762383 3288 1
541287.055292076 1694 1
542761.093672124 1082 1
544560.373974578 3842 1
545075.488093143 4083 1
546541.935552578 3079 1
547203.630495836 1433 1
547774.600058748 583 1
548243.661994047 2811 1
548838.203770510 786 1
550536.957649896 706 1
550633.147022108 2674 1
550651.228896970 3111 1
550665.028631650 2122 1
551911.397989654 1073 1
552323.553849316 1089 1
554071.816193489 1851 1
555250.180201959 1382 1
555693.314957712 639 1
555916.265423150 3918 1
557889.159345345 1318 1
558369.174789755 2563 1
558476.180963149 3507 1
558607.531111356 891 1
560326.360655572 1914 1
561786.569847489 2514 1
563164.823386392 2720 1
563348.783212464 2736 1
563391.583430112 2201 1
564159.395568158 3210 1
564730.847169945 1483 1
565367.155831840 1345 1
566362.715743203 3007 1
566579.172065889 1583 1
566771.613300548 3757 1
567601.050987909 3037 1
568309.249032129 3216 1
570759.574305094 3499 1
571765.837942229 3152 1
572050.710015798 3695 1
572138.182512953 752 1
572311.567603851 3234 1
573485.952341945 2004 1
573919.399448820 3658 1
573962.140702290 3190 1
575449.013742058 2861 1
576497.402808572 3848 1
577418.415940735 3217 1
577849.965601849 720 1
578221.893493863 3608 1
578298.219690073 2575 1
578403.094516455 3703 1
578623.564073858 3421 1
578770.157283796 3692 1
579290.066749030 2463 1
580711.621100231 1202 1
583624.061399568 2871 1
584070.371255288 4067 1
585538.086496384 3451 1
586417.987544671 838 1
586530.707934260 2419 1
587051.188617415 3506 1
587365.654488984 1463 1
587508.064049825 2908 1
588611.386730148 4076 1
588734.666919269 2418 1
588873.750557057 3726 1
589915.346225084 1382 1
590234.872501539 3692 1
590686.068413554 759 1
590922.039307819 514 1
590995.401901492 4085 1
591219.162635097 1894 1
592016.045487187 3512 1
592059.419325242 3077 1
594849.571225384 1475 1
595764.632819087 3438 1
595780.988569394 3920 1
597103.022217663 1475 1
597208.724652920 2016 1
597589.818419338 3128 1
598646.009369148 3068 1
599495.177060014 2847 1
601969.926623201 1913 1
603356.945420516 2812 1
603685.371242004 1122 1
604181.991069798 4085 1
605533.339123611 2318 1
606117.003720504 3392 1
606894.851006729 1592 1
608722.839235371 2164 1
610074.179231075 2957 1
610910.930548105 1155 1
611393.544124505 2625 1
612619.274782579 972 1
613165.906124370 1488 1
614713.399873455 2511 1
615695.371278888 1634 1
616857.301002249 3926 1
619362.267149312 689 1
620785.849198319 1500 1
621329.960405180 1262 1
622135.723567199 3571 1
623784.164617414 1198 1
624809.133872256 2691 1
625251.287883481 3281 1
625326.719060078 1077 1
626204.928334959 3084 1
626879.486998487 2804 1
627129.101269754 700 1
627443.248297530 1738 1
627682.941197679 1552 1
627873.253467023 3648 1
627991.756581083 1682 1
628083.195443212 1949 1
628375.581699879 1815 1
628799.044259481 2919 1
628991.317095252 3980 1
629054.964526294 897 1
629314.998406667 3031 1
629835.848176016 2628 1
629935.871392769 3346 1
630220.434047038 3361 1
633706.503824643 2418 1
634774.094336700 1464 1
635050.615042676 2069 1
635800.194674739 3576 1
636434.769797905 1409 1
636539.506491220 3115 1
636646.724272860 1092 1
638196.662540434 3027 1
639819.073456509 2585 1
640416.541727693 4023 1
640579.020651909 3406 1
640627.146792003 1289 1
641200.109993326 3824 1
641443.176268601 2663 1
642826.189644236 2484 1
642858.539631914 2829 1
643102.331193687 3103 1
643893.356158830 690 1
643901.132186590 1405 1
644411.530687591 3064 1
645628.701176675 3951 1
646342.206475743 2652 1
647647.585245977 1085 1
647773.591289451 3667 1
648479.264617540 3402 1
648883.789954962 3680 1
648984.465993794 1829 1
649974.426985596 2115 1
652582.872965930 644 1
652652.421715977 3182 1
652718.001977917 3856 1
652915.007859347 1676 1
653993.132250172 3542 1
654325.067437715 2807 1
655207.443308330 895 1
655684.217367443 3884 1
655816.296036987 2954 1
655882.616970108 1239 1
655893.445359490 2173 1
660177.376304727 3265 1
660475.583514768 801 1
660608.319576056 3832 1
661292.720805063 2205 1
662193.191492949 2962 1
662499.385575677 3415 1
662517.321431175 2498 1
663226.026511270 3340 1
663854.724733377 3247 1
664850.918140893 1141 1
665147.166992623 1149 1
665561.344237000 1277 1
666891.526605897 3949 1
666925.618107278 1402 1
667317.686675145 3315 1
667335.348511894 3574 1
668251.733237347 3607 1
668604.048249586 2057 1
669905.015014562 1468 1
669923.984926055 1175 1
670074.128905785 2507 1
670103.177875025 4001 1
670489.097920556 1554 1
670541.192386195 788 1
670602.295052500 3966 1
670799.199852003 2569 1
670866.626693030 1773 1
671508.932245686 3547 1
674805.697380747 2496 1
674926.806081866 2645 1
677109.988588831 3387 1
677151.527071740 3232 1
679339.067858385 918 1
681151.102553654 1424 1
682121.453541144 4017 1
682125.430813373 2359 1
682260.660624471 1548 1
682445.230700802 2161 1
682799.738146273 2531 1
685333.399594412 2457 1
686553.904446144 2601 1
688307.846710146 3501 1
688738.155049757 703 1
688756.341273991 578 1
688855.125903721 3104 1
689091.533300321 867 1
689381.494943678 3140 1
689676.480316622 1246 1
692557.237557348 2292 1
693940.374548391 1399 1
694191.646185275 3816 1
694403.299995267 2133 1
698088.779406151 842 1
698969.619223554 1063 1
699049.239980810 2038 1
702901.015394952 1361 1
703587.580094372 2587 1
703922.770891491 1759 1
704570.047859077 3110 1
706472.734256620 2280 1
706540.686356925 3208 1
706689.892156143 3167 1
706986.653323462 4032 1
707102.028614932 1666 1
707449.644370524 1433 1
708519.899767657 3245 1
708734.751605653 3264 1
710857.477451385 764 1
711000.443924010 1972 1
711097.441160232 2636 1
711997.289261233 3776 1
713585.170020906 806 1
713701.615785436 3689 1
713721.172321091 887 1
714263.442946511 3732 1
714326.478798842 646 1
714641.175142572 1075 1
714917.548454906 725 1
717019.954091332 1273 1
717285.482567515 3753 1
718117.707465841 1567 1
718535.428766745 3867 1
718578.755382606 3328 1
719390.812962359 3082 1
719590.618378346 1527 1
720129.249831348 2456 1
721015.647512028 1713 1
721581.685612777 2300 1
722054.206442050 1890 1
722132.849737131 3636 1
722928.469359990 911 1
723898.433833650 3247 1
726136.595687230 687 1
726172.687632274 1660 1
726248.621153537 2173 1
726908.043032900 2878 1
727624.549724996 2791 1
727864.334078845 2161 1
730496.086503385 4036 1
730796.884286287 3248 1
731113.523160075 3203 1
732174.861779247 2664 1
733025.333638457 3494 1
733520.289832018 1908 1
733956.571835764 2873 1
734598.861147752 3077 1
734827.317828883 3822 1
735057.365922026 969 1
736362.857670275 3861 1
737031.374993637 1963 1
737509.317862785 2218 1
738096.411856990 551 1
738121.294734723 2282 1
738289.561177217 3730 1
738330.385955300 624 1
738617.973802292 3654 1
738875.044082178 3420 1
739017.605801267 848 1
739209.363684864 2587 1
739944.376391165 2429 1
740796.484394327 1546 1
740984.679625314 2657 1
741206.078660258 545 1
741406.733025945 2821 1
741627.065854421 3572 1
742344.764241603 2297 1
742712.896991704 2617 1
743043.285424103 3323 1
743363.679042766 2358 1
743757.891424756 1262 1
745586.524971364 571 1
748172.649654355 2368 1
748187.190556418 2493 1
748860.662551086 2921 1
749700.183584627 3357 1
749945.141083744 1453 1
749960.026487247 3219 1
750533.087858881 555 1
752390.287404510 3529 1
752801.899995797 1614 1
752883.695520277 3797 1
752957.640432691 3803 1
753141.562535538 2021 1
756142.864204560 3773 1
756430.135842259 3068 1
756737.123735605 2956 1
757473.631036135 4004 1
762520.847290424 2351 1
762868.868326435 1217 1
764556.820865212 639 1
764596.437187611 3665 1
764614.773405943 1212 1
764648.797996480 2426 1
764828.465327102 1988 1
765687.236789405 3253 1
767843.639194649 635 1
769184.499494610 2273 1
770745.456337324 679 1
771039.939176915 2159 1
771450.141059351 1462 1
771538.437492088 3740 1
771703.480181231 2762 1
771823.073698056 1005 1
772071.478347906 2611 1
772079.738289546 4036 1
772878.358776109 2202 1
773003.535861656 584 1
773237.505584131 3613 1
773955.446318964 2611 1
774167.356099044 2738 1
775384.111584451 3761 1
776258.403175019 3092 1
776982.875268975 2283 1
777614.361168342 3042 1
778198.805469259 2438 1
778715.057211058 2065 1
778988.334123211 1245 1
779426.413162132 1943 1
779436.993519671 2309 1
780457.791025190 1986 1
780806.406958650 3366 1
780977.696379514 853 1
781359.774753525 2677 1
782915.835121105 2921 1
783872.768617803 2585 1
785962.329587648 3802 1
788525.087561611 984 1
788730.554154496 3814 1
789568.578201469 3392 1
789570.166627431 2299 1
790274.368993591 521 1
790776.941347123 892 1
791468.896429195 783 1
792732.821052260 2458 1
794121.888601696 577 1
794150.130221385 711 1
794685.351586567 3996 1
795939.799789210 618 1
796106.927716531 1023 1
796432.664659627 2516 1
796821.818750174 2696 1
797569.815216995 1555 1
797913.170465982 3132 1
798282.164923066 3653 1
798390.363381639 3009 1
798437.697302791 2027 1
800318.758778379 2901 1
800921.338365590 2329 1
802245.271607499 1872 1
802730.542344388 3508 1
803824.297703446 3022 1
804226.187316214 3868 1
805169.289224355 2358 1
805240.397736803 3536 1
805645.253432883 3526 1
805669.769867542 2247 1
806193.324806493 3008 1
806228.094695246 1535 1
806290.423153533 1929 1
806949.513544777 4033 1
808086.145109071 1586 1
809721.444031204 3492 1
810050.156069147 1517 1
810494.034544173 3056 1
810548.647878920 2538 1
810927.574447798 4082 1
811127.807913644 2699 1
812240.375422801 3604 1
813112.320106647 1425 1
813311.161664647 3066 1
813539.562981769 1475 1
815340.161608821 1726 1
816651.545689221 2830 1
816854.118134814 1429 1
816931.156471464 1996 1
817080.246401636 2792 1
817669.491321591 2418 1
817754.136352539 1125 1
818289.785715084 1922 1
818604.561324703 542 1
821101.852401771 3535 1
821784.622166668 3797 1
822276.851323139 1123 1
822897.957186738 3327 1
823346.403751437 2143 1
826731.883351819 3105 1
826958.794089112 3087 1
827189.406084173 2767 1
827381.202371867 3224 1
829049.539793780 2913 1
829250.553753128 3722 1
829250.740791231 1409 1
829487.707970333 3433 1
831413.466208900 4054 1
832082.264068292 3156 1
833797.532808965 1654 1
834464.171121948 3098 1
834592.662376423 3253 1
834946.926130099 2555 1
835264.108807737 2613 1
835492.355645015 2057 1
836963.026729901 3446 1
838514.874437502 2099 1
838958.143475526 2748 1
839629.629996240 1339 1
840134.214019100 3515 1
840990.013304523 622 1
841627.973366679 1211 1
842235.440560953 738 1
843003.951430133 1498 1
843494.286983113 3479 1
843794.112613335 3307 1
845199.646010514 1883 1
845497.096322556 4051 1
847780.285175450 2331 1
849166.823373517 765 1
850649.028891268 2343 1
850973.986715716 2548 1
851024.672036162 1267 1
854263.268032602 3632 1
854605.197697553 1172 1
854690.590373254 3090 1
854758.760383511 2172 1
855119.249630940 1832 1
855221.437794204 2858 1
856735.996941093 2653 1
857619.221341018 969 1
858317.986395426 825 1
858795.539347648 2388 1
860516.003716904 2725 1
860679.341325475 3913 1
861993.761772792 869 1
862582.589283230 3450 1
863870.284063184 1027 1
864248.806029447 714 1
864436.701287362 2462 1
865227.855442839 2981 1
865671.934665938 1013 1
866247.173706436 697 1
866512.116112665 2519 1
867168.164947251 2603 1
867327.995769573 1238 1
867372.291908194 681 1
867801.793391210 2723 1
867902.139468983 2880 1
868044.796975184 1456 1
868265.072046669 1307 1
869845.959235964 2740 1
870898.654581085 2566 1
871526.213945149 2399 1
871555.679080763 3212 1
871787.463340617 3372 1
872184.215765835 1488 1
873915.924954452 2884 1
874846.042460087 2116 1
874967.312003515 3511 1
874998.239378329 1629 1
878668.514479840 2168 1
880215.860087672 1136 1
882017.068768758 708 1
882919.142025065 2604 1
883734.347440145 1993 1
883928.875370578 2108 1
884288.318641075 3553 1
884915.157541509 1493 1
887624.694434263 1152 1
887797.810497165 570 1
888767.804208498 1431 1
890521.700642419 3205 1
891500.788598398 4050 1
891978.367079462 3495 1
893537.500884885 2964 1
894405.758305628 3680 1
894641.647023312 2195 1
896615.640096988 3274 1
896749.477541634 3330 1
898990.215081297 1468 1
899790.284292823 3882 1
899805.940523052 764 1
900150.717328755 1188 1
900677.139141651 2117 1
900752.961800363 629 1
900869.562775087 3096 1
900964.475103839 2771 1
903023.239050154 3581 1
903097.308319924 3715 1
903713.850965205 2755 1
904125.464444557 1923 1
904409.281030671 2199 1
904513.534254583 1542 1
906271.644300877 3196 1
907031.768699199 2324 1
907704.397651997 2941 1
907848.574891458 851 1
910295.104751214 3197 1
910313.374808293 3728 1
911130.019290955 3791 1
911883.031019425 1682 1
912884.745812474 921 1
915069.538143111 3689 1
915927.527810713 1767 1
916234.244799832 3126 1
918407.815328573 2388 1
919098.840326510 3686 1
919449.122420293 2244 1
919639.924659297 2755 1
922486.505932825 1101 1
922532.600180138 935 1
922533.044617277 3840 1
923326.318895249 1782 1
923543.885034409 2193 1
923702.835026337 3469 1
924046.248371256 2593 1
924212.362679082 3839 1
924871.757185163 3077 1
925158.326901089 3636 1
927836.147768493 3869 1
927897.357200704 1830 1
929023.923337735 1969 1
929487.840749890 2031 1
930562.918615027 3255 1
933038.643679713 1784 1
933700.689446648 2848 1
934280.181328450 1451 1
935590.782412543 3864 1
936600.502204954 3032 1
936941.381554001 3977 1
937760.773464737 1965 1
937848.636987429 2371 1
938776.088505133 1322 1
939601.496853935 1097 1
940320.520576593 1871 1
941410.263329194 3578 1
941559.876634539 1788 1
942145.969098856 3395 1
942878.052779983 3237 1
943890.597212952 1164 1
943915.654973979 3841 1
944139.597244468 2545 1
944908.012060380 3263 1
947590.044038459 1670 1
949375.087208339 1756 1
951521.642054944 1085 1
952065.452678543 3579 1
952918.261379691 2064 1
953266.951139001 1124 1
953410.838363646 811 1
953867.327661344 618 1
954202.419884536 3907 1
954243.085999838 2177 1
954552.959556984 2285 1
955269.609051198 3450 1
955605.677984336 1192 1
955638.858659214 3756 1
958306.970224613 2962 1
960367.955896442 713 1
961726.231728744 3118 1
962298.173059328 2571 1
963578.813524715 2900 1
963617.648311909 3998 1
963896.875180136 2661 1
964288.317875030 1583 1
965014.917894591 1754 1
965470.436674045 3415 1
966593.578910920 2091 1
966745.361251713 1847 1
968322.443957536 3628 1
968935.714543064 3001 1
970313.803014388 609 1
971310.420882210 3947 1
973041.157537215 3502 1
973403.911406866 3660 1
973521.403672116 1817 1
973572.669407977 4013 1
975441.075956226 3273 1
975791.947024835 1184 1
976747.452054777 1115 1
977125.009066740 3351 1
977701.677555999 2857 1
978803.709879486 2176 1
979530.421642641 1516 1
979875.706215377 1411 1
980353.877639077 3546 1
980505.060103135 1444 1
982725.982429855 3665 1
982830.446144231 1628 1
983762.056533357 4083 1
984105.490368672 715 1
984362.657688889 3852 1
984669.025241753 1475 1
984980.815251027 3903 1
985107.017768767 1711 1
985341.578878898 1346 1
986354.612477803 2455 1
990043.503092887 1425 1
990997.222349089 1068 1
991123.548761840 1966 1
991956.567044776 1730 1
992402.278491348 4033 1
992536.849214295 620 1
992693.425911165 2503 1
993227.030427041 4062 1
993330.105016299 840 1
994184.133246302 620 1
994535.774987919 1276 1
995460.137819814 3425 1
995467.833072901 2664 1
996142.020501493 2224 1
996220.975368475 3699 1
997064.305919028 3691 1
999119.203927927 3845 1
1000017.485151006 4084 1
1000060.865823865 2494 1
1002124.253316381 2964 1
1003432.682763787 3652 1
1004057.456941222 3946 1
1004304.102895163 2759 1
1004597.559760775 737 1
1004757.118149978 2934 1
1006634.933424456 1491 1
1006664.936243821 1632 1
1006694.186075141 622 1
1006884.118127294 2119 1
1007405.042787419 820 1
1008593.642915677 1705 1
1009078.297150505 2446 1
1011113.099456741 574 1
1011570.138332031 3563 1
1013068.461115986 1299 1
1014244.683698403 1176 1
1015230.267719463 1460 1
1015620.837683948 2594 1
1015911.999318235 2622 1
1016411.429481923 2072 1
1016486.836238986 941 1
1017328.022109983 2475 1
1018103.353604908 2802 1
1018559.699093055 3042 1
1018629.589019476 646 1
1018718.986345083 3257 1
1018882.833793506 598 1
1020056.612989551 3722 1
1020217.754191957 3360 1
1021278.930432715 3432 1
1021746.815907753 2267 1
1022475.445987963 2928 1
1022892.143531095 1138 1
1023439.298721147 3987 1
1023680.756817699 2426 1
1024230.476892304 3442 1
1025053.757894516 3091 1
1025840.532349999 2768 1
1025884.603899368 866 1
1026789.767348427 517 1
1027754.117524863 1895 1
1027996.776050981 801 1
1028108.512981131 2998 1
1028460.030592936 3495 1
1028722.328776318 856 1
1029151.150528950 3248 1
1029580.613502039 3494 1
1030235.241918925 817 1
1030614.253925041 2564 1
1030886.701591541 4086 1
1031166.959851619 1815 1
1031482.103218759 3103 1
1031983.281950121 3618 1
1032690.581020636 845 1
1033138.124038830 1051 1
1033425.463011181 3803 1
1034270.098217007 1578 1
1035420.152725744 3619 1
1036018.287108555 2529 1
1036055.221285464 2125 1
1036461.911914026 3946 1
1036630.205834641 947 1
1037132.239043692 2037 1
1037891.501448397 3581 1
1038020.361523628 989 1
1038553.622546420 3176 1
1038992.527712127 2296 1
1039545.151241118 590 1
1039930.187060376 3959 1
1040708.338711449 2030 1
1041147.572779211 1894 1
1041656.379344323 817 1
1041664.743507949 1588 1
1041837.258061083 1009 1
1041976.313481837 3424 1
1042187.348528706 1685 1
1042537.411535302 2017 1
1042697.517514611 3128 1
1043173.107215127 1739 1
1043542.730132189 2755 1
1043723.010504626 1853 1
1045366.298207779 3976 1
1047268.880995839 1769 1
1048599.697662131 1566 1
1049930.651139954 2406 1
1050337.086822902 2257 1
1051241.729367264 1954 1
1053805.821300793 3376 1
1054843.913727656 796 1
1055495.170791547 1300 1
1056967.434617085 1635 1
1057368.043507921 3452 1
1058725.401865054 1158 1
1061136.309416414 695 1
1061452.262115994 3338 1
1061537.366733633 2059 1
1063178.707060784 3695 1
1063715.185913487 2312 1
1064860.317271314 3723 1
1065407.703981354 1521 1
1065504.180253480 918 1
1066690.454996853 1793 1
1067207.350083642 3983 1
1067901.654377660 3100 1
1068916.681071272 2377 1
1069032.862453644 1287 1
1069948.535125248 1482 1
1070340.872177472 2539 1
1071695.343732353 1103 1
1071737.000533241 957 1
1072926.971205564 2299 1
1073079.571458223 2984 1
1074095.811378272 805 1
1078929.779422461 3675 1
1080017.861302719 1705 1
1080401.560642130 1135 1
1081267.198622060 3696 1
1081933.746236115 2192 1
1081952.209428126 2268 1
1082641.231005834 3195 1
1082671.783593149 3407 1
1082806.344297022 2926 1
1085725.834706791 3777 1
1085860.055037992 1044 1
1086161.389392147 1620 1
1087888.052783638 593 1
1088272.909807722 3924 1
1088557.545796881 2455 1
1089930.260998500 3340 1
1089937.267488704 881 1
1090008.471036350 3434 1
1090892.961174684 2589 1
1096056.329906506 3583 1
1096689.152177275 1044 1
1097001.440735529 2275 1
1097500.780562848 1968 1
1100573.526718018 2510 1
1100690.539247287 3882 1
1101157.169029420 3211 1
1101577.104357769 911 1
1101960.192573506 3009 1
1103035.879933721 3706 1
1103456.857346208 1667 1
1104146.675612559 2940 1
1105156.355291750 3097 1
1105821.915724884 1590 1
1106505.218706389 3753 1
1106917.349685075 2291 1
1109398.514970184 3217 1
1109565.874227579 2665 1
1109580.163284402 4090 1
1109858.502743621 2037 1
1110082.876967851 1126 1
1111556.916416524 3482 1
1111932.657802179 3552 1
1112994.132732422 2791 1
1113002.713808262 2074 1
1113270.760299267 1416 1
1113283.855095744 1075 1
1113453.478386492 2763 1
1113981.869539716 2515 1
1114045.011284533 3015 1
1114358.431177001 3326 1
1114546.086892587 2308 1
1118139.579326241 2548 1
1120461.748911131 1820 1
1121786.617048855 2477 1
1122117.624517131 3942 1
1122303.718784945 3413 1
1122371.267630129 1107 1
1123425.285860033 3787 1
1123864.006945841 1168 1
1124066.595120196 2260 1
1124747.801775240 2927 1
1125004.612770876 2300 1
1125752.195103531 3170 1
1125873.591748724 1839 1
1126037.211484671 825 1
1126777.121370825 2489 1
1128403.016420473 1562 1
1130232.554689496 2900 1
1130342.094472243 656 1
1130635.103383810 1298 1
1132774.359171617 3257 1
1132788.255331395 3576 1
1133013.937183543 3955 1
1133047.427392303 2496 1
1133269.451242503 2921 1
1133907.450086047 3206 1
1134210.327156832 1959 1
1135011.598929271 1173 1
1135312.760126473 2440 1
1136108.476779727 3262 1
1136184.887353212 1382 1
1136242.379183554 3929 1
1137110.807949610 2949 1
1139073.200424765 2833 1
1139128.859040946 2008 1
1139805.263843235 1417 1
1139920.027324149 1351 1
1141509.780232382 3626 1
1141822.226704832 2927 1
1142563.566964202 1822 1
1143573.348020423 3067 1
1144013.322986948 3928 1
1144051.642986565 1237 1
1144377.225269125 999 1
1144384.288868877 1855 1
1144973.927496261 878 1
1145260.874213641 2315 1
1145773.054087167 3967 1
1146018.693788698 999 1
1146320.696355820 1644 1
1146514.769192547 3379 1
1147758.601373972 3720 1
1148939.193354545 1426 1
1149840.574041788 1194 1
1150624.960154888 2716 1
1150828.265351444 2031 1
1151462.726321998 3917 1
1152054.933486339 3204 1
1152891.321503075 3818 1
1153019.976635020 741 1
1153213.881255710 604 1
1154527.995574914 2660 1
1155558.661200654 1360 1
1156148.324619043 1636 1
1156957.838149754 1602 1
1157132.296541911 765 1
1159978.180084482 799 1
1160234.427896176 2421 1
1160885.778361086 1889 1
1161143.389665053 2863 1
1161164.191398897 3376 1
1161541.160607897 3275 1
1162713.861266451 3579 1
1163005.632469678 820 1
1163117.960138527 2149 1
1163706.985333286 3389 1
1164223.769309752 1586 1
1164896.836674728 3113 1
1166268.466313730 1026 1
1168805.732867089 3217 1
1168934.385805591 1770 1
1170082.302413599 833 1
1171004.040930103 3011 1
1172818.534572712 2891 1
1173409.952623890 2853 1
1173905.537306546 1626 1
1177047.671186238 2820 1
1177048.965753672 3913 1
1177517.791186582 2500 1
1178361.642061013 836 1
1178874.405465136 1393 1
1179560.780124505 3657 1
1181363.262848592 702 1
1183260.757385585 2183 1
1184486.948702976 2069 1
1184569.972735660 921 1
1184869.340309710 2780 1
1184966.967108259 2261 1
1186717.740840662 2174 1
1187109.024274390 3936 1
1188869.924397165 3436 1
1189151.734753779 2710 1
1190793.120598133 3511 1
1191695.440173094 674 1
1193490.053525419 1133 1
1194869.479612122 4017 1
1195685.503661729 1101 1
1197011.386120349 668 1
1197862.208921305 3392 1
1197946.334022384 1772 1
1199434.366572591 3846 1
1200517.355042619 3197 1
1201504.221391890 3004 1
1202188.311857830 2449 1
1202195.077379571 1210 1
1203210.700802557 1599 1
1206832.970185647 1934 1
1207605.380495133 3143 1
1207854.470831979 2245 1
1210135.144677332 3769 1
1210462.730852209 3370 1
1210478.382807530 1219 1
1210516.799248998 1019 1
1210527.018085932 2646 1
1212318.998524385 1960 1
1212902.031487016 2233 1
1213239.643021132 3132 1
1214683.768961033 1447 1
1214733.886612254 3810 1
1215361.888652727 1457 1
1215780.098277938 1774 1
1217033.193317653 2103 1
1217556.756861447 3098 1
1219293.414039585 3359 1
1219360.686066288 4023 1
1220722.459359572 2715 1
1222784.830713513 3652 1
1223727.036744960 1532 1
1223980.927319928 894 1
1225421.049295053 2586 1
1226053.533992818 3599 1
1227094.479297503 3813 1
1227722.327194241 1008 1
1227916.488089169 2466 1
1231009.101639821 2560 1
1231142.526429759 942 1
1233033.272269596 2256 1
1233591.377848203 3723 1
1234680.771254360 1723 1
1234733.011272293 816 1
1235767.024640006 1595 1
1236695.795088227 516 1
1236806.768761507 954 1
1237778.264205434 2360 1
1238073.208281917 2123 1
1238296.530489622 3376 1
1238381.298671556 541 1
1238384.298417218 3171 1
1238553.877206768 3060 1
1238646.387861961 1360 1
1238943.266584296 2587 1
1240263.898160707 785 1
1241090.956339956 853 1
1241345.120103100 1645 1
1241477.125665495 2236 1
1241677.673915900 2999 1
1243935.292578201 1476 1
1244191.381803415 3575 1
1244593.573257284 2489 1
1244601.124555961 969 1
1245875.702222612 2269 1
1245962.915795200 3586 1
1247883.646554874 3262 1
1248055.483774024 3719 1
1248095.264774324 1638 1
1250480.695331286 1433 1
1251833.642798487 918 1
1252674.039026251 1285 1
1252746.601635610 1735 1
1253698.840092478 527 1
1255416.410339000 3316 1
1255596.246780318 3190 1
1256935.303244314 3677 1
1257582.498918929 3660 1
1258331.305597192 3838 1
1258893.524326957 1133 1
1259217.446287155 3775 1
1260036.949862127 3420 1
1260186.471201766 1762 1
1260276.967481031 3648 1
1262554.476990622 1995 1
1262682.417001592 3251 1
1265497.795834583 2281 1
1266050.326284766 2688 1
1266417.346597556 1569 1
1266771.019208142 1056 1
1266945.515946584 2609 1
1266970.436134797 728 1
1267254.255451991 862 1
1267591.927616480 3165 1
1268099.873889501 1866 1
1268147.528336892 4068 1
1268195.462776585 1124 1
1268573.318047347 1906 1
1270270.529386052 3626 1
1270911.074014433 2965 1
1271151.230108262 1731 1
1271151.429260764 1800 1
1272092.305884670 3499 1
1272512.505314933 3890 1
1274289.525824869 973 1
1274550.481118707 2344 1
1275200.715943188 733 1
1276685.720181287 820 1
1276902.168605388 887 1
1277278.556240546 818 1
1278681.265689067 2109 1
1279979.243106937 2796 1
1282315.865090675 1829 1
1282750.707708526 2763 1
1283741.463867028 2334 1
1284629.179829676 1286 1
1284793.285032963 3541 1
1284904.811953815 3149 1
1285347.108742031 1553 1
1286685.984467008 1981 1
1287481.836729989 1254 1
1288178.383433922 3416 1
1288702.960864546 2527 1
1289578.853035550 3153 1
1290655.398830985 1076 1
1290804.811520457 2962 1
1291103.102160895 3512 1
1291403.802470531 1228 1
1293269.939812218 3188 1
1293671.369096286 1567 1
1293971.931555611 1453 1
1295630.623961524 663 1
1295680.562372268 1640 1
1296163.952787153 1463 1
1297382.733102426 3887 1
1298407.347725910 2327 1
1299274.212962169 3504 1
1299286.029246817 684 1
1299445.840020386 2312 1
1299822.734316566 3893 1
1300238.215501129 1557 1
1300786.653218689 3561 1
1302376.138224148 3633 1
1302494.173821954 3441 1
1305059.473932142 619 1
1307059.862096156 4047 1
1309862.175667497 1107 1
1310422.659432476 1767 1
1310449.710221458 2360 1
1310525.370153287 1152 1
1310866.999370106 3235 1
1311669.261963052 1265 1
1311906.768870760 2819 1
1312623.287498181 571 1
1312652.891849732 3444 1
1313081.253305548 1488 1
1314788.528429219 2389 1
1318077.337132988 854 1
1318930.567373617 1180 1
1319448.210441196 2458 1
1319755.332041706 2270 1
1319862.158118436 3643 1
1319939.338700177 3247 1
1320375.541397565 539 1
1321944.330334542 2903 1
1322015.265002330 3608 1
1323448.062103184 3562 1
1323630.880668757 2138 1
1324243.291027535 3003 1
1324729.096594577 4020 1
1325023.482281652 3525 1
1325377.680114303 3070 1
1326448.302617375 2111 1
1327347.498396459 3615 1
1328917.349545936 699 1
1330186.279645909 1913 1
1330803.254416750 3767 1
1331639.408537861 2515 1
1332387.985633231 3570 1
1333324.142722673 2577 1
1333521.480682671 713 1
1334141.974818495 1552 1
1334549.818788741 2408 1
1334951.761189068 1874 1
1337318.116826514 1190 1
1337505.340890160 2312 1
1337621.572155021 4030 1
1338639.695277187 2605 1
1338797.164842088 1939 1
1339909.966061616 3446 1
1340254.045601734 2450 1
1341339.820854030 4040 1
1341545.150954489 3799 1
1341907.756166677 2817 1
1342117.981789910 2980 1
1342359.381290838 1895 1
1343159.546074020 3013 1
1343686.982951452 1834 1
1344215.053854208 1009 1
1344750.982900926 2732 1
1345814.498950374 3607 1
1346250.911562819 1993 1
1346897.457149474 2652 1
1347995.379499867 1764 1
1348046.687005851 1877 1
1348967.468820831 4070 1
1349749.159984054 3300 1
1350620.375340880 520 1
1351156.256722923 1776 1
1352331.675152325 3536 1
1353895.757552134 3592 1
1354297.287694114 2076 1
1354301.159130078 2031 1
1354713.921630000 821 1
1356203.226116861 3899 1
1356927.009202200 1897 1
1357389.633353151 2359 1
1357789.627891339 3997 1
