2 9.925829562 0.252206723 0.339929978 62208 59
7892.477974627 43.943432654 0.052913340 0.019597533 42.717718282 1.000000000 0.000000000
12
1 0.034291540 0.336283265 0.376169087 0.394149402 1.071282247 1.526422489
4 0.111413542 1.345133058 1.222176968 0.846288294 2.300177597 3.277420888
8 -1.000000000 2.690266117 2.202975116 1.240072465 3.370467159 4.802428945
16 0.361983666 5.380532233 3.970864685 1.817087308 4.938770331 7.037034473
32 0.652475892 10.761064466 -1.000000000 2.662591404 7.236816509 10.311418398
64 1.176088399 21.522128932 -1.000000000 3.901514778 -1.000000000 -1.000000000
128 2.119900428 43.044257865 23.254744743 5.716918314 -1.000000000 22.139910990
256 -1.000000000 86.088515730 41.916698915 8.377042476 22.768465036 32.441774498
512 6.887576811 172.177031460 -1.000000000 12.274941985 33.362799367 47.537170905
1024 12.414863574 344.354062919 136.187756563 17.986562820 48.886755423 69.656566344
2048 22.377803079 688.708125838 245.478557209 26.355842860 71.634122470 102.068279254
4096 40.336010754 1377.416251677 442.475326492 38.619410490 104.966006798 149.561400693
190
0.000000000 157 40
0.000000000 371 119
0.000000000 320 83
0.000000000 279 71
0.000000000 149 99
0.000000000 119 95
0.000000000 153 29
0.000000000 489 115
0.000000000 376 74
0.000000000 504 63
0.000000000 222 93
0.000000000 473 73
0.000000000 161 112
0.000000000 291 117
0.000000000 83 33
0.000000000 442 96
0.000000000 387 117
0.000000000 172 119
0.000000000 384 62
0.000000000 252 65
0.000000000 443 22
0.000000000 427 115
0.000000000 321 53
0.000000000 353 47
0.000000000 347 66
0.000000000 387 73
0.000000000 381 69
0.000000000 91 53
0.000000000 377 78
0.000000000 144 62
0.000000000 138 117
0.000000000 130 31
0.000000000 462 51
0.000000000 182 63
0.000000000 139 103
0.000000000 252 81
0.000000000 250 101
0.000000000 210 69
0.000000000 293 69
0.000000000 329 93
0.000000000 393 39
0.000000000 474 62
0.000000000 264 28
0.000000000 409 98
0.000000000 454 79
0.000000000 212 79
0.000000000 439 49
0.000000000 478 115
0.000000000 74 89
0.000000000 478 77
0.000000000 99 45
0.000000000 371 53
0.000000000 470 43
0.000000000 218 68
0.000000000 427 66
0.000000000 433 81
0.000000000 504 51
0.000000000 287 88
0.000000000 271 76
0.000000000 281 40
0.000000000 74 70
0.000000000 426 78
0.000000000 83 46
0.000000000 127 43
0.000000000 164 51
0.000000000 407 82
0.000000000 443 36
0.000000000 339 78
0.000000000 242 40
0.000000000 395 40
0.000000000 309 108
0.000000000 436 60
0.000000000 474 69
0.000000000 114 33
0.000000000 126 25
0.000000000 395 106
0.000000000 265 94
0.000000000 462 96
0.000000000 479 86
0.000000000 401 46
0.000000000 157 25
0.000000000 258 109
0.000000000 78 40
0.000000000 164 45
0.000000000 174 93
0.000000000 99 99
0.000000000 368 104
0.000000000 498 87
0.000000000 337 99
0.000000000 332 95
0.000000000 175 74
0.000000000 79 44
0.000000000 494 86
0.000000000 103 25
0.000000000 170 53
0.000000000 159 66
0.000000000 502 111
0.000000000 422 118
0.000000000 207 117
0.000000000 231 42
0.000000000 306 42
0.000000000 445 36
0.000000000 137 56
0.000000000 188 32
0.000000000 92 100
0.000000000 240 78
0.000000000 155 69
0.000000000 345 43
0.000000000 462 33
0.000000000 123 108
0.000000000 294 66
0.000000000 411 99
0.000000000 280 50
0.000000000 422 106
0.000000000 436 54
0.000000000 484 46
0.000000000 210 63
0.000000000 222 46
0.000000000 207 57
0.000000000 399 59
0.000000000 137 120
0.000000000 160 88
0.000000000 314 100
0.000000000 426 113
0.000000000 396 74
0.000000000 256 52
0.000000000 171 94
0.000000000 366 67
0.000000000 198 58
0.000000000 370 43
0.000000000 429 105
0.000000000 214 50
0.000000000 216 41
0.000000000 142 66
0.000000000 282 65
0.000000000 322 29
0.000000000 155 84
0.000000000 237 72
0.000000000 313 68
0.000000000 210 94
0.000000000 314 68
0.000000000 158 103
0.000000000 331 62
0.000000000 472 26
0.000000000 411 31
0.000000000 314 110
0.000000000 395 52
0.000000000 328 104
0.000000000 349 97
0.000000000 275 55
0.000000000 197 61
0.000000000 226 83
0.000000000 104 100
0.000000000 365 33
0.000000000 361 53
0.000000000 193 97
0.000000000 472 80
0.000000000 221 72
0.000000000 486 78
0.000000000 69 80
0.000000000 205 119
0.000000000 294 56
0.000000000 289 37
0.000000000 141 104
0.000000000 378 22
0.000000000 411 117
0.000000000 112 31
0.000000000 463 40
0.000000000 394 56
0.000000000 261 22
0.000000000 83 49
0.000000000 326 78
0.000000000 486 38
0.000000000 367 31
0.000000000 240 36
0.000000000 237 118
0.000000000 454 109
0.000000000 427 54
0.000000000 281 44
0.000000000 502 37
0.000000000 302 110
0.000000000 399 82
0.000000000 456 36
0.000000000 104 82
0.000000000 491 75
0.000000000 174 88
0.000000000 104 61
0.000000000 289 94
0.000000000 80 52
0.000000000 250 40
