2 6.524144197 0.211933526 0.723764065 177144 37
10875.885110741 34.358211167 0.018775110 0.018681702 10.538639269 0.000000000 1.000000000
10
1 0.310036118 1.661199602 0.357760567 0.831655376 4.894956054 0.866131380
4 1.007310319 6.644798407 1.162367512 1.548115766 9.111897620 1.612292403
8 -1.000000000 13.289596814 2.095168515 2.112192279 12.431938372 -1.000000000
16 3.272760882 26.579193628 3.776543187 2.881797551 16.961680006 3.001261532
32 5.899154518 53.158387256 6.807222588 3.931818711 23.141893085 4.094810978
64 10.633231477 106.316774512 12.270025013 5.364429007 31.573948769 5.586809669
128 19.166409576 212.633549023 22.116731439 7.319029866 43.078335778 7.622437871
256 34.547470994 425.267098047 39.865428882 9.985815472 58.774498781 10.399774209
1024 112.245064411 1701.068392186 129.523160565 18.588466827 109.407972131 19.359045681
2048 202.321832452 3402.136784373 233.465616756 25.361421260 149.272217891 26.412770740
65
0.000000000 85 46
0.000000000 242 89
0.000000000 102 96
0.000000000 356 31
0.000000000 186 76
0.000000000 509 82
0.000000000 457 24
0.000000000 332 93
0.000000000 247 76
0.000000000 377 120
0.000000000 222 84
0.000000000 402 72
0.000000000 275 34
0.000000000 233 103
0.000000000 271 51
0.000000000 103 94
0.000000000 390 84
0.000000000 303 74
0.000000000 153 118
0.000000000 266 60
0.000000000 321 22
0.000000000 217 26
0.000000000 293 119
0.000000000 193 111
0.000000000 194 43
0.000000000 97 57
0.000000000 410 92
0.000000000 159 100
0.000000000 415 109
0.000000000 364 115
0.000000000 249 95
0.000000000 353 59
0.000000000 367 110
0.000000000 388 55
0.000000000 155 52
0.000000000 138 32
0.000000000 311 47
0.000000000 112 81
0.000000000 308 75
0.000000000 212 86
0.000000000 382 26
0.000000000 151 99
0.000000000 512 108
0.000000000 463 58
0.000000000 73 46
0.000000000 69 70
0.000000000 119 68
0.000000000 436 20
0.000000000 232 66
0.000000000 335 45
0.000000000 207 69
0.000000000 414 105
0.000000000 487 53
0.000000000 313 69
0.000000000 465 23
0.000000000 166 113
0.000000000 431 103
0.000000000 84 110
0.000000000 241 77
0.000000000 378 74
0.000000000 281 72
0.000000000 416 56
0.000000000 434 55
0.000000000 89 116
0.000000000 430 35
