5 9.793461387 24.518531552 0.239191044 155590 63
9051.721624343 208.009845729 0.018419606 0.006822076 44.525205054 0.500000000 0.500000000
10
1 0.168146026 1.520664420 0.321351142 0.325479007 1.289405650 1.833735652
2 0.303083368 3.041328840 0.579235732 -1.000000000 1.963092229 2.791822892
4 0.546308052 6.082657680 1.044072942 0.754440950 2.988765484 4.250490004
8 0.984720769 12.165315360 1.881942444 1.148620038 4.550330844 6.471279152
16 1.774960097 24.330630720 3.392202997 1.748749179 6.927780349 9.852382624
32 3.199367216 48.661261440 6.114449041 2.662432824 10.547395829 15.000039573
256 18.736591111 389.290091519 35.808309516 9.395763237 37.221909630 52.935352623
512 -1.000000000 778.580183039 64.544511033 14.304846427 56.669552812 80.592930104
2048 109.727900146 3114.320732155 209.705735032 33.157781864 131.356647554 186.809610976
4096 197.784641535 6228.641464310 377.994781419 50.482006141 199.987656461 284.413594585
83
0.000000000 359 116
0.000000000 92 20
0.000000000 267 81
0.000000000 90 47
0.000000000 177 100
0.000000000 214 91
0.000000000 78 52
0.000000000 393 31
0.000000000 312 77
0.000000000 282 54
0.000000000 186 20
0.000000000 135 104
0.000000000 400 118
0.000000000 269 63
0.000000000 456 91
0.000000000 512 120
0.000000000 451 42
0.000000000 142 119
0.000000000 463 109
0.000000000 451 50
0.000000000 310 111
0.000000000 120 29
0.000000000 211 93
0.000000000 384 101
0.000000000 476 35
0.000000000 273 63
0.000000000 321 107
0.000000000 108 73
0.000000000 185 92
0.000000000 398 33
0.000000000 140 26
0.000000000 309 45
0.000000000 125 120
0.000000000 338 47
0.000000000 440 70
0.000000000 188 96
0.000000000 490 112
0.000000000 115 98
0.000000000 475 40
0.000000000 307 44
0.000000000 217 106
0.000000000 444 51
0.000000000 347 32
0.000000000 298 26
0.000000000 511 76
0.000000000 282 36
0.000000000 338 56
0.000000000 259 83
0.000000000 228 32
0.000000000 437 57
0.000000000 350 21
0.000000000 248 57
0.000000000 116 41
0.000000000 131 32
0.000000000 153 116
0.000000000 94 99
0.000000000 399 42
0.000000000 116 98
0.000000000 292 40
0.000000000 121 106
0.000000000 444 38
0.000000000 353 36
0.000000000 376 100
0.000000000 352 24
0.000000000 433 30
0.000000000 299 32
0.000000000 344 25
0.000000000 343 112
0.000000000 272 27
0.000000000 498 59
0.000000000 126 110
0.000000000 432 54
0.000000000 90 60
0.000000000 203 76
0.000000000 287 40
0.000000000 441 117
0.000000000 377 37
0.000000000 180 83
0.000000000 485 102
0.000000000 267 115
0.000000000 500 80
0.000000000 150 25
0.000000000 291 33
