4 1.874399906 3.573271463 2.088976350 539130 10
4905.705133228 82.730125664 0.042560477 0.021069543 22.146614803 0.500000000 0.500000000
13
1 0.297943408 1.047568002 0.279250077 1.930043952 4.214052605 1.471912269
2 0.537043268 2.095136004 0.503348523 2.820122556 6.157447758 2.150714228
4 0.968020988 4.190272008 0.907286178 4.120678817 8.997078689 3.142559370
8 1.744858726 8.380544016 1.635384176 6.021012769 13.146262561 4.591813857
16 3.145109469 16.761088033 2.947781490 8.797723959 19.208926064 6.709421212
32 5.669062727 33.522176066 5.313378863 -1.000000000 28.067508831 9.803605807
64 10.218490811 67.044352131 9.577370317 18.783300103 41.011405291 14.324735889
128 -1.000000000 134.088704263 17.263218858 27.445596894 -1.000000000 20.930876080
256 33.199974594 268.177408526 31.116967964 40.102686150 87.560093590 30.583570746
512 59.842984924 -1.000000000 56.088363545 58.596846796 127.940192593 44.687799784
1024 107.867035693 1072.709634103 101.099327185 85.619961754 186.942386761 65.296477843
2048 194.430431637 2145.419268206 182.231630790 125.105329923 273.154629985 95.409262465
4096 350.461032917 4290.838536411 328.472683103 182.800170129 399.125383896 139.409163633
73
0.000000000 190 54
0.000000000 66 68
0.000000000 450 58
0.000000000 103 50
0.000000000 178 113
0.000000000 221 55
0.000000000 194 58
0.000000000 97 73
0.000000000 328 64
0.000000000 340 51
0.000000000 248 116
0.000000000 118 68
0.000000000 79 35
0.000000000 467 20
0.000000000 77 21
0.000000000 181 106
0.000000000 337 117
0.000000000 325 61
0.000000000 400 74
0.000000000 64 92
0.000000000 158 117
0.000000000 116 114
0.000000000 137 61
0.000000000 205 113
0.000000000 342 30
0.000000000 143 21
0.000000000 305 68
0.000000000 106 34
0.000000000 499 71
0.000000000 497 115
0.000000000 400 98
0.000000000 462 29
0.000000000 347 84
0.000000000 268 33
0.000000000 450 83
0.000000000 316 38
0.000000000 413 55
0.000000000 424 118
0.000000000 349 31
0.000000000 223 31
0.000000000 185 106
0.000000000 298 87
0.000000000 396 43
0.000000000 95 60
0.000000000 386 47
0.000000000 371 111
0.000000000 411 120
0.000000000 462 24
0.000000000 86 85
0.000000000 306 67
0.000000000 150 114
0.000000000 463 61
0.000000000 186 83
0.000000000 320 60
0.000000000 413 85
0.000000000 267 32
0.000000000 283 78
0.000000000 465 94
0.000000000 236 114
0.000000000 272 41
0.000000000 415 55
0.000000000 124 22
0.000000000 218 22
0.000000000 346 37
0.000000000 218 55
0.000000000 415 35
0.000000000 214 92
0.000000000 72 21
0.000000000 438 44
0.000000000 389 79
0.000000000 426 44
0.000000000 206 98
0.000000000 443 91
