2 1.366113464 0.465479624 75.191765368 463408 38
706.718257818 24.176701127 8.981465840 0.061302750 109.156320480 0.500000000 0.500000000
12
1 0.257024690 0.846741649 0.354720227 1.393635593 3.264001898 1.574795594
2 0.463287241 1.693483297 0.639383537 2.316640594 -1.000000000 2.617782883
4 0.835075681 -1.000000000 1.152489417 3.850951905 -1.000000000 4.351540763
8 1.505224687 6.773933189 2.077363241 6.401437759 14.992660271 7.233566671
16 2.713168891 13.547866377 3.744449164 10.641110663 24.922300753 12.024358642
32 4.890489436 27.095732754 -1.000000000 17.688719380 41.428343177 19.988092642
64 8.815111733 54.191465508 12.165751227 29.403960096 68.866339243 33.226208512
128 15.889247055 108.382931016 21.928777842 48.878205977 114.476523005 55.231929923
256 28.640382517 216.765862033 39.526642349 81.250246962 190.294336295 -1.000000000
512 -1.000000000 -1.000000000 71.246809405 -1.000000000 316.326295343 152.619168704
1024 93.052877329 867.063448131 128.422439872 -1.000000000 525.829234192 253.698860272
4096 302.329690394 3468.253792526 417.245738127 620.386615691 1452.993236238 701.031255105
141
0.000000000 96 101
0.000000000 171 99
0.000000000 331 120
0.000000000 407 76
0.000000000 367 90
0.000000000 302 73
0.000000000 494 54
0.000000000 176 50
0.000000000 460 68
0.000000000 246 23
0.000000000 280 29
0.000000000 395 58
0.000000000 374 67
0.000000000 433 77
0.000000000 361 44
0.000000000 183 96
0.000000000 122 86
0.000000000 287 102
0.000000000 231 43
0.000000000 243 63
0.000000000 210 48
0.000000000 396 20
0.000000000 326 88
0.000000000 277 103
0.000000000 213 104
0.000000000 155 65
0.000000000 458 21
0.000000000 122 33
0.000000000 105 22
0.000000000 109 73
0.000000000 203 67
0.000000000 255 97
0.000000000 101 37
0.000000000 449 75
0.000000000 176 21
0.000000000 282 86
0.000000000 135 53
0.000000000 466 30
0.000000000 477 34
0.000000000 98 69
0.000000000 312 61
0.000000000 429 86
0.000000000 98 72
0.000000000 398 115
0.000000000 404 93
0.000000000 322 30
0.000000000 64 44
0.000000000 70 66
0.000000000 421 25
0.000000000 425 31
0.000000000 200 113
0.000000000 70 98
0.000000000 199 67
0.000000000 453 112
0.000000000 498 65
0.000000000 111 52
0.000000000 219 62
0.000000000 409 26
0.000000000 177 87
0.000000000 117 114
0.000000000 336 64
0.000000000 305 40
0.000000000 384 27
0.000000000 158 53
0.000000000 489 103
0.000000000 501 107
0.000000000 504 52
0.000000000 222 116
0.000000000 289 49
0.000000000 373 102
0.000000000 289 117
0.000000000 224 25
0.000000000 150 71
0.000000000 105 42
0.000000000 324 91
0.000000000 178 76
0.000000000 133 29
0.000000000 237 44
0.000000000 312 114
0.000000000 221 64
0.000000000 401 111
0.000000000 143 47
0.000000000 349 84
0.000000000 231 103
0.000000000 384 85
0.000000000 370 32
0.000000000 253 59
0.000000000 217 107
0.000000000 352 31
0.000000000 84 114
0.000000000 69 64
0.000000000 392 74
0.000000000 120 105
0.000000000 119 105
0.000000000 379 117
0.000000000 94 55
0.000000000 414 54
0.000000000 302 46
0.000000000 283 62
0.000000000 187 46
0.000000000 229 58
0.000000000 314 50
0.000000000 449 55
0.000000000 186 30
0.000000000 196 60
0.000000000 426 52
0.000000000 99 24
0.000000000 115 114
0.000000000 356 97
0.000000000 384 104
0.000000000 404 84
0.000000000 291 61
0.000000000 73 59
0.000000000 401 87
0.000000000 468 38
0.000000000 212 30
0.000000000 119 26
0.000000000 142 96
0.000000000 503 88
0.000000000 176 54
0.000000000 290 107
0.000000000 303 20
0.000000000 452 49
0.000000000 133 98
0.000000000 69 91
0.000000000 380 116
0.000000000 430 109
0.000000000 309 67
0.000000000 273 103
0.000000000 370 76
0.000000000 158 22
0.000000000 170 66
0.000000000 194 81
0.000000000 367 23
0.000000000 124 65
0.000000000 301 33
0.000000000 116 60
0.000000000 497 114
0.000000000 441 72
0.000000000 483 105
0.000000000 493 26
