5 6.655747601 0.010118297 11.222338683 93889 23
2187.911976567 80.360181174 0.056499234 0.026525462 55.866303114 1.000000000 0.000000000
9
1 0.379013062 2.221796698 0.159025849 1.595655491 4.309715659 0.547138455
2 0.683171396 4.443593395 -1.000000000 2.424494286 6.548331422 0.831341142
4 1.231417073 8.887186790 0.516676507 3.683860694 9.949761843 1.263168560
8 2.219630413 17.774373581 0.931309881 5.597385686 15.118013177 1.919302114
64 12.998916550 142.194988647 5.454069901 19.635019397 53.032343782 6.732702792
128 23.430559109 284.389977294 -1.000000000 29.834129366 80.579182173 10.229902095
256 42.233604472 568.779954587 17.720325389 45.331010732 122.434803679 15.543667991
512 76.126111136 -1.000000000 31.940902909 68.877509673 186.031686446 23.617588161
1024 137.217385757 2275.119818348 57.573507046 104.654876698 282.662995503 35.885382451
102
0.000000000 135 105
0.000000000 226 71
0.000000000 284 59
0.000000000 354 34
0.000000000 88 90
0.000000000 145 109
0.000000000 453 29
0.000000000 65 73
0.000000000 152 111
0.000000000 379 74
0.000000000 486 106
0.000000000 315 81
0.000000000 432 20
0.000000000 103 116
0.000000000 421 32
0.000000000 182 50
0.000000000 325 87
0.000000000 466 95
0.000000000 230 47
0.000000000 152 44
0.000000000 417 87
0.000000000 110 80
0.000000000 272 114
0.000000000 329 55
0.000000000 213 84
0.000000000 377 40
0.000000000 229 25
0.000000000 105 38
0.000000000 127 32
0.000000000 506 91
0.000000000 225 115
0.000000000 382 71
0.000000000 75 29
0.000000000 277 26
0.000000000 77 35
0.000000000 116 38
0.000000000 163 22
0.000000000 487 91
0.000000000 404 70
0.000000000 237 96
0.000000000 111 64
0.000000000 271 34
0.000000000 301 70
0.000000000 354 61
0.000000000 264 80
0.000000000 396 32
0.000000000 260 27
0.000000000 473 108
0.000000000 186 60
0.000000000 275 88
0.000000000 491 108
0.000000000 217 50
0.000000000 326 42
0.000000000 91 33
0.000000000 481 26
0.000000000 184 23
0.000000000 459 30
0.000000000 239 38
0.000000000 263 41
0.000000000 498 103
0.000000000 257 54
0.000000000 291 38
0.000000000 157 96
0.000000000 242 40
0.000000000 344 80
0.000000000 96 81
0.000000000 216 59
0.000000000 152 44
0.000000000 408 66
0.000000000 250 59
0.000000000 108 75
0.000000000 333 21
0.000000000 298 79
0.000000000 298 69
0.000000000 398 48
0.000000000 227 55
0.000000000 103 89
0.000000000 134 65
0.000000000 258 104
0.000000000 172 111
0.000000000 466 23
0.000000000 172 35
0.000000000 142 64
0.000000000 303 102
0.000000000 444 78
0.000000000 264 59
0.000000000 489 98
0.000000000 263 115
0.000000000 173 111
0.000000000 294 45
0.000000000 241 33
0.000000000 202 109
0.000000000 316 39
0.000000000 270 94
0.000000000 248 52
0.000000000 313 117
0.000000000 324 45
0.000000000 439 54
0.000000000 71 48
0.000000000 299 22
0.000000000 395 98
0.000000000 199 58
