3 1.496876807 0.364224187 6.173294629 525693 28
2508.039219646 28.346841069 0.559994846 0.054794016 49.384821955 0.750000000 0.250000000
11
1 0.340780226 0.640174801 0.228332815 1.571202056 0.563897664 0.471629750
2 0.614256673 1.280349602 0.411570110 2.217557129 0.795871722 0.665646987
8 -1.000000000 5.121398406 1.337195233 4.417335374 1.585362678 1.325957263
16 -1.000000000 10.242796813 2.410295645 6.234521849 2.237543093 -1.000000000
32 6.484132317 20.485593625 4.344560130 8.799255522 3.158014984 2.641283892
64 11.687654500 40.971187250 7.831073653 12.419059490 4.457147069 3.727845123
128 21.067008050 81.942374500 14.115517506 17.527964524 6.290711125 5.261391744
512 68.446911092 327.769498001 45.861451680 34.915401603 12.530987555 10.480601183
1024 123.375620572 655.538996002 82.665309085 49.278765524 17.685937126 14.792070677
2048 222.384670231 -1.000000000 149.004296109 69.550874973 24.961510069 20.877175947
4096 400.848573846 2622.155984006 268.580381599 98.162447012 35.230080290 29.465548469
192
0.000000000 295 84
0.000000000 512 57
0.000000000 301 96
0.000000000 185 91
0.000000000 307 84
0.000000000 119 76
0.000000000 509 120
0.000000000 440 29
0.000000000 114 73
0.000000000 423 30
0.000000000 188 92
0.000000000 71 30
0.000000000 207 57
0.000000000 308 24
0.000000000 340 119
0.000000000 89 79
0.000000000 190 87
0.000000000 100 119
0.000000000 361 102
0.000000000 78 99
0.000000000 164 87
0.000000000 207 115
0.000000000 336 38
0.000000000 133 104
0.000000000 483 36
0.000000000 150 120
0.000000000 226 64
0.000000000 229 47
0.000000000 170 102
0.000000000 106 68
0.000000000 268 66
0.000000000 284 40
0.000000000 423 94
0.000000000 264 100
0.000000000 301 54
0.000000000 208 101
0.000000000 99 95
0.000000000 240 61
0.000000000 334 106
0.000000000 415 55
0.000000000 410 60
0.000000000 384 48
0.000000000 177 28
0.000000000 298 76
0.000000000 509 46
0.000000000 92 37
0.000000000 254 26
0.000000000 147 32
0.000000000 403 109
0.000000000 105 24
0.000000000 220 73
0.000000000 317 34
0.000000000 377 117
0.000000000 334 45
0.000000000 476 66
0.000000000 150 65
0.000000000 511 105
0.000000000 248 72
0.000000000 499 59
0.000000000 275 86
0.000000000 346 115
0.000000000 286 44
0.000000000 451 87
0.000000000 394 47
0.000000000 270 108
0.000000000 495 75
0.000000000 131 116
0.000000000 116 113
0.000000000 485 105
0.000000000 485 70
0.000000000 212 103
0.000000000 306 21
0.000000000 224 82
0.000000000 506 85
0.000000000 268 95
0.000000000 178 77
0.000000000 193 113
0.000000000 426 57
0.000000000 318 22
0.000000000 73 49
0.000000000 206 117
0.000000000 135 63
0.000000000 449 41
0.000000000 344 67
0.000000000 505 116
0.000000000 409 41
0.000000000 433 117
0.000000000 211 83
0.000000000 272 95
0.000000000 505 33
0.000000000 333 65
0.000000000 132 25
0.000000000 298 36
0.000000000 349 84
0.000000000 229 22
0.000000000 393 117
0.000000000 324 118
0.000000000 464 119
0.000000000 413 60
0.000000000 95 32
0.000000000 86 98
0.000000000 226 100
0.000000000 339 66
0.000000000 384 66
0.000000000 362 120
0.000000000 459 106
0.000000000 197 64
0.000000000 205 56
0.000000000 420 115
0.000000000 132 70
0.000000000 160 27
0.000000000 467 92
0.000000000 243 46
0.000000000 473 47
0.000000000 132 85
0.000000000 462 72
0.000000000 80 39
0.000000000 100 67
0.000000000 315 89
0.000000000 393 39
0.000000000 506 107
0.000000000 139 20
0.000000000 480 44
0.000000000 148 47
0.000000000 465 72
0.000000000 362 26
0.000000000 278 34
0.000000000 318 111
0.000000000 245 46
0.000000000 425 101
0.000000000 316 97
0.000000000 422 106
0.000000000 367 73
0.000000000 298 93
0.000000000 147 80
0.000000000 411 61
0.000000000 398 43
0.000000000 145 22
0.000000000 511 23
0.000000000 194 112
0.000000000 194 55
0.000000000 454 49
0.000000000 199 64
0.000000000 346 89
0.000000000 311 100
0.000000000 237 90
0.000000000 190 89
0.000000000 295 48
0.000000000 402 28
0.000000000 177 37
0.000000000 149 78
0.000000000 449 44
0.000000000 259 99
0.000000000 187 76
0.000000000 440 28
0.000000000 281 110
0.000000000 253 82
0.000000000 114 52
0.000000000 64 110
0.000000000 76 72
0.000000000 435 58
0.000000000 112 106
0.000000000 115 41
0.000000000 69 28
0.000000000 391 33
0.000000000 337 103
0.000000000 378 86
0.000000000 375 116
0.000000000 112 65
0.000000000 412 81
0.000000000 175 46
0.000000000 450 83
0.000000000 255 65
0.000000000 291 80
0.000000000 203 36
0.000000000 181 81
0.000000000 474 21
0.000000000 255 50
0.000000000 296 67
0.000000000 381 102
0.000000000 460 84
0.000000000 195 93
0.000000000 408 52
0.000000000 242 51
0.000000000 496 111
0.000000000 429 75
0.000000000 230 91
0.000000000 241 92
0.000000000 113 37
0.000000000 88 98
0.000000000 109 88
0.000000000 381 51
