8 3.323465060 4.353662063 3.112589333 292513 11
3635.905721296 98.080661273 0.265450939 0.025973673 63.831295158 0.750000000 0.250000000
8
1 0.193089532 1.323949570 0.037571948 0.905324009 4.046731556 0.795279083
8 1.130798489 10.591596558 0.220034208 3.569602125 15.955858257 3.135705977
16 2.038265323 21.183193116 0.396611863 5.639298319 25.207247613 4.953824215
32 -1.000000000 42.366386232 0.714893250 -1.000000000 39.822698471 7.826108229
128 -1.000000000 169.465544930 2.322695020 22.235189909 99.389659144 19.532433994
512 -1.000000000 677.862179720 7.546458386 55.494680946 -1.000000000 48.749131311
1024 69.905877852 1355.724359440 13.602498222 87.671132525 391.883497019 77.014435957
2048 126.005409507 2711.448718879 24.518515631 138.503859238 619.102036734 121.668287951
175
0.000000000 356 71
0.000000000 482 23
0.000000000 479 84
0.000000000 440 75
0.000000000 380 93
0.000000000 253 33
0.000000000 504 57
0.000000000 494 26
0.000000000 319 37
0.000000000 387 63
0.000000000 401 59
0.000000000 173 62
0.000000000 155 69
0.000000000 91 104
0.000000000 319 107
0.000000000 414 55
0.000000000 381 89
0.000000000 230 117
0.000000000 485 40
0.000000000 327 32
0.000000000 354 105
0.000000000 410 62
0.000000000 81 102
0.000000000 357 108
0.000000000 415 101
0.000000000 480 54
0.000000000 350 39
0.000000000 481 88
0.000000000 449 33
0.000000000 382 71
0.000000000 348 100
0.000000000 130 36
0.000000000 414 117
0.000000000 280 84
0.000000000 432 43
0.000000000 298 77
0.000000000 280 46
0.000000000 212 120
0.000000000 410 42
0.000000000 399 24
0.000000000 261 94
0.000000000 315 103
0.000000000 475 48
0.000000000 191 65
0.000000000 165 62
0.000000000 238 37
0.000000000 93 67
0.000000000 392 34
0.000000000 391 39
0.000000000 450 56
0.000000000 299 37
0.000000000 211 47
0.000000000 264 70
0.000000000 293 70
0.000000000 248 46
0.000000000 243 28
0.000000000 417 28
0.000000000 218 51
0.000000000 401 81
0.000000000 192 70
0.000000000 109 119
0.000000000 169 51
0.000000000 364 70
0.000000000 333 97
0.000000000 194 120
0.000000000 221 61
0.000000000 502 115
0.000000000 205 113
0.000000000 479 33
0.000000000 104 61
0.000000000 257 55
0.000000000 193 110
0.000000000 129 49
0.000000000 145 45
0.000000000 299 61
0.000000000 451 63
0.000000000 370 48
0.000000000 342 65
0.000000000 347 27
0.000000000 259 78
0.000000000 144 44
0.000000000 430 69
0.000000000 266 26
0.000000000 419 48
0.000000000 450 82
0.000000000 78 110
0.000000000 450 81
0.000000000 345 65
0.000000000 188 67
0.000000000 340 80
0.000000000 85 109
0.000000000 215 99
0.000000000 104 39
0.000000000 234 114
0.000000000 444 51
0.000000000 135 80
0.000000000 494 110
0.000000000 149 79
0.000000000 175 95
0.000000000 128 26
0.000000000 299 44
0.000000000 143 112
0.000000000 497 101
0.000000000 205 64
0.000000000 452 119
0.000000000 407 110
0.000000000 214 39
0.000000000 496 92
0.000000000 422 95
0.000000000 491 60
0.000000000 285 53
0.000000000 85 93
0.000000000 205 57
0.000000000 318 32
0.000000000 300 45
0.000000000 96 60
0.000000000 268 76
0.000000000 447 96
0.000000000 192 63
0.000000000 118 80
0.000000000 384 27
0.000000000 396 120
0.000000000 70 113
0.000000000 194 86
0.000000000 431 74
0.000000000 356 53
0.000000000 406 47
0.000000000 228 100
0.000000000 69 113
0.000000000 288 103
0.000000000 68 31
0.000000000 133 40
0.000000000 398 39
0.000000000 124 32
0.000000000 111 73
0.000000000 494 104
0.000000000 234 42
0.000000000 87 25
0.000000000 158 56
0.000000000 368 98
0.000000000 110 26
0.000000000 460 94
0.000000000 241 34
0.000000000 394 43
0.000000000 460 98
0.000000000 414 61
0.000000000 507 101
0.000000000 288 101
0.000000000 496 91
0.000000000 217 69
0.000000000 322 80
0.000000000 376 81
0.000000000 380 50
0.000000000 178 85
0.000000000 506 120
0.000000000 331 87
0.000000000 136 49
0.000000000 468 107
0.000000000 221 35
0.000000000 296 48
0.000000000 395 109
0.000000000 305 79
0.000000000 108 93
0.000000000 253 64
0.000000000 81 47
0.000000000 258 46
0.000000000 105 41
0.000000000 349 103
0.000000000 88 91
0.000000000 145 105
0.000000000 207 92
0.000000000 136 76
0.000000000 455 114
0.000000000 503 105
0.000000000 385 34
