6 3.529354940 0.143340758 39.925171926 697805 4
368.239596966 17.955900950 0.222565873 0.068905843 166.058595733 0.000000000 1.000000000
9
1 0.182282674 0.834897571 0.099066095 0.342769740 2.064715054 0.681954471
4 0.592238154 3.339590282 0.321866691 0.621689315 3.744820895 -1.000000000
8 1.067509820 6.679180564 0.580165009 0.837257153 5.043319882 1.665757479
32 -1.000000000 26.716722258 1.884961676 1.518552439 9.147184567 3.021222421
128 11.268701219 106.866889031 6.124258553 2.754233274 16.590457766 5.479660173
256 20.311844374 213.733778063 11.038981707 3.709250675 22.343120765 7.379706499
512 36.612118277 427.467556126 19.897774741 4.995415855 30.090492531 -1.000000000
2048 -1.000000000 1709.870224503 64.648060862 9.060299938 54.575814213 18.025838695
4096 214.413114671 3419.740449005 116.528189517 12.201916218 73.499720439 24.276213262
56
0.000000000 54 247
1447.644219233 83 510
2033.606364111 48 426
4160.597217054 30 280
9669.859502624 47 201
11193.828557298 38 389
18324.191950474 29 204
18685.636451175 20 222
21235.628207340 95 426
25909.486115624 43 311
31899.890598609 17 303
33773.479210498 91 473
34250.573166970 72 404
34255.552597052 38 398
36093.853248854 20 216
38662.371243571 81 317
39535.957758445 85 222
40327.801834775 54 364
43106.985034779 83 150
50494.267055252 17 504
50890.789494720 78 242
51470.361590329 52 340
53495.288142471 117 337
55614.400975294 46 250
60826.844928693 124 377
61589.584099713 34 256
65370.920336942 29 336
69040.029745535 73 352
71307.985599734 49 478
76977.350591515 79 358
85745.103621514 76 194
87958.681931711 72 325
96577.172876105 58 495
97155.657156911 43 365
99394.325785347 103 166
99942.749371275 100 399
100698.074714918 91 320
101925.282420358 98 288
102340.056723146 31 492
104195.436145681 89 300
109397.326719827 59 301
111122.395154561 33 401
112935.176687764 96 383
112994.353374915 116 451
113530.674589514 50 491
114086.529900950 77 294
114349.047544624 60 304
115290.062877640 43 177
116287.803030027 38 463
118478.071618420 25 412
118988.484716317 21 400
121170.185025430 124 409
121713.111549699 125 280
130293.047019060 124 378
130774.219977843 36 196
130813.279679392 31 272
