4 2.257057918 2.780855555 76.970190430 576087 2
814.355696531 36.373061149 0.113460968 0.055078140 147.357275441 1.000000000 0.000000000
11
1 0.154902779 1.094293992 0.288468530 0.866258703 3.069174767 1.380871664
2 0.279212403 2.188587984 0.519964791 1.147963574 4.067261688 1.829927209
4 0.503280614 4.377175968 -1.000000000 1.521278070 5.389923643 2.425014342
16 1.635163540 17.508703874 3.045092053 2.671588704 9.465501018 4.258682913
32 2.947383793 35.017407747 5.488781244 3.540381766 12.543655078 5.643594507
64 5.312662015 70.034815495 9.893533270 4.691703866 16.622816101 7.478875420
128 9.576078197 -1.000000000 17.833102873 6.217432645 22.028508708 9.910984476
512 31.112769853 560.278523959 57.939922173 10.918728896 38.685310850 17.405150769
1024 56.080796446 1120.557047917 104.436763325 14.469468537 51.265664119 23.065256390
2048 101.085687481 2241.114095835 188.247362520 19.174898629 -1.000000000 30.566012290
4096 182.207045211 4482.228191669 339.316045112 25.410521230 90.030068703 40.505992717
85
0.000000000 119 243
1488.582866269 80 223
4472.159157610 118 161
6014.140281835 119 263
6488.789819769 71 225
8774.877080391 69 391
10055.331081482 81 262
11055.536773117 91 197
20173.829647640 82 229
21621.238404899 59 210
22890.758834977 47 487
25030.612769935 117 491
25237.571358581 34 228
28177.123978434 111 490
33862.062761605 85 499
33882.237284097 90 371
33952.313154770 24 355
34530.858508927 48 191
36288.046168963 54 406
39957.351642813 82 196
43444.014316021 101 461
44565.297808920 102 231
45837.011583903 84 431
56064.733231370 68 378
64852.782947882 22 182
65020.117622404 69 382
66232.083621127 87 467
80090.267223443 99 244
86483.937098730 52 351
87742.575951195 112 200
95764.080302657 92 338
96929.675889285 128 167
99300.982123471 88 491
106395.781826146 60 339
107106.489642136 35 202
107162.201562684 106 391
107847.527159886 62 401
113873.256858823 72 467
114414.439745515 58 268
120487.240416818 53 190
125939.893035759 52 411
126917.318265041 50 198
127730.820600507 105 300
128585.729656684 56 370
136397.442796841 35 310
137143.910035866 113 451
140397.708539362 123 336
141124.532207557 101 192
141564.732706702 107 436
144548.523247129 69 307
145199.157141884 47 177
145563.544393181 44 250
148154.884043147 71 234
151978.371783291 45 282
152545.741487381 98 191
153703.092812265 27 411
160318.850963099 24 261
162216.513516085 17 249
162413.101202560 128 178
172890.687527250 78 301
173154.156996687 108 362
178922.753111536 30 466
180165.549195214 127 279
181606.503940037 127 320
183365.941882743 41 444
183651.131661287 56 272
184351.516873888 62 345
185330.156711340 33 351
185621.627497007 123 217
191987.888802766 116 469
202846.207135120 117 463
205904.721510582 80 428
207018.191082169 43 477
208559.113320209 85 363
211603.186802073 53 356
214927.772063659 128 448
214961.012136383 122 375
217719.398437888 41 315
224462.778732049 54 160
224930.482528252 108 313
237588.129031546 105 251
239251.103069284 79 398
241337.862236690 84 169
241373.404094078 59 408
243061.592174589 71 191
