6 5.004650692 40.373197575 0.591293174 12979 11
611.678036444 163.436075713 0.020226619 0.009818747 834.339732240 0.750000000 0.250000000
9
1 0.121120212 0.698142359 0.091158875 1.850801961 2.707436061 0.636105808
2 0.218319294 1.396284719 0.164313956 2.433444594 3.559751819 0.836355413
8 0.709321478 5.585138875 0.533857618 4.206728517 6.153791019 1.445818892
16 1.278552621 11.170277749 0.962278850 5.531029783 8.091038267 1.900970629
64 4.154029721 44.681110997 3.126453207 9.561565845 13.987087065 3.286233586
256 13.496482381 178.724443990 10.157876439 16.529207939 24.179666208 5.680956358
512 24.327421979 357.448887980 18.309581680 21.732693478 31.791558074 7.469352654
2048 79.040027199 1429.795551919 59.488006385 37.569600565 54.958495567 12.912370755
4096 142.469722156 2859.591103838 107.227186549 49.396717388 72.259732143 16.977256063
47
0.000000000 36 330
209.198923765 72 316
3845.306027974 51 427
19266.047287417 73 399
33492.967092938 32 508
79745.824304681 38 383
80752.117294741 50 408
82684.772655383 45 424
86971.387511388 42 176
87877.971837313 74 412
108282.736904489 17 155
108747.010226070 116 460
114671.941556311 45 346
119756.460945870 20 317
133175.163992516 112 196
142384.482198779 118 302
147914.469907243 118 259
149980.723272346 26 466
153781.977416993 97 198
162799.492478872 109 189
167838.175319408 91 306
200711.377234398 85 169
214572.596058205 114 440
238355.269026957 118 156
254878.674966440 74 502
269979.588795163 54 404
279273.843698893 61 359
286751.409545505 70 442
308994.958644651 16 480
352634.730621092 122 360
373372.456236491 94 363
387421.112606321 122 424
404072.378909262 109 236
407551.257586696 85 353
438119.779180070 116 176
457114.477494478 61 204
481342.174231494 91 301
493859.546287974 72 252
496077.975737038 75 399
511104.816634505 34 471
550816.460726079 76 413
589930.283832183 59 230
635408.809155909 44 245
643457.557478602 93 304
683593.336470978 107 348
721727.594555928 68 475
769745.611928288 106 363
