7 3.972431537 0.323541423 49.543363658 414976 7
1032.281820874 53.404131217 5.709906542 0.058713692 121.920656438 0.500000000 0.500000000
12
1 0.347019470 2.403700492 0.317230973 0.753358813 1.931383795 1.039092613
2 0.625502916 4.807400984 0.571809123 1.218088738 3.122810553 1.680085225
8 -1.000000000 19.229603937 1.857813321 3.184439761 8.163938950 4.392233527
16 3.663159488 38.459207874 3.348710229 -1.000000000 13.200087299 7.101702542
32 6.602848366 76.918415747 6.036053287 8.325055703 21.342921080 11.482581399
64 11.901640289 153.836831494 10.879991634 13.460593314 34.508883910 18.565924832
128 21.452717633 307.673662989 -1.000000000 21.764127333 55.796629911 30.018821806
256 38.668543382 615.347325978 35.349197109 35.189922725 90.216302490 48.536750567
512 69.700085222 1230.694651956 63.716960494 -1.000000000 145.868688629 78.477968617
1024 125.634468102 2461.389303911 114.849880243 91.996736883 235.851766643 126.889243435
2048 226.456244993 4922.778607823 207.017015399 148.747432524 381.343359919 205.164333164
4096 408.187591122 9845.557215645 373.148361794 240.506342205 616.585409659 331.725546338
75
0.000000000 120 191
265.210257320 89 334
5072.870214118 78 495
5485.705406902 67 452
9270.239119663 44 430
13798.206409359 113 326
15287.659055444 47 316
19032.919999676 56 242
25193.859125798 96 227
27670.670221278 46 361
28190.977061108 45 277
30784.434706018 72 171
35079.251570706 116 368
37598.048291192 59 417
40778.397081489 121 381
41384.777052412 93 288
42379.177881712 32 465
46333.997978728 81 401
47298.971227354 38 299
52356.524379011 90 490
55085.812551248 41 314
55844.512861266 81 501
57166.146364268 16 390
60320.849744945 115 501
61488.100849800 30 158
63649.661755434 54 433
68739.512814671 85 486
68896.116886472 46 372
69125.119781851 90 377
75600.567419977 121 352
77450.318292219 105 509
82268.880258975 38 459
85385.884904705 16 295
85702.763353379 123 474
86142.772953615 68 176
90722.950351528 78 429
93745.948684461 84 492
95526.198893197 121 166
108035.598984307 117 296
108762.518349249 107 474
113789.534192354 64 421
115480.492925745 56 359
115518.216777372 97 501
120325.456010287 88 491
124514.310819288 29 234
127111.120010906 128 456
127700.199151156 76 324
130971.194143755 84 263
132261.264993820 99 409
137183.461388185 88 439
139481.508670488 126 478
140004.981846472 59 324
140605.775526178 39 349
142675.147039555 111 374
147953.747431724 21 322
149625.578387120 81 392
152462.601247025 121 366
155886.785408708 65 404
158138.861770118 54 166
162127.704263900 87 363
171745.769063439 33 197
176080.075889934 51 280
178162.650295971 89 352
178773.486495634 28 393
182408.630603099 85 463
185198.739203517 64 358
191049.978952827 20 448
191051.581803759 110 209
194001.776141438 41 497
197920.868585901 31 499
199884.588082429 35 267
202082.491956573 26 254
211454.236672529 48 245
212834.142619970 86 454
221407.811618609 80 293
