6 6.951175533 3.633662051 0.632676538 68187 8
2288.527089626 99.029000574 4.213970702 0.028762342 139.793475760 1.000000000 0.000000000
11
1 0.342963572 2.264118326 0.163478731 0.413267492 2.722881954 0.562956703
2 0.618192156 4.528236651 0.294670565 0.643797661 4.241768508 0.876986978
8 2.008512241 18.112946605 0.957387489 1.562376487 10.293978650 2.128283334
16 3.620345172 36.225893210 1.725691835 2.433906240 16.036198117 -1.000000000
32 6.525675523 72.451786420 3.110561128 3.791595455 24.981560462 5.164945508
64 11.762536168 144.903572841 5.606789312 5.906635128 38.916852895 -1.000000000
128 21.201982326 289.807145681 -1.000000000 9.201492866 60.625573873 12.534356529
256 38.216592759 579.614291363 -1.000000000 14.334298485 94.443921696 19.526310613
1024 124.166076195 2318.457165451 59.185622810 34.786660867 229.197730079 47.386703018
2048 223.809467223 4636.914330902 -1.000000000 54.191465171 357.049526951 73.820102365
4096 403.416771742 9273.828661805 192.294655828 84.420718291 556.220014271 114.998663467
108
0.000000000 60 178
15151.692717374 125 446
20527.326965771 27 265
21681.718388610 19 215
25707.911167482 34 208
29895.753568336 117 318
30148.197444182 114 160
41645.168823973 57 478
41674.529530231 26 267
58782.952862756 23 463
62741.925881252 58 401
74456.184435730 50 285
74960.172711540 113 337
77896.422148277 35 335
85241.039378719 33 405
87424.503388859 55 487
98755.662068851 41 487
100666.228907115 42 432
109041.866774925 31 512
111696.849553488 123 329
115660.366189068 36 441
117791.247240735 121 180
128083.810954622 30 388
130087.915080840 108 194
134182.943203296 89 207
142196.498510114 122 250
150194.842129467 25 447
151527.410028599 35 304
155400.031890882 60 291
157133.650404700 124 317
159463.904468245 116 298
161185.003761660 87 261
165183.902257073 31 168
173539.507873161 115 214
179950.672796784 115 241
180641.574202605 64 457
190692.486702725 94 346
192555.553352088 123 501
193942.017170352 49 503
199686.949396289 66 253
212179.090830022 57 335
216271.539279986 106 340
226325.567839894 55 291
226383.797815878 64 308
236692.114708672 56 168
255171.998055722 60 184
256473.572011771 73 346
256681.551314832 52 394
278298.951996891 121 209
279028.556970611 66 283
299719.595660845 85 456
320044.075629573 112 430
320848.272789089 121 426
324706.200241582 98 483
324992.125287529 112 321
329655.266816201 31 285
331954.306063079 43 448
334223.584412979 44 442
347313.333990277 72 313
351046.489311985 40 418
353201.100053149 90 361
356879.657805173 111 408
359193.986683748 113 267
360623.458831094 60 484
361587.522322681 67 357
365079.209612811 100 191
365462.001000538 109 407
368473.337643524 52 197
372341.657182882 28 470
372426.758649109 102 409
373639.050081476 104 325
375291.029278409 22 250
380054.104494156 20 230
381697.854332702 30 412
385622.115406988 47 351
397377.833750499 38 401
402870.395006083 109 244
403560.329596917 81 502
434714.718705576 17 263
452413.599494432 36 373
453502.980442167 48 296
459867.856092397 46 211
464671.499234821 24 337
474559.095394132 33 157
475937.092468365 116 298
479619.243791625 83 338
485341.293694236 77 215
486162.568760139 128 267
489564.834670805 47 235
490889.889490339 38 276
498251.739453353 97 225
499353.498897124 39 470
523710.725168243 117 188
530474.666974038 60 388
536598.755140193 89 387
545587.032578295 65 464
545822.418001166 128 195
546318.472326632 22 476
552989.213997112 34 398
554613.830367005 110 284
556505.050109131 63 439
578907.353856368 116 380
582713.840620051 77 214
589037.719595303 39 266
594280.802390550 60 474
594470.227964441 38 438
595932.402828804 42 295
598282.358989242 73 155
