7 6.601210144 4.073309473 65.374537618 3133 9
555.464767176 131.748904225 0.305639229 0.029905991 291.155343270 0.750000000 0.250000000
9
1 0.313151079 0.598007478 0.158934771 0.506546946 4.139057473 0.582887672
2 0.564455111 1.196014957 0.286480072 0.713838898 5.832865546 0.821420201
4 1.017430859 2.392029913 0.516380594 1.005960014 8.219823159 1.157566334
8 1.833920065 4.784059826 0.930776499 1.417624555 11.583584816 1.631272055
32 5.958423869 19.136239305 3.024101767 2.815284210 -1.000000000 3.239570337
128 19.358976264 76.544957218 9.825335627 5.590919792 45.684094138 6.433516678
256 34.894572627 153.089914437 17.710176558 -1.000000000 64.379192708 9.066276082
1024 113.372800945 612.359657747 57.540533396 15.646773218 127.851710842 18.004868643
2048 204.354578598 1224.719315493 103.716864684 22.049832601 180.171897587 25.372920924
59
0.000000000 70 459
5391.267320898 62 446
12504.846242910 111 188
14012.803295568 28 259
17666.170718939 125 239
24951.738518675 87 407
38180.504587903 33 331
55581.166584865 63 247
64758.067829663 64 330
64882.399356376 44 314
77997.545936500 19 474
81508.837104631 82 467
87043.620986805 64 281
90575.666977038 90 499
90733.291677925 83 177
101921.445160757 28 409
103071.052653849 74 174
103835.895484042 119 344
108690.867333365 126 425
115413.878834634 49 313
122307.015377559 103 503
126239.795393245 110 466
126599.432975163 88 439
131271.379753817 90 284
144390.028822252 109 379
156495.751720885 91 227
166794.778372669 27 237
177269.965841037 90 291
184124.817216028 83 408
185892.459898707 56 259
186057.642076121 97 185
191165.627672809 31 478
197138.940426685 110 298
201789.680520325 84 400
205021.892720388 93 392
211388.062699984 55 407
213826.686054048 38 436
214138.930776417 49 201
220194.454749250 73 312
223869.234060332 67 471
243896.427126936 44 423
247747.008573394 47 474
250710.484221309 29 385
251774.131763271 90 155
253361.968714176 40 298
257796.106089198 123 438
263118.137079467 80 494
263581.254293950 31 268
265159.912272337 123 311
291989.169385366 104 311
294709.600623136 26 262
296110.653856830 53 170
298767.801076805 104 233
299581.363210638 113 463
305873.921832209 28 394
308402.843511138 37 279
310209.234831450 99 209
313583.134002456 123 403
316492.768780525 40 508
