3 1.632474979 0.440118583 0.800998710 619572 10
7128.671314558 83.342242707 0.100118796 0.037081036 29.841583314 1.000000000 0.000000000
11
1 0.382453788 0.367511776 0.165471918 1.598795495 4.280827293 0.222649396
4 1.242596022 1.470047103 0.537619848 3.689191175 9.877930177 0.513759383
8 2.239780479 2.940094207 -1.000000000 5.604027833 15.004968032 0.780420896
16 4.037206386 5.880188413 1.746732041 8.512740724 22.793142048 1.185490319
32 7.277068245 11.760376827 3.148486120 12.931191064 34.623687520 1.800806852
64 13.116922245 23.520753654 5.675149144 -1.000000000 52.594755693 2.735497089
128 23.643264482 47.041507307 10.229461582 -1.000000000 79.893521592 4.155328661
256 42.617006105 94.083014614 18.438613966 45.325843637 121.361430586 6.312109177
512 76.817192934 188.166029229 33.235618734 68.851755647 -1.000000000 9.588344393
1024 -1.000000000 376.332058457 -1.000000000 104.588549825 280.039267029 14.565075732
4096 449.867813511 1505.328233828 194.639175936 241.336153431 646.185453644 33.608644135
90
0.000000000 38 407
9704.835177489 122 279
12622.118987662 73 332
22760.925766086 44 468
23103.192585393 122 269
25061.229267428 93 245
27757.592544087 73 449
28065.990932246 60 229
37554.455967647 117 410
38939.851147188 47 448
39702.988887042 18 193
43885.623331587 24 463
50432.040333931 88 253
55528.128189257 42 318
60256.853194301 96 410
61382.156387355 84 458
61819.142582701 111 386
65331.775819613 17 346
65942.982153641 22 293
67554.963906087 75 230
71230.262576601 77 412
78573.768040773 120 383
82701.421485215 118 482
83948.396316585 21 377
88161.247576566 125 352
93693.629759783 80 350
94037.676450622 24 456
95152.203590765 122 184
99654.208188161 45 272
107062.768120349 116 217
108659.435031284 61 194
109920.398322091 35 493
114271.670947927 70 174
115788.594191950 40 254
118729.517522899 107 177
123676.320759493 46 496
127262.804272043 74 375
128474.206418153 29 199
136742.333383860 16 323
138259.413739018 107 449
138834.189405899 128 282
138952.017470669 41 172
139158.972638550 96 203
154922.889147385 52 394
157156.971098663 36 432
162841.129648737 78 480
163527.596725191 45 402
179139.980893441 83 334
195014.831560527 34 390
206092.381037962 90 509
211755.162536274 100 187
212749.064312354 21 171
227529.370255212 17 328
229175.611810626 43 428
233331.679282705 54 294
251213.863956681 127 280
254253.087168383 82 495
264343.515906393 55 409
270287.427301448 109 246
271624.823221294 20 361
275223.666240162 24 424
279438.089449815 92 293
283552.847034477 75 265
283761.948547548 103 337
284377.667026013 18 155
284480.646551936 126 253
287151.453566688 16 429
290805.586933421 56 245
299167.506339230 113 428
304758.777717191 38 479
305898.617187423 60 445
306744.556047283 84 304
312287.867113879 32 499
322639.573945037 112 506
331895.420326708 50 216
339614.902312332 116 201
341934.993814145 35 156
343838.464559240 80 223
353590.990637341 63 409
361461.785222606 105 249
365023.875373603 63 469
366961.698157639 115 471
368235.719341816 78 356
368757.773353100 112 439
368812.673653212 118 507
371278.821393937 52 204
372770.268216912 82 235
376683.104689009 37 285
380639.404407533 45 259
383215.650568115 56 247
