2 2.965048978 18.210627354 11.656427795 535820 2
1095.969968945 90.098574593 0.018998470 0.018903950 275.454628057 0.750000000 0.250000000
11
1 0.102209266 2.745730012 0.220626478 0.988922379 4.664065698 0.218771986
2 0.184232296 5.491460025 0.397679431 -1.000000000 6.483114002 0.304096000
4 0.332078884 10.982920050 0.716817543 1.910733876 9.011615590 0.422697527
16 1.078927476 43.931680199 2.328947068 3.691800309 17.411679164 0.816709684
32 1.944767773 87.863360398 4.197929244 5.131652044 24.202468036 1.135237437
64 3.505445711 175.726720797 7.566771347 7.133065306 33.641755830 1.577995294
128 6.318569137 351.453441593 13.639112354 9.915056637 46.762492720 2.193434665
256 11.389226715 702.906883186 24.584512636 -1.000000000 65.000493329 3.048903662
512 20.529091691 1405.813766373 44.313606773 19.157251366 90.351559279 4.238017065
1024 37.003706767 2811.627532745 79.875317209 26.628836855 125.589881645 5.890900676
4096 120.225397983 10000.000000000 259.515671251 51.450570568 242.656902491 11.382029286
70
0.000000000 106 256
4911.197896992 20 334
4995.795677808 17 406
7560.492644411 89 484
8770.862039718 90 247
14103.340661470 126 186
17450.560709640 82 486
31889.310202550 17 332
32242.953246653 55 242
32729.747769878 63 283
37104.970602833 105 305
43887.987569877 103 256
48148.277138211 48 242
53677.312177574 115 207
65075.533367709 125 506
67550.829076083 102 302
76908.246559947 43 467
101925.853485107 52 437
102301.128757566 66 188
111074.922013873 70 183
128428.004682583 97 286
140272.450037670 42 155
178871.870092284 107 288
184159.850144781 18 160
188177.601067486 85 459
204202.208852488 35 159
206121.055134786 45 357
218327.849534617 44 467
225869.732158633 40 242
237858.359466983 115 244
246066.870596936 16 399
246975.617359718 73 312
251974.488557232 82 293
265434.461490043 30 375
273305.142543693 111 214
286318.465753142 108 182
302314.089244774 110 308
304579.395652484 66 201
324921.447249130 103 436
334147.614289111 121 399
339096.658952226 97 455
352757.891431310 109 204
363693.704029381 121 187
370149.515607225 120 414
373711.943089067 114 488
400443.412472642 57 456
400657.526922346 113 393
401101.012008705 91 335
410122.974437854 76 474
416533.583739956 119 403
418257.967029142 68 503
418604.885540186 55 269
435195.995613331 27 306
443751.428684334 105 327
461049.417561813 42 491
467268.241714624 83 204
489318.476188697 96 221
489715.380001270 124 369
492969.735755253 62 465
500359.684026039 21 398
516855.480748647 55 308
518633.716058239 94 220
535216.889952729 120 242
537236.824284586 106 438
543065.934123457 16 287
545507.552624619 58 430
555637.352103480 27 278
561635.850262775 65 405
571706.272805714 57 356
571881.289378657 19 304
