6 7.294680367 0.895487610 9.019957602 302779 30
4733.465863613 110.578969947 0.024319904 0.013005296 0.000000000 0.250000000 0.750000000
11
1 0.079340323 1.775867407 0.362759845 1.648237247 3.280268160 0.446966205
2 0.143011006 3.551734814 -1.000000000 2.501438303 4.978281150 0.678335833
4 0.257777470 7.103469629 -1.000000000 3.796294249 -1.000000000 1.029472691
16 0.837521471 28.413878515 3.829315879 8.743795861 17.401618126 2.371127859
32 1.509633226 56.827757030 6.902345415 13.269974278 26.409471197 3.598529312
64 2.721115287 113.655514061 12.441483998 20.139104360 40.080190465 5.461288457
128 4.904812822 227.311028122 22.425786417 30.564002305 -1.000000000 8.288294753
256 8.840929650 -1.000000000 40.422500765 46.385292027 92.314499492 12.578685497
512 -1.000000000 909.244112487 72.861595028 70.396386407 140.100598558 19.089973697
2048 51.775514559 3636.976449947 236.728020657 162.140127128 322.686007338 43.968887042
4096 93.325412897 7273.952899894 426.702476259 246.071082939 489.722665706 66.729142512
1739
0.000000000 88 80
1408.543138834 289 72
18590.176041816 204 73
25024.181490930 324 85
32062.948846040 445 69
34362.936299155 65 66
36124.139924112 282 90
37725.426836343 37 71
41929.708508429 76 86
44986.301343180 193 77
67640.043561029 166 63
68382.468523290 291 77
92301.711066495 275 95
94413.612411125 351 72
94989.527348615 76 76
95898.672702919 329 76
125337.788907750 284 94
137065.969323053 58 65
139020.044103854 411 94
157289.867464077 225 68
163972.936521440 41 67
167728.254774551 485 87
181089.179041136 507 98
181420.949944070 366 69
191463.756661521 68 60
198437.396420309 447 66
207143.063425340 290 93
213010.880538683 71 60
230822.843256571 253 69
231259.202676472 292 84
236524.855547776 175 97
237362.287406104 220 71
242164.441434463 461 74
247181.839411371 475 76
265353.119509463 76 63
265544.008700618 306 72
267100.438483902 118 88
269220.948122154 427 88
277761.508423182 166 74
287255.912863310 131 68
287503.095414633 96 88
296437.207927103 165 80
306225.283272835 218 89
307615.150678511 68 76
328577.821495007 463 91
340240.214563116 121 86
346483.067743062 441 91
356909.970319866 290 99
368159.544759551 161 83
376900.513489124 140 88
387761.787154201 64 82
400910.316321469 471 98
406514.021343512 182 64
409992.278216800 303 82
411553.763976066 45 60
415576.421271330 320 73
420651.539743999 56 74
422674.799670192 420 70
432816.543819662 370 94
439575.199228827 299 99
440160.738355559 83 68
448011.427868673 385 93
448457.532596340 407 75
450940.960961680 240 100
452046.761335530 434 73
452149.632549566 102 91
454642.494528933 147 94
458826.339370307 399 69
461469.857243973 221 81
463907.722986301 312 87
468292.447448298 492 95
471410.029440162 321 64
476783.674947931 95 67
480438.592446484 505 66
480833.453643401 233 62
481990.204725140 128 70
493916.897517993 125 74
500402.414280399 419 83
500432.253484831 246 60
503940.908116957 406 60
524549.420444296 333 84
525328.073314053 358 74
528552.659521172 471 65
543922.749536152 427 65
551337.006263093 229 64
566060.115395880 134 90
572381.698529278 146 89
585744.703089751 233 78
594175.270032080 223 71
598430.207256215 95 80
603224.717664754 302 83
604319.284037980 108 90
604427.999717770 364 65
608243.609017175 182 72
616508.968966647 500 81
639940.388667276 265 77
642940.542090648 426 84
643025.589821015 438 61
649615.678045178 69 60
666358.575633456 503 98
667069.722740460 300 95
669013.432791554 82 64
674373.493474290 224 85
680771.979596300 414 98
681992.444126768 306 85
692001.917160273 157 74
693853.717153097 436 68
694532.276805928 434 78
720547.425958980 118 85
723500.877884581 441 83
727364.735898493 344 76
738963.854928944 317 67
745130.592292217 36 92
746491.307260216 230 66
750284.061037672 416 65
751904.190602619 261 82
758057.815898288 344 87
761874.092088930 305 87
766557.922298050 470 92
768236.623441402 486 69
769639.104581094 220 87
770778.482815089 226 91
773342.619412876 134 70
780685.750984410 358 81
787293.699820360 106 65
795755.549941466 484 95
797154.647825812 258 98
804119.198430748 466 74
804629.158988306 384 90
806293.686807202 433 69
819522.238763867 272 84
821097.464998750 191 73
831296.433929143 47 89
832761.249468444 259 86
834328.284996981 442 91
850018.681101035 307 83
855124.799843942 371 97
860932.104363812 126 62
867360.710303754 376 89
872953.870487431 234 68
873534.703945435 67 85
885043.198475063 469 75
889337.327697130 112 78
909512.442667348 137 87
910599.039837828 196 73
919035.246462073 292 80
928526.187672188 83 76
936293.890325598 52 100
937482.935627914 427 76
940121.977745660 235 98
981021.522846841 484 77
981432.993166664 225 67
983854.294187953 77 67
995283.263897610 178 91
996764.574506589 450 78
1001984.501998490 425 63
1003832.100966119 342 90
1007109.389301272 481 63
1013755.645466973 365 80
1023549.771842208 149 100
1026286.939465742 197 85
1029780.740410149 208 60
1031828.401234334 437 83
1035276.206573217 291 80
1036186.228904994 235 84
1051014.771394983 421 75
1053158.186175596 180 68
1054774.178988691 324 98
1059731.125267728 365 60
1063186.881560826 372 81
1064635.318640551 467 90
1070604.122399194 275 62
1070983.058191183 234 93
1076253.866609089 422 69
1079140.319501339 334 71
1097327.365930094 135 80
1120693.179147911 188 61
1132205.133757148 425 97
1146038.181441017 489 74
1149835.153432208 56 75
1152137.418336409 380 75
1154805.705084595 171 82
1155362.699640967 356 83
1158279.191566258 302 80
1165298.643106703 267 93
1169189.860364999 132 76
1170868.807237657 373 93
1176880.748213300 357 79
1186216.837126593 464 94
1194522.446375434 148 98
1205950.542801692 359 84
1207281.040382740 265 85
1216493.503281917 53 99
1229278.987426839 442 77
1247643.024943358 347 71
1249336.517885998 453 73
1253961.062773806 224 77
1262257.878489210 424 88
1263100.535541110 91 82
1270459.181187500 472 89
1275939.678009292 293 83
1293081.319770670 406 69
1305297.248468514 93 74
1307552.354372666 419 87
1307913.519365015 292 91
1312293.532595791 229 68
1319833.954192807 179 71
1319955.334687162 50 84
1324832.885043703 150 76
1324852.506015209 453 70
1327658.088188366 246 99
1336054.441038097 452 98
1340872.257570225 501 82
1342560.387433321 281 74
1343532.601679876 54 72
1344959.354422248 184 87
1345699.805705755 330 69
1353444.878474487 490 74
1354294.666243141 103 65
1357536.399228684 473 60
1359437.976366155 47 94
1364746.061655192 194 85
1367395.810287020 289 97
1368754.361367133 328 70
1369809.891332945 173 97
1391562.059812919 261 88
1398114.712021080 411 97
1400063.075825020 178 95
1405056.743551017 512 83
1405155.503965929 427 63
1409205.889263162 328 100
1417254.919678679 226 87
1419802.217311585 472 83
1420873.473896168 194 89
1421708.225854690 392 72
1425028.475870857 411 81
1427377.451781081 221 71
1428372.769817685 395 65
1438378.135947769 193 77
1446961.297999035 356 94
1450208.847126243 101 93
1455278.978412508 97 77
1458133.288008626 98 98
1463567.479520621 195 79
1464654.188610803 52 85
1467602.006122138 78 69
1474380.563106652 63 90
1481254.486630247 470 94
1481348.426701010 119 91
1482969.508779937 462 68
1486135.808959841 429 96
1489073.849341084 485 63
1489102.362106717 512 93
1491192.351839222 213 63
1495988.943069336 276 72
1501576.992299708 500 63
1501736.471887755 178 95
1506704.035360869 417 85
1518030.817982746 378 75
1527244.768130185 74 66
1536022.968866401 34 70
1540645.837036591 276 91
1543826.033279347 64 63
1545098.092029695 174 69
1566964.533933104 361 61
1570704.188809904 146 98
1579479.809339311 510 74
1582666.338463511 485 79
1583897.982270097 66 72
1591732.770072652 225 99
1609857.850623012 349 76
1613134.319010296 385 65
1613668.011477329 101 99
1630190.792922616 458 83
1637222.452784006 272 64
1637278.511186725 493 97
1649653.242011651 330 80
1657927.600678476 350 61
1667311.844331680 83 74
1669444.528695284 107 80
1672130.340522376 457 69
1673485.309023870 311 79
1676565.777092308 341 89
1678172.795992142 500 97
1690825.194353213 362 94
1695589.846986794 452 88
1699022.008530880 151 92
1699757.829060403 111 73
1701275.641554710 402 85
1706932.051022406 471 77
1720092.072953480 477 75
1723372.874654462 109 70
1730555.803297540 41 83
1735605.873325580 500 68
1735646.908974896 367 98
1736253.618819348 489 82
1738762.889662628 375 70
1742365.690522367 169 93
1744243.288555768 315 71
1746886.538639177 61 67
1758789.915774925 42 75
1759582.395248374 131 68
1761012.067298246 415 85
1764395.403492877 206 91
1769594.780863403 497 76
1772101.870130599 401 70
1775817.956081139 273 87
1785414.439624463 60 79
1797647.906397463 395 79
1810193.082990183 33 76
1814928.757634216 253 95
1818290.421728107 276 70
1821423.476951864 466 75
1831597.414015626 75 97
1835711.259209907 133 68
1839958.834033603 478 92
1843743.607450870 443 85
1846355.748417310 73 68
1847767.067419800 165 84
1849943.384387763 355 89
1860137.854148733 213 65
1865248.886388351 99 91
1870487.226172843 388 93
1873398.969818944 386 70
1874923.260138997 462 60
1876342.837460306 429 96
1880642.992969431 140 98
1880838.909018512 58 68
1890392.201676018 63 77
1902061.692093922 39 90
1904321.760571737 68 80
1905725.053182229 465 67
1909321.940670535 44 91
1919762.328117152 459 66
1925548.242636566 211 74
1927856.929341412 151 100
1931102.058098532 401 87
1952489.356751476 106 68
1962240.390177726 434 94
1964845.290657632 345 90
1966113.604609435 276 89
1971639.093710775 393 85
1972268.573940589 470 97
1977792.260510363 193 93
1986326.904300529 459 83
1988410.167013028 230 89
1990928.806178813 229 84
1992829.925951247 54 79
1995577.230516442 291 68
2009190.471945624 510 72
2011672.371623986 279 79
2021007.270311623 445 81
2021879.299864912 187 70
2023858.300561916 196 91
2029977.440021766 366 83
2041844.818596181 426 95
2051078.216460791 231 89
2051820.168969659 181 77
2059340.226980431 419 97
2065521.129018486 51 60
2082075.714138861 234 93
2087652.153715448 66 76
2096971.772956586 124 87
2099502.136007657 96 74
2107701.887569986 145 87
2110227.246387885 359 94
2116085.716803057 204 100
2120125.895915278 494 74
2123832.024481336 126 60
2125627.740295874 58 93
2152994.890023016 174 73
2155406.420425795 177 68
2165731.563806334 216 77
2170107.384688113 432 70
2171067.465206165 72 64
2171320.636325199 108 61
2172690.845931894 245 74
2174984.516098133 82 60
2180040.480636451 486 80
2182545.315416898 188 69
2184715.244045229 407 71
2185078.905503878 268 63
2186056.627870913 101 95
2193068.149899159 333 81
2198542.645341976 134 72
2199482.204507442 110 67
2206461.452034779 230 84
2210604.701626989 144 64
2212314.699227531 419 93
2221734.120325800 307 81
2226486.491003127 466 60
2227318.839281699 482 76
2234468.067100844 481 80
2235678.015143231 319 80
2238403.644777577 201 84
2240638.436921183 328 90
2240991.610241721 144 92
2243198.185327023 70 77
2250480.947198903 266 72
2253503.660202693 193 87
2270322.082876586 76 66
2270784.986006247 318 92
2279102.473778388 209 60
2279420.458543419 375 72
2279891.191172201 62 85
2282753.882242734 180 68
2285043.077080015 339 87
2286992.757901035 401 84
2289331.669104588 463 91
2292340.861595699 93 84
2307936.127787405 407 91
2311351.653352224 484 92
2313007.916103207 184 79
2313621.542008162 126 85
2323495.350160527 108 73
2333770.589425387 64 88
2342720.132198237 462 61
2346934.846345776 284 76
2362900.336723824 295 63
2368085.943268164 276 74
2369649.089700461 392 70
2376706.138480427 335 81
2379140.619174535 326 97
2386376.799863364 201 69
2390766.298772227 119 62
2411093.010758948 383 93
2434912.363163427 378 80
2435946.722053373 200 74
2452196.051790172 398 86
2456308.737602279 472 100
2468820.198861933 45 76
2478893.372087210 144 78
2489325.998699491 280 72
2491877.797709043 179 85
2501024.858619237 477 70
2509789.195955558 403 98
2512696.737634986 293 79
2518353.692230462 386 70
2526331.909545277 177 78
2527806.273124040 95 84
2529420.932132768 43 98
2531943.161366010 100 89
2541339.819742280 155 94
2542615.524163917 460 66
2543678.052627795 256 71
2547603.785108669 497 81
2548882.092148950 406 97
2549826.119686408 122 75
2556617.331989279 47 67
2556807.709107669 219 65
2558903.252372756 260 70
2559389.338994585 386 89
2574954.870432293 355 88
2580824.794391610 397 67
2587405.995181477 165 74
2593451.717952592 131 68
2602073.586855778 167 89
2613518.593135186 99 84
2615027.395468662 219 96
2619171.936238862 123 76
2625949.152895283 209 61
2628191.050583036 141 64
2633768.053015375 149 93
2637104.613211172 52 60
2652499.923260338 281 76
2666207.320335133 45 95
2685179.017547973 42 78
2689188.144462988 405 65
2691151.958980124 259 94
2695946.394345605 117 71
2701492.137086981 279 92
2716035.177738125 485 92
2726676.879946399 269 66
2730703.755283323 84 87
2737897.379737996 505 77
2743858.671091468 454 82
2752497.516873719 113 62
2754030.643122467 145 77
2756058.433872581 174 78
2757959.100919094 199 75
2767325.694788408 463 93
2779462.683928895 85 73
2782629.484028404 219 80
2787241.091320686 185 79
2792459.136204044 49 85
2796198.037426681 451 68
2802931.939113256 218 72
2814115.108094300 110 61
2833492.206441949 479 72
2836788.924053869 112 85
2839482.398401144 185 93
2839719.131603915 321 87
2845002.096803789 35 71
2845607.236057551 48 95
2856792.777237484 85 60
2860678.410661569 309 65
2868649.907906227 375 74
2869534.052266055 213 60
2871411.262442014 440 89
2894637.115838351 431 68
2895085.796568600 292 65
2896248.376272673 195 97
2898683.206791191 382 62
2913885.999650284 58 63
2918056.729295350 339 88
2923291.006079885 258 65
2933833.729342286 245 99
2945301.806671006 44 78
2957018.772141992 135 90
2966579.178974348 253 81
2971738.882869128 255 92
2974733.719017331 80 97
2980980.679539828 415 89
2987352.418021264 286 96
2994121.345869959 358 72
3003654.939389091 174 90
3010824.214631854 256 63
3012563.603645322 66 70
3015345.255045897 218 81
3022141.051147756 367 92
3033938.781552797 146 62
3036179.426637064 502 94
3036816.274772630 497 87
3045076.685324309 474 64
3054522.855140015 485 84
3069313.035074283 193 92
3082528.696128507 403 78
3083052.587103672 282 90
3084957.614968165 458 98
3090038.323488674 379 68
3090722.693497342 202 85
3094425.564549623 483 64
3094643.728548738 261 83
3098348.247722314 98 97
3113650.281144054 69 91
3115062.216768030 242 62
3123995.008800816 93 99
3125622.267558676 386 73
3130897.780345861 87 96
3140320.590064607 277 87
3141496.405893845 316 65
3142441.082077340 93 71
3150464.713076838 42 88
3156646.131255222 350 81
3178254.701241629 79 71
3190023.141254069 82 87
3190183.488115743 96 94
3191900.524515348 45 96
3195839.554646359 365 97
3197852.702271934 34 82
3199343.603901927 381 84
3199766.945713965 145 64
3205505.840122663 365 91
3209749.189565619 458 69
3213228.893660565 178 76
3226692.184547804 153 62
3229612.475218305 420 66
3253836.057192280 275 98
3270784.440762389 187 76
3277155.704682843 198 100
3285211.381240089 140 81
3289896.423079563 269 85
3290114.796243446 235 60
3293902.006879866 81 82
3296398.648816780 189 74
3300451.217486617 414 76
3302197.167905192 221 75
3309284.601664708 408 96
3312117.496384146 276 90
3314421.356447730 94 80
3315580.340755393 440 94
3316762.525149118 278 100
3319387.819633696 462 97
3322281.245449111 458 67
3327518.126929016 274 67
3335591.342062469 486 83
3341288.103433857 350 69
3348839.901583737 454 62
3361911.704443268 97 92
3363755.897824017 71 82
3364364.747813025 363 72
3367628.922295150 242 76
3370341.361677226 339 95
3372353.612793916 403 77
3383705.335192221 154 71
3384430.954004034 90 68
3389793.144699779 48 64
3391546.296058562 428 73
3396046.268043606 396 84
3400703.907441159 380 100
3405007.046042409 191 64
3408983.483838435 388 97
3414649.331248231 176 75
3416400.360251162 165 68
3419524.753906256 187 65
3421331.163124241 498 70
3422351.621498084 438 84
3433842.348442428 492 71
3448478.119391990 347 61
3457542.346223835 382 100
3461718.935027784 512 83
3462591.245471419 81 83
3467425.637649349 339 88
3472552.325769144 339 76
3488939.213805358 381 61
3491344.445476075 314 92
3501499.892059088 96 60
3510419.584820466 307 70
3514601.404635292 373 91
3518544.619279596 299 65
3527705.293481251 338 98
3540531.419460972 119 89
3540594.355472833 283 82
3546008.139955858 351 72
3551057.217606881 140 79
3553482.078078332 186 93
3554607.125433532 186 69
3556324.145107792 389 88
3562986.464572171 385 73
3565255.509103094 469 91
3569707.878924701 120 71
3570936.976093601 77 61
3579937.040746549 149 62
3619070.523513273 38 93
3619839.763913446 385 79
3620797.988517469 383 73
3629471.350579000 413 67
3633897.348957014 384 64
3653324.827918014 91 96
3659262.498520970 73 80
3665335.456348797 96 98
3670319.466189095 430 61
3678544.783143403 38 85
3679984.315564859 138 80
3680361.948903939 85 75
3685232.297093002 65 98
3698239.640190851 437 68
3699207.832552062 412 74
3708416.779271152 328 77
3710118.571921976 53 83
3715685.154775234 207 63
3720174.773630793 112 68
3724430.495653288 162 60
3724660.400223634 89 98
3734844.789349949 167 94
3739873.385564373 69 75
3742503.969872214 116 92
3747635.527132248 350 68
3756369.133940965 253 98
3757402.303881838 173 94
3758152.442466033 206 67
3758936.795566855 352 79
3766718.361053984 334 98
3779489.999321782 463 79
3788993.040512617 174 69
3789816.171534185 307 83
3795514.545510008 178 66
3805926.978046859 287 92
3807688.071067532 343 82
3813254.115372864 283 82
3832342.654685248 358 97
3834662.144670115 411 73
3840034.749610466 438 73
3841461.014920240 437 74
3850330.009334565 195 82
3860842.962949628 401 85
3861488.277838739 419 74
3866040.631110073 389 73
3872408.254157006 206 78
3883231.782119497 348 87
3896397.043316922 91 100
3912102.441954433 460 73
3914827.466565125 285 68
3922599.250869682 267 94
3924942.082675438 420 66
3932531.108304245 295 98
3933022.204003517 363 91
3935624.118642019 235 67
3936729.498006178 296 63
3938435.137811654 484 61
3941642.475714399 400 70
3963512.425365110 114 93
3970179.196133394 85 95
3973249.820383235 419 81
3989683.831533899 294 64
3991414.195289487 398 94
3996979.941964765 47 70
4008122.161616318 456 80
4010049.429735248 248 100
4015454.075072646 62 78
4015816.121316436 56 75
4016438.453664514 144 72
4022740.528898809 63 60
4029310.056698252 473 98
4033523.683247907 509 70
4035295.731803311 342 97
4058714.710433809 414 90
4061466.670480045 55 83
4090985.869155807 357 60
4091081.444302686 338 96
4091806.947283474 415 79
4097390.233942466 352 85
4100431.239795822 512 76
4105828.252675748 146 73
4111308.754864860 63 99
4119577.098998272 345 65
4120686.637422606 61 70
4124069.435111999 194 69
4125193.650815109 427 89
4131096.188380524 116 90
4136505.867966945 84 61
4145083.231080744 306 93
4151770.019184634 182 72
4159522.799979840 392 98
4160384.891161293 263 97
4165393.943920108 471 91
4166725.820425045 279 71
4169263.421968115 33 100
4185540.111075607 107 93
4196751.107716839 54 67
4197855.374381726 296 95
4198604.602897040 247 69
4225428.121853110 280 71
4226175.193853252 271 72
4229766.092401697 322 99
4231149.164626347 481 70
4243791.649248403 470 79
4247354.522020042 171 96
4250886.393140212 50 69
4250967.725059649 157 85
4255900.326741582 289 94
4256051.642385626 450 99
4271140.519334078 197 95
4276546.973441656 361 86
4277600.340250504 163 87
4278224.030261789 339 83
4284681.269163821 268 62
4288294.380990562 341 87
4292625.248269182 280 99
4298017.680945439 165 89
4314699.398309047 159 91
4324786.015092663 339 89
4331299.767411011 394 78
4332116.285103567 409 81
4349463.143027973 55 76
4350086.790524897 266 94
4352462.792736259 124 64
4363458.251625309 496 98
4364328.130545514 468 77
4372335.223281149 140 65
4373158.970191978 338 92
4377071.237174173 443 78
4390769.772312600 501 60
4399355.802184097 145 83
4421337.981080062 485 64
4423091.108241281 189 98
4424675.373506624 161 81
4427583.172206506 483 76
4432074.175679835 164 69
4441291.054141036 155 73
4441511.997229261 440 93
4457618.165019344 149 92
4475858.200778503 177 90
4477033.421277978 396 78
4480244.734710635 213 66
4481098.345206663 185 86
4488015.224540271 204 96
4499272.396400171 242 74
4509078.093449138 180 80
4533275.293898868 453 91
4536727.312337708 239 75
4537455.377720491 404 63
4538452.115417797 331 93
4541560.724173957 157 88
4556204.646614956 396 92
4557431.371950497 487 76
4558627.089563846 77 67
4560999.155421645 62 89
4579772.054279950 157 82
4601209.028401884 466 64
4607506.071045637 508 90
4615858.410524848 214 90
4632932.874508415 414 88
4637407.277535310 97 79
4642299.267171435 47 82
4645387.644253590 490 74
4650122.877964973 110 90
4651439.358226179 500 72
4651442.133520416 425 65
4657643.427283547 231 65
4661549.983278365 256 84
4673862.838862919 195 79
4674948.539093745 352 64
4690910.498394561 173 69
4692090.697642519 154 94
4707441.081022186 270 75
4707524.502425238 278 98
4708271.589378680 301 67
4710023.119407926 338 77
4713225.485305734 122 65
4737974.363917837 78 82
4738415.244899023 441 62
4739841.272941410 232 92
4747556.888928309 424 64
4760399.535884328 248 100
4765580.141424897 500 100
4772552.327163793 351 62
4794955.976010639 310 83
4797483.517790232 256 71
4801957.412519400 487 66
4803255.116028938 124 85
4806904.041206187 463 77
4815095.310840874 439 73
4816272.611241225 101 80
4819543.053954845 88 91
4830667.948355416 59 100
4833771.000200424 357 65
4833851.910687290 156 72
4836981.892067801 407 71
4851744.599889811 319 93
4852207.405991131 256 80
4855583.752176431 138 91
4863414.055216285 144 60
4865797.003322894 103 76
4871018.923036292 52 91
4874873.980702912 420 62
4882752.625541603 356 84
4885350.993184389 454 83
4892604.179370783 63 70
4892786.529921007 438 92
4893550.065676748 477 100
4904279.295490551 299 93
4906049.716753788 295 87
4914142.467943671 299 98
4915856.186544212 255 98
4921879.188667002 143 80
4935285.080942633 349 64
4941747.191279933 174 74
4949805.020575242 142 79
4954292.526182695 119 84
4957095.394302261 130 86
4963049.321304500 79 67
4969533.251812588 333 91
4970391.776931379 447 77
4977747.627317101 347 79
4980463.506699218 86 60
4985986.586241929 72 67
5003245.808496959 260 73
5011272.018119997 498 100
5015306.593139594 102 89
5019568.034257852 357 67
5031357.639121125 319 88
5033110.347224165 497 72
5042592.413306156 407 95
5067457.762212361 309 71
5075040.570602328 446 69
5083273.631554557 90 70
5089166.857234312 92 85
5094803.720101657 421 87
5098894.677946880 254 66
5104500.974699754 68 64
5105147.179190814 499 65
5107831.057012610 133 69
5124869.220343620 42 73
5124926.599318068 305 84
5129783.074215584 421 83
5143079.946820342 385 89
5149663.739908053 466 64
5151382.193059286 121 83
5158425.020874736 468 85
5168850.578943484 478 87
5174981.536853462 317 79
5180089.020117542 45 87
5185350.741794632 94 65
5188422.102272776 308 98
5193646.729686109 303 76
5198013.449924791 438 77
5206150.271244289 210 82
5209963.661429891 438 75
5210166.684526185 116 66
5213142.232532680 102 75
5215899.556439376 425 86
5216010.826763952 488 74
5216251.372914921 208 69
5231650.378600778 149 70
5233709.576659896 359 82
5235555.965923309 253 64
5238797.902212553 323 74
5238981.015310572 326 67
5244966.999198313 172 98
5251442.704566700 219 92
5256770.163465478 458 80
5256873.890487802 196 72
5256946.439909928 186 77
5264300.776244765 506 77
5272649.673134492 172 90
5284389.482659199 205 85
5291191.357262329 117 64
5296641.786451601 360 90
5300609.614055138 403 84
5312303.321741025 474 62
5335699.632497882 321 91
5336459.111368310 426 62
5343389.289898060 262 100
5350092.914404063 162 98
5365119.030774510 502 68
5365194.221068409 472 80
5368242.362255530 237 92
5383211.222408998 67 96
5385674.897869223 89 96
5403546.179958430 298 79
5407777.425271830 94 93
5408695.376224134 88 100
5410498.977229154 396 91
5412827.176195201 253 85
5414006.521880136 362 79
5421811.962941751 287 95
5424619.020114456 191 63
5430948.723310968 105 61
5444935.659748198 191 64
5447072.637895008 97 82
5450180.861070679 355 69
5451649.241962777 153 76
5458683.249356411 298 89
5458969.296622714 92 68
5470950.161601645 241 65
5487262.800772083 279 69
5499004.544083534 425 78
5499297.432064397 110 74
5501017.826203581 442 95
5519324.465660905 269 88
5530331.860951534 415 89
5532965.254245404 448 67
5536891.797170492 489 62
5538023.478749146 61 71
5538151.068566933 131 88
5549737.630190266 314 69
5560505.532981260 294 69
5565372.458323826 357 72
5584055.257918221 249 97
5584475.578493012 231 94
5585940.429590905 334 66
5598096.719550189 39 93
5599689.313044326 161 95
5604710.280385211 73 75
5607803.728549005 208 62
5611767.018882626 459 100
5615211.973362936 359 84
5615546.415957130 400 70
5619429.033038292 181 93
5620139.613223527 225 61
5626828.239075445 498 78
5631775.667987426 484 70
5639477.658399895 218 65
5640540.147689084 257 76
5651589.864605220 344 67
5657334.075951905 434 73
5675464.043912849 105 73
5679132.046705680 390 71
5703620.221503925 289 86
5707638.114107610 373 86
5708448.551099215 222 60
5709414.777070071 383 94
5710622.860506751 452 65
5716393.826534542 276 85
5731423.947282921 315 91
5738310.799205487 445 84
5743409.827277549 297 73
5758706.556566435 151 100
5759672.829929798 59 61
5767921.649239698 169 73
5783227.485359187 510 86
5784290.350551119 261 73
5793640.870377402 63 67
5800336.297470359 509 99
5819233.604260941 70 99
5823378.316622934 136 77
5827123.402730820 308 84
5833238.800472060 143 100
5833946.414324326 89 76
5836573.353963174 84 99
5839570.445745966 172 91
5841812.197074524 376 83
5842973.336024962 307 86
5846920.666564375 510 83
5851453.562615167 70 83
5851935.439167264 438 61
5857269.850015704 444 80
5858385.218949016 444 95
5863352.087341714 237 78
5866883.931162249 447 86
5868741.400989139 77 66
5869446.969189524 159 68
5883667.754997316 210 83
5892443.491278884 350 98
5896998.414469112 470 67
5904754.325194668 255 94
5910641.795332004 241 90
5915489.301022615 372 63
5932776.592437604 160 65
5934166.641382532 287 83
5937980.562177191 326 88
5957006.221153497 185 68
5958294.490364776 165 81
5958660.237324244 315 84
5961285.934496817 186 67
5971959.138633535 429 80
5990549.113349601 293 78
6002024.534438400 277 70
6002036.254397517 347 61
6006261.937936600 260 79
6015250.308505442 494 88
6019742.913229560 308 77
6019932.635549863 216 84
6026703.543675697 357 89
6032733.033164750 305 77
6037668.876242016 94 97
6038343.697313460 68 93
6047966.877225492 265 66
6050050.781578486 200 94
6051851.875580298 306 96
6054962.360614789 127 64
6058930.079362055 384 65
6060442.265093439 413 64
6063367.569404285 478 78
6064878.880833483 388 60
6065961.893733172 285 93
6076116.337468077 460 85
6086573.631805340 136 88
6108583.956598965 279 61
6110029.963520334 469 99
6119692.933672064 211 85
6119705.653815932 51 63
6124341.567958701 416 65
6137742.483412575 172 95
6141115.428891406 214 96
6145944.092934979 192 64
6148025.893342373 178 100
6155471.509350363 50 93
6164959.419948249 189 75
6172576.278839988 89 72
6180252.537652487 108 72
6182020.435657198 239 75
6190070.721077516 413 92
6192408.202430640 214 63
6197469.532424983 261 99
6211441.865582395 504 80
6216794.515358468 168 70
6230971.114933079 433 73
6232932.968386333 205 62
6236306.157655637 140 88
6241131.919711356 87 77
6244705.342042333 417 79
6247180.121074846 341 64
6250241.722877637 479 100
6250740.691180444 280 62
6250917.941460186 91 95
6258970.858234007 455 74
6266130.739078378 444 66
6271133.520121006 203 83
6279987.713170523 120 80
6280308.496073142 460 66
6285074.223285596 376 87
6287305.517428393 469 83
6287853.197600566 122 72
6307205.128721111 485 73
6310754.111179051 319 60
6320872.057089901 66 98
6327610.365112375 206 90
6329064.195616116 120 87
6329741.133277611 238 94
6335324.706246977 191 92
6352791.186460836 320 63
6362636.295046387 32 70
6363161.451545071 295 92
6370136.167722721 476 98
6371218.417581408 419 88
6373380.995028119 304 84
6373556.868700962 219 90
6374439.834035291 397 90
6380898.739969600 356 64
6382508.797202222 408 76
6382533.170916743 39 62
6393852.072137862 258 65
6399612.245826758 236 94
6400384.519009048 225 82
6407765.239004860 289 100
6410902.648916407 496 81
6419978.889892401 283 92
6424416.599327755 147 72
6426633.364133925 229 70
6457650.022239754 338 74
6462974.537647318 39 90
6468751.773903573 362 91
6474021.825431720 347 97
6486514.341139724 483 60
6490481.296180523 496 66
6495573.472392525 290 72
6502109.911943307 179 70
6503823.520073070 378 67
6511197.282858387 108 80
6512162.434681725 179 89
6521187.149799821 175 70
6522368.646766293 241 91
6525957.336456941 84 95
6526623.647281608 147 99
6527761.711919005 225 98
6535274.867826818 273 61
6559949.006924818 343 70
6561067.960350751 496 65
6563709.703492104 302 70
6567125.053555077 500 63
6572580.458694112 95 89
6586494.402333268 290 100
6589386.334360180 197 78
6591006.257810923 60 72
6592671.816441877 278 61
6594399.210301857 501 84
6595806.755163115 484 92
6596272.279806833 54 81
6603837.456202642 505 92
6605855.910377237 433 71
6608303.010803598 377 70
6612766.952354789 461 76
6613106.991869299 289 96
6619953.033401337 346 60
6624082.283344414 131 76
6637694.896216449 434 66
6641971.750263481 80 84
6642696.287601779 447 62
6646381.510987881 351 100
6654556.430563237 231 81
6660462.926216204 389 96
6676487.722076027 139 83
6687962.318254468 88 94
6693309.981204590 214 71
6693977.924048917 494 83
6702411.511113575 299 94
6713153.173696347 178 77
6713396.178213727 152 77
6713931.972428122 142 87
6716706.132324496 339 76
6720358.568184976 296 61
6723467.738990524 483 83
6738802.941745545 112 61
6740312.239993744 337 82
6745476.888148190 276 64
6750738.841245611 291 98
6754288.567979234 343 100
6755469.905902878 52 70
6766710.260811660 497 91
6774832.553152452 363 80
6785313.499800421 433 63
6786553.965087437 337 89
6789641.224673362 396 80
6803449.076465760 402 94
6805552.900446877 453 98
6817459.545761571 308 99
6819990.347358087 479 63
6825516.976093402 32 97
6827191.488830528 456 72
6828021.892182049 267 100
6828281.299203191 196 66
6828684.928317307 132 68
6844023.973603635 151 83
6844656.106791002 442 76
6865075.650138387 224 97
6866788.656862827 483 77
6888607.234383717 484 100
6896354.215581163 326 63
6903006.128841309 397 80
6908110.653992750 60 90
6910789.468588114 71 80
6925577.376118975 428 83
6927782.153367100 471 98
6928925.819083509 249 82
6942688.319933359 338 99
6946146.087824024 472 91
6949366.894494093 452 71
6950123.014594063 413 81
6953722.385063135 245 83
6958880.211246548 392 63
6961475.440694820 116 85
6965132.945456800 248 75
6968035.964160770 108 73
6970916.601622945 85 62
6972919.523584647 204 64
6979015.775324039 416 72
6981131.033164104 395 79
6985878.328408827 74 64
6994146.562986982 173 74
7000305.056486490 321 91
7003224.452423478 159 91
7011917.479558528 91 85
7017898.801008316 394 83
7028193.630779230 281 79
7044047.353720450 292 99
7047930.912702132 348 90
7048952.391170242 501 69
7050966.866126804 185 98
7057180.065382327 245 79
7070490.528741436 187 84
7076732.099324028 235 93
7106182.179558131 70 69
7116411.533619670 451 92
7124390.465000812 445 66
7132122.671552127 149 63
7133468.979899558 160 83
7133623.606656032 361 66
7142084.462927675 300 84
7153691.031191886 355 67
7155656.292136729 352 62
7168083.005662913 119 98
7170914.215138393 231 68
7203079.299961490 393 92
7203256.592736404 48 62
7213415.571545491 38 62
7213647.567951705 62 73
7215395.231250891 463 68
7217044.074171286 70 91
7220391.133222030 437 94
7225903.031731307 285 61
7230449.440612985 62 91
7260145.771479066 52 94
7260571.347260583 470 81
7264815.457482805 283 98
7265806.704491289 248 95
7269170.174123968 455 61
7289884.126535970 63 63
7296107.269207289 35 84
7310134.098696785 224 92
7311649.391867083 386 93
7313611.843906708 67 75
7316760.228929915 67 62
7324522.320050387 420 95
7331965.422945588 104 78
7335687.527425935 263 84
7343035.335855737 436 89
7358391.489226675 251 79
7362593.118461216 112 70
7383426.952122580 193 99
7403826.566380056 190 68
7439219.840457709 80 60
7446179.225988427 277 83
7449186.775305454 48 70
7455740.644952576 284 65
7457983.120221626 121 64
7458509.827147917 461 86
7465589.156588333 340 97
7476061.337899825 181 66
7499379.741328445 363 86
7500590.426256726 290 67
7504660.360392529 292 65
7504703.582509972 308 100
7534478.125762554 109 62
7539994.600342657 506 72
7540964.415900689 86 97
7550069.793011541 43 81
7553510.158903868 442 76
7554079.635254249 398 96
7557420.897163702 348 70
7561615.422621711 343 84
7565051.653257155 464 77
7568464.645885609 126 63
7586748.562185167 295 65
7588860.029358540 222 74
7594645.564679353 75 64
7605072.357308479 484 97
7610125.758107815 283 81
7619486.995440137 190 92
7619545.881360885 257 98
7625275.424051729 325 89
7632005.960643490 281 75
7636457.619321497 322 83
7640339.793617708 417 66
7640459.230588437 437 71
7643264.267310126 399 65
7651691.688333880 314 76
7672464.997352839 320 78
7674343.764339049 187 82
7676423.493286845 490 65
7680033.690733911 468 67
7686915.413518119 434 63
7698449.614886716 216 80
7711365.979728133 186 62
7726367.779705636 464 67
7734055.387718695 311 74
7739301.553961966 288 79
7742013.816300708 359 71
7743146.320568852 489 60
7753438.872936361 263 80
7768790.295222483 271 87
7771512.843543564 146 73
7772845.863484082 106 64
7772884.339512032 206 99
7778270.064777473 358 97
7784943.294535880 485 78
7786437.808412370 478 100
7793344.218837705 199 81
7798732.504054342 488 72
7804361.240196340 341 69
7824188.960078018 155 68
7827510.391716510 384 83
7828825.102584313 36 69
7841110.612224074 432 69
7852416.186527709 206 85
7852593.272431738 219 68
7856917.532937911 161 65
7858575.670746137 418 88
7860740.078157615 80 64
7860948.829189655 464 96
7873282.791024382 410 73
7875034.074220067 294 98
7882071.483120094 138 84
7886170.588864559 37 79
7888139.376006950 284 60
7891362.722841289 32 93
7904413.060988494 220 68
7910504.926005978 159 80
7912968.817436988 296 69
7913915.326324085 36 64
7929042.489531158 164 61
7942782.231965395 388 77
7956355.213906399 446 83
7963938.315761400 379 77
7974820.688589304 390 81
7994485.970176117 493 80
7998311.307823267 239 72
8003375.852112513 194 62
8006535.255990781 242 88
8013653.426591554 442 92
8015608.232707558 111 89
8023314.117058331 466 67
8026766.432581969 485 89
8030288.283946546 416 92
8031759.170487774 176 92
8032066.005577958 472 94
8032804.677948382 319 70
8051385.617128979 508 60
8061011.402993053 412 71
8065024.456475506 368 62
8085271.296880824 390 60
8098029.583632402 66 61
8106099.153005324 257 88
8108661.888754914 368 63
8121473.834609112 146 68
8130993.879156303 229 94
8138981.997073029 431 61
8158925.078904669 181 97
8169200.445544555 498 83
8189801.787407498 206 66
8198545.601766483 316 73
8203264.545871051 192 79
8210452.406863159 463 100
8221176.865180419 153 95
8227164.808508237 425 82
8235100.739412707 192 92
8244480.765535719 272 74
8247040.337244719 355 60
8253663.468441837 47 80
8280687.450499974 428 73
8296230.832125510 191 86
8296935.357694871 73 85
8306907.048673678 83 79
8315217.208443507 380 97
8318176.109426093 158 84
8318573.536537030 472 68
8324463.610271391 502 66
8334374.935697019 463 78
8343464.895208271 57 98
8344845.801481951 67 83
8352743.544308961 308 97
8355504.547639819 360 95
8357983.255858472 399 96
8363027.952388867 266 83
8363899.287460137 155 67
8364358.291466084 338 82
8365291.232673764 103 68
8365778.660725248 161 92
8368637.283366206 393 80
8378126.513779467 263 87
8405613.780429801 136 85
8406372.081336439 333 94
8408047.476742769 252 74
8408744.821045507 220 61
8414719.527446020 115 90
8432493.576087514 500 74
8435816.347136665 253 76
8444529.238022093 139 69
8446694.391896471 425 89
8454100.477699373 164 75
8464534.002829067 456 73
8473667.988506304 142 68
8487576.583848370 38 95
8490096.714104012 244 68
8496571.675159778 222 72
8498858.432931779 209 72
8501139.900963908 211 72
8504486.598337643 411 89
8506068.630752042 464 76
8533344.567509586 80 96
8551441.778158899 311 78
8560869.457628837 496 63
8563804.678544648 213 74
8566478.680466302 326 84
8591543.059909431 90 100
8594432.262223991 489 84
8597027.866429161 206 73
8598415.996570386 304 86
8600283.851197662 224 85
8601083.377658801 202 86
8610266.747158490 203 86
8615603.437497232 53 86
8616887.203404332 287 68
8618271.568597438 493 70
8634032.447879782 462 86
8642325.575775540 477 88
8642963.332678517 116 82
8650226.468224330 487 60
8658381.525314152 287 95
8670882.131162262 418 92
8692176.568985930 444 97
8693594.907610537 300 75
8696455.921940429 240 64
8699742.739919227 199 81
8714352.411313334 243 97
8717371.477895183 43 85
8718186.324646622 109 65
8721357.949271690 195 94
8732781.938224543 375 71
8744193.745926574 382 63
8745865.830180062 398 63
8752518.313324805 65 93
8753511.740205150 489 74
8766272.531371979 478 100
8774410.373733835 74 75
8780100.951314270 345 87
8781120.219424468 380 97
8781287.482907241 217 82
8785421.243940094 44 62
8790088.899257487 135 68
8823296.532185372 469 100
8823395.483967779 153 76
8831391.072722448 74 84
8838538.286111534 308 96
8839317.698179014 463 98
8840560.085321717 305 61
8854679.881928297 113 65
8856336.236313893 460 73
8860853.264675815 190 69
8864687.358956093 292 71
8864734.922518281 223 71
8868209.229276966 296 86
8869706.499323405 286 74
8870474.079158762 216 94
8871681.380754232 494 94
8881991.366724296 266 79
8883520.273130503 473 88
8888161.078421045 503 72
8890451.369059641 222 60
8896804.351722756 73 88
8898235.928914236 437 64
8905419.498466372 296 89
8906048.172486255 262 73
8908815.182006113 298 62
8909329.672696067 456 90
8926420.468006695 225 63
8928432.708455425 260 64
8938408.731469451 288 100
8945958.199463787 273 93
8951346.111859810 450 76
8955073.267674599 453 73
8956539.483275982 233 75
8959101.559905566 347 67
8960751.514051622 462 85
8962204.950954461 226 100
8969787.688735392 489 91
8979794.850309053 170 88
8982756.640547296 61 87
8985974.301067811 243 87
8998745.494020630 480 81
9002528.747447679 232 79
9008029.791275524 495 79
9009733.987749232 481 100
9011270.176045761 228 78
9011969.269096131 261 67
9033439.421329955 211 82
9069407.513030950 44 93
9077608.939438041 335 74
9081525.949840417 273 97
9088619.986579824 249 91
9090321.313629564 143 86
9090600.283138704 201 97
9121067.362328714 48 61
9124407.252408000 319 80
9126108.218950415 226 62
9127082.535424119 231 100
9130570.309052665 492 60
9151389.248403899 366 60
9153475.321916763 36 90
9156524.995336287 396 85
9167621.989226280 504 62
9168490.516428908 91 74
9181337.338148132 502 80
9183965.475686563 460 65
9184748.426076164 246 87
9196935.182066215 472 86
9203491.894849749 383 79
9206885.892812757 456 80
9209124.157036327 247 85
9222013.533944437 177 81
9248112.410944551 233 68
9248381.096876910 340 65
9249190.810551113 223 94
9252745.111262178 161 74
9254190.631496811 475 82
9263059.373642884 153 67
9263380.516644916 443 76
9278765.170169769 421 73
9281992.377271207 446 87
9282322.544123348 150 71
9287546.536980815 131 98
9293005.658765905 264 64
9293103.117489194 227 78
9294788.837541834 138 94
9303652.389939975 403 68
9306292.019491369 70 81
9309294.858848227 301 75
9309522.385160651 411 69
9313045.318083782 145 70
9322925.560154445 477 75
9325012.471809212 282 70
9330035.051033977 476 71
9332407.156159613 237 62
9338145.384275729 96 86
9345741.660301808 465 94
9347713.144792020 298 93
9349596.948939648 446 73
9359089.047397751 171 80
9365009.970377702 430 87
9369510.638718735 95 96
9373408.205068784 291 64
9376545.875412591 473 94
9379131.248493809 45 86
9384637.124474421 96 61
9393941.992408575 427 97
9405972.382893864 417 66
9406041.571701726 331 60
9406636.542672718 143 100
9407126.988126414 358 77
9412136.473639678 385 64
9428331.265489424 161 79
9434933.552350787 410 94
9450484.422773937 185 93
9450488.835864330 162 89
9459858.404431051 296 97
9462382.748463022 329 68
9464195.474667482 150 73
9466475.010674329 209 63
9468519.935262926 88 96
9471226.841191122 140 99
9476619.111065144 305 100
9476644.135292662 94 96
9477849.890358206 204 82
9479084.703010075 68 100
9480427.265650542 112 97
9491208.306077600 74 73
9505516.363145635 308 82
9521172.390941471 79 87
9523493.877284398 41 92
9526037.035390968 423 95
9529924.775233820 471 80
9535186.152482746 407 62
9540239.314777384 184 73
9554175.085457275 218 83
9555329.695765408 159 62
9562941.937805617 312 77
9563013.933919966 499 98
9570545.159243574 384 98
9574337.091305811 400 87
9576984.969292670 320 65
9578034.557728495 121 85
9580075.690068429 350 64
9583165.696646621 91 80
9594679.881158996 38 79
9602639.090531465 39 71
9606077.203556215 211 93
9619189.877011867 470 63
9621437.428417662 372 71
9622789.170206198 377 93
9635549.919180624 345 77
9640877.220188696 112 91
9645898.664474273 329 63
9672868.053896017 507 66
9672886.236819789 258 69
9678496.916422561 106 61
9699699.147999208 367 61
9716354.876610328 280 76
9727688.597009346 144 93
9732788.817267504 380 75
9743728.323476315 212 70
9749643.663831109 172 98
9751474.318378491 133 61
9758097.559466287 467 68
9761401.283856396 147 85
9761569.892764909 290 99
9775780.047473799 338 78
9787105.335951949 447 64
9789212.826182194 80 97
9801438.730352994 365 96
9802273.916987903 389 67
9807251.355084782 248 76
9813101.477701256 429 78
9815657.369021796 423 97
9821373.719318774 447 85
9824543.533140060 122 96
9831369.300956743 455 83
9850380.568138856 502 93
9871105.898397753 447 77
9875210.360216139 284 83
9888296.922340920 402 71
9896327.320060959 162 65
9899275.312654059 192 64
9907887.871940507 346 74
9913258.433690522 500 80
9929216.090484383 481 81
9933360.619841855 116 66
9935259.352252094 460 96
9948021.284498639 396 63
9955445.326432059 64 64
9960616.353345096 192 72
9977087.313635090 80 97
9982336.408548858 431 87
9989715.672582695 436 79
10007442.866066951 399 80
10009184.984070014 433 97
10010065.214837767 328 75
10010446.745093137 372 61
10011211.293670792 94 67
10012581.697681427 245 81
10013611.143569112 195 77
10018118.739293603 112 84
10040971.031559544 104 74
10055649.703175707 440 62
10058985.226425847 100 81
10064850.724975955 52 61
10065071.281691378 385 87
10066947.959199717 80 67
10079047.100969022 65 60
10089550.723397776 478 74
10116535.067145208 319 69
10116811.501955403 161 88
10124632.501529943 379 89
10127160.688247526 403 94
10127302.852565812 479 66
10133597.659663107 326 84
10136164.088349374 422 66
10137342.823149253 117 65
10150137.169712950 95 100
10156714.362201612 498 96
10159678.206270456 486 82
10160650.622333728 35 73
10161427.884801166 287 69
10162365.520930562 270 70
10165945.579047576 88 99
10166020.827857660 273 62
10174305.576911179 136 95
10183805.950826587 173 60
10200208.434967214 206 74
10210644.787306599 273 67
10211881.337328598 367 67
10223102.599465977 422 69
10229288.363518326 481 65
10231355.508280534 501 63
10231916.643454118 210 95
10232045.622385964 297 100
10235129.373587299 123 60
10235831.774235457 106 63
10235895.674938837 53 90
10246162.874807922 214 89
10246951.302003728 183 94
10247643.833400225 64 68
10250940.641286783 348 69
10251211.477742577 183 95
10258396.441713387 239 99
10265819.600928761 385 93
10269740.409836898 365 91
10277812.105410520 237 99
10279793.186142888 251 85
10281321.520124445 392 95
10289649.736079717 232 81
10292614.808425292 422 87
10299011.005812446 347 94
10303600.228306422 34 91
10306984.858774424 280 87
10307160.929940507 207 65
10314485.803820243 395 87
10320373.223538136 456 69
10320778.977920765 465 98
10330378.482738689 473 88
10341504.436006110 415 88
10356464.435400529 37 94
10376101.634990236 176 85
10386507.958569353 122 86
10410024.241169447 251 78
10413218.280251293 198 97
10415293.719645867 271 70
10425854.009442886 497 88
10435960.503523894 232 61
10438836.724402452 161 63
10444242.564871239 484 77
10446679.454907825 70 98
10447813.935635814 299 74
10469220.221291700 177 60
10469523.385062588 385 74
10473771.227281457 169 65
10492068.771393739 500 73
10517461.182078661 426 83
10520850.378865248 405 70
10532036.480068868 496 90
10558724.406748129 255 74
10562915.335734367 241 93
10565882.537352225 156 74
10572579.148003070 311 87
10573561.179328641 305 92
10578217.983146733 80 63
10582879.270354811 465 92
10586308.926466534 329 68
10589011.638898524 274 82
10593039.313815758 454 72
10602863.054310046 109 71
10605216.832800154 245 74
10607006.152176527 425 77
10616683.543194577 81 93
10619405.273980731 495 81
10621827.044113686 252 64
10639363.555316081 437 91
10642419.088162156 115 85
10643460.252841273 45 62
