5 4.395816868 0.458583267 76.609091873 635827 8
840.682956255 42.471984515 0.070392443 0.021793326 0.664115417 1.000000000 0.000000000
8
1 0.378084370 1.110418298 0.101593537 1.386326500 0.638565223 1.623302784
4 1.228399743 4.441673193 0.330078376 3.429980115 1.579906333 4.016295055
8 2.214191672 8.883346386 0.594966578 5.395163877 2.485102913 6.317403972
128 23.373147423 142.133542181 6.280504855 33.026062249 15.212357842 38.671480903
256 42.130119854 284.267084362 11.320615812 51.948119838 23.928174731 60.828042685
1024 -1.000000000 1137.068337450 36.780789286 128.527455831 59.201900482 150.497719532
2048 246.728423390 2274.136674899 66.297406719 202.166386884 93.121226432 236.724363641
4096 444.728211438 4548.273349799 119.501136951 317.996242291 146.474399327 372.353976628
1289
0.000000000 39 99
447.230271156 246 68
20179.830655935 306 84
21362.401804972 203 88
21678.274789887 122 96
26627.054310453 454 60
29216.553486385 423 69
34092.786449329 369 77
41922.248633039 143 98
43143.260825391 98 82
47061.642019803 192 75
64347.352931837 92 76
65864.916545521 100 74
66177.757924353 356 79
66312.975055920 404 70
72368.201301592 402 77
72805.904178686 209 67
78329.652207602 236 90
90670.592984323 90 69
95495.828804470 364 63
104905.861929385 388 82
106624.867034688 355 76
113207.659674708 169 97
121754.512987120 255 86
122798.147565834 334 89
123256.389727148 97 79
124692.514028889 178 89
126282.882918353 485 70
130173.129357250 314 75
131545.176576561 274 78
136962.750871504 452 71
145736.877905115 53 93
146526.580313529 200 73
150768.546486210 52 96
163657.478995343 105 72
165390.820251545 95 93
182378.281199153 50 86
191542.548451520 331 68
192125.188050460 497 89
192953.504724496 400 97
203876.239294807 426 60
209283.727899704 307 91
210516.131143058 303 63
217281.168568655 470 90
226453.002671424 355 66
230761.204193542 103 71
243327.441077771 184 80
243804.115065883 44 98
244213.718993246 393 75
244832.854785480 482 68
249959.485605190 108 84
256737.397568194 363 67
259661.711031079 486 83
259833.855128507 354 76
271386.867968948 256 86
274524.974080046 454 78
275244.152411860 345 97
276254.930959148 413 95
276833.296171448 148 82
277936.554292250 258 100
279393.401944273 475 63
281951.231687808 472 90
285373.980752331 409 97
285376.805336254 495 88
286820.240840985 186 71
286822.999052381 133 69
286973.087443789 320 92
288293.584576290 425 87
293472.270815357 46 60
294949.831540551 231 71
297848.028798703 296 70
298532.228210847 391 76
301542.339664505 228 69
303430.157150808 39 98
305714.198435890 309 96
306503.744265577 117 61
321897.787734324 468 91
329527.796877852 60 79
338400.161992392 120 71
342756.404430163 374 97
347152.934568943 292 66
355515.218837136 179 79
356086.450756485 383 84
361231.435583611 61 63
361262.569112218 482 73
367451.771131636 225 83
369412.902187244 36 95
383182.722246133 123 80
383724.893370037 442 86
384721.151096115 302 98
388806.629460041 153 97
395967.867212078 338 94
396975.474870704 471 82
398073.300146025 229 65
399924.382368495 258 68
401048.534098364 426 100
407586.329111220 147 99
412809.243119151 237 63
414169.300895183 350 70
423521.424506948 487 87
430451.263372066 158 60
430831.150770121 433 83
432127.544513153 60 71
434199.611777403 492 97
435901.247409122 496 88
439042.470025864 245 69
442044.505797285 216 87
446195.982952931 254 68
448471.137641816 429 99
454632.779619917 365 66
456744.220721756 150 95
466531.162542643 316 79
470161.365864545 446 74
471894.175575900 369 87
472461.117894841 174 96
481248.498594360 150 82
485738.036994972 283 74
495863.256772453 99 72
499340.115601847 363 60
504181.417337790 325 82
508769.458985172 484 82
511274.341638693 62 63
516933.051984255 211 78
524052.105397511 470 71
527601.947951269 363 80
532709.729771552 39 73
536765.600052526 246 83
536771.939543988 294 99
539888.025639121 348 61
542318.629077007 63 96
544498.986794077 484 72
545921.541777060 457 93
546914.519148575 213 80
550876.630437618 153 84
557749.126696666 315 64
561242.710789063 111 73
561389.461694898 148 60
561800.759189038 293 83
561920.156958340 427 96
566324.900791592 92 98
568515.405019415 156 82
568733.770563903 223 82
571405.795121570 71 73
581074.469125149 219 60
581178.014333192 219 71
582474.341534363 134 72
586470.268097271 50 76
588967.772748368 374 60
590418.388152840 414 86
591001.686484527 406 97
596132.444144293 82 61
598477.705798552 182 99
600666.712750322 230 79
602124.425973804 315 74
602410.183475255 57 76
617831.444728305 91 74
617931.372383218 309 63
625613.534621659 501 100
629946.567306404 267 96
641316.405777069 373 91
644514.272648399 83 70
651126.544149389 327 84
654912.180400835 189 69
663485.763203489 109 75
664072.199622223 357 76
666754.623161020 64 91
666930.933902017 249 98
667571.601675186 265 80
672834.101834682 401 64
676407.111900532 425 74
681653.989137985 60 100
681931.116636189 202 73
686727.687144208 299 96
686811.569236215 161 61
692109.839602174 191 60
692528.668910225 199 98
695614.808957302 404 60
695638.161574591 142 75
698632.109185736 303 78
702256.069380763 297 71
704145.649942282 61 97
710221.223537409 353 96
714202.309159078 480 76
716545.562071215 307 61
717550.235779498 236 88
723541.732492784 370 77
732313.603848436 394 65
737959.536225820 270 60
751717.523068791 204 76
752118.869555433 230 69
756630.271111799 436 85
764940.814382084 97 84
766534.434962027 412 78
768026.838876464 390 76
772376.123075795 182 75
772545.292231812 89 61
773973.896072831 402 92
774121.792257075 153 66
774972.986176419 186 64
775401.617515726 143 93
785302.195737693 240 89
789000.300418717 312 76
790357.767242297 42 74
797826.819181138 307 63
798091.423504571 75 76
802385.380025943 472 72
808393.595840475 274 76
812026.983629912 190 66
815181.847610539 377 60
819795.138383438 500 65
836267.133157896 456 78
837946.238098901 252 88
842640.437025792 507 69
845834.178829942 32 66
847295.759775285 283 86
848502.810591425 151 82
850829.519752802 330 89
852143.235252896 293 83
854190.969014351 378 71
854397.098675072 330 79
855058.388747914 298 87
855453.811214720 267 87
866481.113166348 405 61
867729.958141565 124 72
873167.618309328 423 99
874016.732929446 228 66
880760.020066752 396 63
887634.602422842 279 69
890476.309971126 145 60
892852.468483946 295 94
893169.803732047 122 79
894860.080903414 225 81
903354.071173996 71 90
910541.848184419 348 99
912276.050513956 250 96
917330.230904434 451 74
918134.253387425 217 74
919105.373319651 367 74
919122.462985053 205 93
931463.779740456 223 87
933977.022838441 98 62
935147.153161850 289 88
938453.683748236 499 80
945156.880405519 413 77
949497.715146722 112 99
955042.889550452 168 90
955654.974381760 108 85
957245.016649334 105 61
960162.011344290 485 83
965976.000808093 136 78
966137.631116021 408 85
969262.393157362 399 92
977360.348070352 289 95
980242.973031422 256 70
981111.181051039 264 72
985755.047340936 212 86
991663.982026843 155 98
996680.744847456 177 79
997676.948746974 225 79
999810.411356547 423 65
1002247.665593183 166 87
1003484.189425104 65 90
1023705.188158839 220 88
1029625.032367004 488 80
1041132.599511495 267 86
1044024.421525508 158 94
1047569.127035000 88 100
1056952.168593217 163 82
1063849.498586016 449 98
1068414.589645398 492 76
1069026.856989404 110 69
1075674.525152484 314 67
1075815.799095985 217 93
1078464.023361654 361 93
1079286.666018861 331 100
1080733.397851918 92 78
1082445.483514274 381 91
1085187.598826107 342 71
1086267.497841585 417 83
1087510.868242063 143 100
1093954.005841120 56 71
1094559.624690672 300 80
1112494.684730753 333 61
1121725.458848894 507 92
1122861.723422777 495 82
1127421.005599051 72 90
1129063.857008112 499 88
1130770.421550398 305 75
1133184.314237786 228 61
1136793.991926876 123 68
1141630.879080451 176 80
1146604.354022556 360 73
1151295.277949549 326 97
1157821.060334299 425 100
1159584.862463156 209 98
1165917.964067326 52 66
1166639.317749913 149 63
1168028.102244230 351 85
1170544.622837125 339 90
1171165.240971217 205 67
1181197.061230553 298 62
1181916.998721102 253 79
1182624.891031457 150 88
1189255.963502388 160 78
1189280.452342054 312 95
1189625.641793952 79 75
1190717.443665910 459 76
1190910.205313912 113 76
1194250.855666658 280 95
1199301.543371652 181 97
1199515.952197115 275 65
1203919.586639277 209 97
1221654.818727804 95 61
1227941.011899718 384 61
1228329.616510547 314 64
1228355.092056805 270 69
1229224.378902576 453 63
1229726.398962347 156 78
1230555.497168278 269 80
1233185.754649663 258 77
1233892.340993396 375 91
1234313.922305355 180 87
1240706.029515816 432 88
1243745.131613055 124 91
1252272.104606971 349 86
1259802.412866320 174 91
1261661.663058054 304 71
1266248.109703248 284 93
1266356.254715041 373 69
1269249.782632079 378 75
1274428.370865915 166 68
1277057.554389746 493 62
1280258.566921885 83 98
1285828.248535296 327 74
1296732.508317402 500 72
1299765.036065751 443 95
1302942.355795273 473 95
1305189.316540330 150 68
1308380.368095010 271 73
1309788.945078807 375 76
1317477.253404244 188 92
1317738.455500195 453 96
1331622.618492748 102 63
1334295.669263955 361 60
1335726.654468939 204 80
1336402.006342615 294 98
1337826.262332615 78 75
1339432.319401419 46 94
1339546.837642310 263 71
1341169.074297666 487 86
1350858.071236164 311 69
1356602.080525983 100 67
1361424.111253852 343 94
1364371.310209124 341 90
1365610.805542054 469 81
1368211.379724203 87 80
1368738.585741492 168 63
1373487.972406570 422 70
1374228.497213032 455 87
1382343.187488711 203 98
1384229.432499558 320 97
1395478.589215019 113 83
1406637.416870975 178 93
1409594.478749504 425 78
1419308.507768644 387 60
1425861.965999710 406 74
1438170.664964903 485 67
1440851.504769098 375 82
1441735.711673334 206 72
1442444.353801449 433 96
1444438.933742878 179 82
1445045.786457930 471 80
1448405.840282543 38 93
1459820.178444620 232 99
1461957.339766444 296 63
1468925.644607152 40 72
1469276.381102858 385 99
1469520.356261962 377 81
1473533.696509372 472 100
1475561.890770060 177 86
1478624.152556333 154 96
1479000.070025689 289 89
1479070.128645072 123 81
1480254.170741797 488 72
1480328.197546479 52 85
1481802.556566425 345 92
1482002.022586246 289 93
1482508.789390295 79 76
1482865.390506834 317 87
1484800.310068743 474 87
1488373.694395410 311 68
1492064.081686516 102 100
1501644.167706961 151 77
1503640.381959285 70 66
1509198.857819930 322 88
1513650.110541193 48 85
1515639.828190186 324 90
1520790.408316873 86 95
1532944.793236954 275 73
1534678.033921452 237 66
1540117.712378297 327 76
1546611.185273214 129 71
1548341.784759113 296 67
1548921.751002169 376 71
1552995.007977018 508 95
1560349.597638163 436 61
1570889.106342277 162 76
1574741.368534093 381 93
1576721.461920268 170 60
1582229.028393609 334 62
1585169.000623649 298 85
1585528.010290785 449 86
1593911.987429338 264 89
1593952.933106100 477 86
1596706.264999601 122 94
1598650.000358127 255 96
1600200.905748038 93 65
1600203.693301918 404 99
1612583.986585500 356 65
1617437.683593957 223 83
1619406.005389006 404 77
1619615.602899038 399 75
1620959.576642053 306 73
1622663.922574880 419 92
1629240.998236568 42 76
1631251.590077701 235 61
1632670.706139906 415 99
1634018.397860687 108 84
1634050.420576838 420 74
1641502.875447291 85 73
1641544.946774866 360 79
1641964.027905016 164 65
1645026.668917740 494 68
1647281.360755557 176 70
1647988.267499664 287 82
1648016.012476670 356 90
1651101.321058100 195 88
1652222.096872405 117 73
1652823.673373963 54 62
1654172.766757960 356 94
1655480.999833327 285 66
1675432.117243660 236 80
1676761.740104833 42 65
1687206.602019510 368 62
1692478.425369791 314 69
1697487.536209591 118 99
1701234.162244904 331 90
1702386.040152370 376 77
1704642.811421983 311 60
1709373.414129314 435 75
1709980.337913505 495 92
1714337.974194404 82 90
1718443.070888564 216 95
1720859.582931321 459 64
1722722.262982523 296 77
1724934.401352810 505 72
1730477.126617826 263 67
1735385.997022977 307 78
1736658.621320220 175 95
1738417.306900189 355 88
1741004.680298923 139 77
1742858.613472335 98 92
1747122.200012965 125 61
1748005.128952394 329 94
1749571.130450628 308 75
1750084.135878017 92 75
1750692.068457385 478 93
1751275.496033148 42 100
1753864.874855508 298 87
1758989.890154049 420 88
1760526.292631180 171 61
1760823.316768124 136 94
1762420.624833392 403 69
1764796.984422957 140 76
1765823.502481908 420 87
1768653.350037554 288 69
1770774.367121998 128 92
1774750.810100237 105 90
1777526.524592757 116 80
1780325.316864822 213 95
1781056.835674996 451 83
1781237.957017977 375 74
1788316.109499034 242 66
1791015.930505493 151 64
1793462.279723756 91 72
1795155.479221550 325 69
1796857.213878023 374 67
1799163.402759250 389 73
1805658.596639893 81 98
1805671.872952409 176 82
1814728.915409693 351 70
1816532.396797175 131 78
1818140.592644207 265 70
1818203.211738223 242 89
1822449.008289361 208 60
1828805.519011772 365 89
1829972.251437376 249 76
1835958.770622216 98 61
1841043.721441839 480 62
1841420.321392720 505 68
1846772.769461152 198 93
1846853.264048069 173 64
1848489.266565572 462 76
1850467.844653247 435 93
1850748.910524911 479 84
1851651.725469985 255 71
1853020.956072333 111 64
1853726.294909460 471 76
1856883.969431881 505 84
1857370.984991173 446 92
1861058.609521068 149 60
1861787.500491532 308 91
1866488.899331524 379 78
1872695.259934317 59 60
1876710.572477694 484 65
1878780.921233803 282 85
1879125.865264912 85 60
1881908.824264321 302 87
1882284.987284310 418 91
1884204.841445376 179 86
1886407.074440292 336 99
1895201.835006411 273 67
1895462.809403169 459 89
1897379.613045232 153 80
1906430.397759289 202 62
1906746.992207882 265 89
1908684.583005294 101 96
1912434.332864499 488 77
1924417.122384680 414 64
1927595.741422026 269 69
1928444.278326477 354 61
1932364.529482657 71 83
1934845.833913600 276 85
1935251.926949095 309 68
1936866.862540901 188 83
1939150.186359719 288 92
1954277.979356004 104 100
1955580.939608796 426 62
1960679.011420462 145 65
1960896.368741496 187 62
1965649.573237153 450 94
1968004.967585390 231 67
1975013.267671077 329 64
1977207.743592654 302 91
1984796.554505148 71 78
1994400.287242895 252 84
1995663.287096769 199 95
1997395.854348228 291 74
1998356.841910939 207 69
2000862.675135194 468 74
2003288.095650105 235 88
2005639.125325700 443 88
2008354.803728038 343 63
2010882.652118758 99 95
2011349.104151485 408 88
2015742.219089166 417 70
2017941.324901925 434 65
2023256.149485726 267 98
2024124.312967359 76 60
2027879.885250087 490 82
2028525.630723818 132 77
2028779.283794689 116 82
2029124.219654885 444 81
2032758.170928955 116 92
2042356.221535631 451 62
2044330.662947994 277 71
2048400.531458716 119 73
2048511.025467797 287 82
2051203.648629910 94 92
2056548.022192043 402 94
2058710.766978397 44 99
2059969.162746102 169 96
2065035.651754282 390 62
2077464.989841928 261 85
2085390.352286935 275 81
2086252.993236823 291 93
2092382.317460603 251 98
2110397.067934620 449 88
2113193.646659243 426 63
2115470.209798405 311 95
2119324.640984316 181 94
2124012.425506024 104 73
2125175.311334085 352 91
2126358.079570307 41 73
2126494.185353946 328 78
2130626.399472096 509 89
2134593.141037491 351 76
2143608.110106217 242 71
2155871.887416124 104 83
2160061.131553395 73 60
2162074.378246467 366 75
2162945.142863375 300 74
2163723.510819398 168 84
2164926.233244908 68 66
2170918.567447340 200 93
2170930.070652070 189 76
2177995.402559516 113 88
2181702.286570292 275 73
2187204.682245029 427 63
2197829.026802072 354 75
2209675.053635158 32 97
2221243.281803816 412 72
2224058.538282222 223 76
2224065.604419955 57 96
2228401.948781133 473 77
2230022.866106573 63 85
2230096.264031833 368 76
2233596.564842087 241 66
2246774.907404264 104 66
2250998.931116686 220 99
2252716.426459553 55 88
2253312.363779696 163 77
2259721.710787617 155 81
2261758.798758692 40 95
2265874.018419331 382 63
2267743.326662855 322 86
2269384.407627651 183 69
2270149.355017984 329 93
2271413.339071148 231 78
2272688.470112744 370 69
2275122.000010679 177 81
2275394.705559142 455 96
2277970.349874821 153 62
2279373.128569393 329 84
2285511.610110282 90 89
2286846.603693835 479 100
2288148.505379100 162 83
2290702.017636698 176 68
2295592.936507044 353 62
2309577.567074813 132 72
2313836.131129245 286 96
2319122.466149199 420 68
2332378.474033734 352 63
2344375.723505653 170 96
2345774.066438492 176 65
2347539.664517714 126 75
2350388.494948097 460 80
2353782.309653175 268 64
2354997.003631622 347 71
2355359.168548549 251 98
2358732.687861315 373 64
2359904.198283053 427 70
2369891.291537842 120 81
2371012.104610187 189 64
2371759.115570211 357 87
2373204.442109166 139 78
2387260.465453278 320 62
2389449.079478493 381 71
2389904.659823658 63 83
2392212.704325593 114 62
2393356.557484323 402 77
2400166.394754449 179 85
2409441.966552076 360 70
2412831.625840637 143 89
2414470.117842415 58 68
2420455.885914249 221 99
2426762.318103709 66 86
2427721.590755693 437 94
2434539.342157151 441 82
2446202.174446627 437 70
2448938.347449745 175 64
2449063.436922363 390 60
2449348.222357444 464 86
2449483.328208744 386 76
2457031.498022181 408 99
2457052.263896788 250 82
2457329.859854479 447 97
2463826.804163641 295 97
2465163.792665214 286 86
2466050.986850770 143 81
2468904.323673730 104 77
2469423.128435222 301 69
2472445.742324837 293 96
2478608.840942336 263 73
2480916.861866833 324 98
2484072.931394692 122 60
2486445.242607640 484 63
2489180.451193846 180 73
2492900.717461445 187 60
2493819.341434358 107 85
2496492.266660420 422 60
2498098.362477138 480 77
2504161.233128672 204 60
2506131.471161972 108 84
2508462.315961694 362 82
2522112.997491058 243 92
2522449.950089861 113 96
2533549.301977668 452 67
2542984.484786023 142 83
2551305.545577048 279 81
2552914.948597130 299 99
2557031.450698489 315 99
2567310.305654717 411 63
2567986.538452704 65 92
2576367.168471077 280 62
2579403.383670465 204 99
2580046.776699102 186 73
2580862.433667842 512 81
2580936.814504184 111 94
2582596.449937791 48 89
2586587.551398671 443 77
2589358.242596696 182 60
2596323.253798108 435 89
2601249.796347075 357 60
2606230.264166451 215 97
2608998.347442680 280 99
2611721.845287895 115 68
2620845.883357346 61 62
2624702.714498985 387 71
2626246.774347764 109 70
2626693.528712561 312 65
2627910.667856157 48 91
2637949.676994024 183 97
2641985.810295269 172 89
2642190.930758840 241 88
2643450.670386651 511 93
2646043.168800332 282 95
2650321.552415660 350 65
2668058.119132791 148 95
2675740.108755878 510 71
2677347.291777859 185 79
2686947.111502247 320 85
2688761.302593332 52 63
2689611.622596027 359 66
2691457.609977590 409 99
2691470.830318179 86 74
2698421.308167795 207 93
2701093.347662642 336 92
2701604.231926846 410 64
2705075.539697130 362 93
2706532.989432055 496 98
2707932.179825756 196 100
2711232.917726717 170 98
2713328.494421530 437 80
2720450.622401725 352 89
2720682.644904985 273 80
2722607.781456374 44 64
2731392.825119417 406 77
2734834.964140626 82 72
2735839.967656163 473 68
2738788.389740270 393 89
2742982.020949059 147 77
2751981.639866889 159 90
2761195.621692304 283 60
2763584.832077543 232 66
2767268.926515375 463 82
2768939.921470106 438 68
2770993.303041444 287 87
2771101.991205932 77 89
2774262.278630080 197 77
2776526.754874691 330 73
2776752.448487814 474 85
2783885.066161518 466 70
2786484.335682986 188 76
2788323.358046176 129 82
2795865.620751439 431 100
2799421.893631936 187 95
2801168.681324217 482 67
2807701.849878238 230 84
2809110.101536036 420 65
2811370.258815614 389 83
2811412.121009338 268 65
2818196.938310068 455 99
2818552.291622301 97 81
2823766.015333612 83 95
2824220.146063789 187 64
2824272.513800226 267 64
2826635.395135599 319 98
2836409.238166795 331 65
2836499.776822729 237 94
2839430.374784686 349 75
2842397.215566959 379 77
2843597.606593683 198 92
2849281.040404100 409 89
2849408.721751691 261 73
2850431.296596677 80 70
2850646.652169547 167 84
2854695.697478462 439 100
2860395.756151318 254 96
2864013.004511531 80 80
2864562.695227446 73 79
2868186.077000160 160 66
2876028.113680101 245 99
2876364.042361199 480 69
2878160.345871014 94 61
2881705.863712541 199 63
2883621.687825790 383 91
2890430.636599835 266 70
2892632.348699621 445 84
2893622.293528617 411 82
2899238.464803683 427 87
2900303.283091006 174 75
2900750.466039730 239 96
2903463.882372592 500 89
2907285.198719391 267 90
2912159.897877719 505 94
2913081.078384069 65 72
2916783.470368433 501 80
2916960.431351808 371 60
2917210.717855871 115 91
2940200.899564504 470 97
2945728.095756327 340 76
2952740.196715659 488 66
2953080.888308656 348 62
2953386.501603242 38 89
2956070.013274341 417 60
2956893.628922862 422 98
2958618.320149427 88 99
2962151.436898312 382 66
2963915.621975327 366 92
2964660.598042580 353 100
2971729.769677649 493 61
2977490.074427146 86 67
2977737.241196904 254 93
2977803.718750076 98 63
2980197.874056360 205 63
2983869.043690216 406 60
2984698.346032390 492 74
2990302.944678277 458 98
2995520.848938455 206 64
2995979.491129211 357 67
3002857.270261391 39 94
3015018.361685893 74 70
3026926.026040253 227 75
3035348.950705576 353 97
3038833.093420126 509 99
3039842.909412613 70 89
3040909.459385741 133 89
3048159.039760969 350 73
3048482.643179427 229 62
3053826.544964265 318 66
3055262.303950344 136 67
3059891.058379021 332 97
3060412.815779328 368 89
3062495.059864111 496 96
3072375.798924103 131 75
3073057.255054913 419 96
3075183.208553776 415 98
3085994.804680047 97 91
3089662.568065535 468 80
3091043.433798504 443 96
3091107.474730406 300 93
3091990.313867130 329 93
3093369.827267763 287 77
3098537.390967852 205 89
3103470.346397855 477 67
3105098.568311398 50 97
3105505.307847922 76 93
3107986.356489785 486 84
3108182.156158092 195 62
3114837.745546013 246 66
3124092.261686197 330 87
3127346.832514261 190 82
3130175.607107088 512 88
3131234.375232683 433 91
3133798.718961301 83 98
3137111.687612403 108 91
3139501.193965976 507 95
3139542.306533276 78 74
3140964.932230717 281 61
3146048.551499772 178 89
3148264.184603720 303 71
3154413.780602267 360 77
3155207.426441608 195 62
3164884.529823598 509 97
3167832.365568983 109 66
3171310.673797322 174 82
3171838.652232818 460 80
3172690.873757565 345 98
3178641.621285417 408 65
3180797.175234861 389 86
3182212.715034082 434 60
3186510.084604511 285 89
3186656.618376248 295 64
3193803.912585577 362 99
3197400.120728596 211 84
3202754.190427780 339 74
3205475.769832303 251 81
3212838.059382931 466 65
3213332.234746627 322 83
3220924.915612301 282 94
3224827.163171024 314 80
3226271.902049000 379 84
3232209.508146882 355 78
3234295.142609429 350 74
3236809.796079360 159 76
3237336.320767009 68 83
3238453.294777884 217 69
3240654.874403182 278 100
3241290.508349525 121 69
3249508.289556289 92 97
3250940.754582569 471 92
3258126.900583772 329 71
3260451.471457971 187 97
3260891.898195531 219 92
3269671.129740389 316 61
3275538.621847895 232 83
3275572.591928684 393 68
3282876.137259576 368 96
3283883.099231265 336 80
3286405.494476364 409 81
3288318.058926198 249 84
3290924.933059047 161 90
3291466.835418747 121 85
3294740.465140879 370 74
3295631.670997531 168 82
3299773.541370781 295 100
3300924.023261809 426 90
3301099.142489444 68 86
3304138.234800276 86 75
3310892.708393333 102 87
3311989.249596481 359 79
3315756.980287184 300 86
3319362.622829281 173 99
3322143.545868967 407 83
3331986.736644429 316 98
3334686.449286699 232 70
3336153.430382867 61 63
3336896.265939972 500 65
3346190.870987889 217 69
3346546.018986413 393 98
3349772.766587922 279 90
3350573.665928768 298 91
3353720.232563778 361 73
3361171.018216538 361 68
3365926.675287027 312 77
3366798.018927372 467 65
3369114.679154456 154 92
3370049.179198001 214 94
3371608.534590962 106 79
3372124.470137068 477 71
3373164.056364750 417 93
3375049.581732820 182 98
3376111.696678448 240 93
3377268.615073158 67 100
3390883.910372629 405 80
3392687.269189164 181 78
3394598.926638553 135 78
3401152.687891036 223 68
3401803.295707362 81 78
3405857.128656470 265 98
3406350.561152007 410 88
3410370.317664645 254 87
3411455.798995345 482 86
3414359.521668319 486 93
3415812.811343423 456 64
3422650.146366089 232 71
3425723.236974911 79 82
3433375.119778130 231 85
3434195.520300835 429 76
3434438.839661555 232 69
3434737.816187834 342 96
3435921.781078512 393 100
3442393.969269018 399 61
3444951.701681639 111 63
3448565.524531643 306 70
3452771.143242027 378 92
3454112.415901361 396 81
3458062.346363913 438 85
3462561.623538447 171 61
3467517.405453822 222 95
3468568.723854679 55 82
3485720.487252006 118 87
3487351.871871481 159 84
3489351.337764053 132 61
3493972.567541628 83 87
3495461.393900248 464 74
3495996.331680665 311 78
3496024.637865347 223 86
3496770.575469411 354 100
3496917.957254636 370 77
3498224.022464574 363 93
3499599.579890511 53 66
3503278.252295138 343 66
3505902.656744367 424 62
3508595.899002030 197 63
3516485.771350608 391 99
3524825.502591893 91 71
3527621.295402645 93 88
3531318.900768663 131 89
3531873.196613771 402 92
3534840.704260155 65 64
3535254.244190138 479 63
3540182.378178578 335 93
3546683.533327827 418 67
3554229.831302489 124 82
3560914.638321578 97 76
3561189.077241554 203 81
3565604.881658063 380 63
3566611.192308633 234 91
3576400.107514370 132 93
3590325.787569010 391 83
3596516.680700263 101 88
3597322.656059864 307 75
3598105.566325620 446 64
3604660.616586703 329 86
3611501.017387331 60 83
3612573.671675422 419 98
3617121.224451817 485 91
3625339.530066675 282 99
3629980.149635954 434 97
3631153.449747817 147 79
3633791.844830457 226 65
3640484.372377472 409 90
3644023.408187621 506 92
3646087.750824233 459 77
3646798.161390530 213 82
3651535.090039686 101 69
3653951.541978271 425 77
3654427.445831001 37 81
3657829.872081128 135 76
3672511.272581178 136 82
3673651.492325199 414 61
3682276.643499444 345 65
3683271.542186565 112 96
3694343.295621028 374 93
3694615.876288378 473 85
3695922.891062750 495 82
3696322.280734371 419 88
3704103.233842050 210 64
3719899.413818711 310 69
3726678.600099099 244 82
3731776.632029400 125 75
3738734.026564963 124 83
3739449.807350135 382 76
3747732.308839654 74 100
3749390.637928262 338 75
3752156.715333474 296 91
3753596.486243078 175 98
3760719.629376071 350 64
3764265.024313112 91 96
3772082.968315463 351 91
3773754.908401425 208 65
3781782.676019063 67 82
3786696.053661915 422 89
3789112.142433636 283 82
3805670.712105373 298 100
3806653.356063880 187 66
3807731.703251794 445 63
3812941.839272924 253 83
3815118.984551632 416 86
3817294.998128891 422 86
3824803.105158779 358 86
3825977.041490068 227 80
3833985.044063846 189 82
3836723.030370803 220 62
3838386.939101909 471 91
3839617.077660876 54 88
3840803.979312051 72 60
3842553.378338012 180 69
3848411.453523911 185 67
3856649.576182793 366 65
3858790.244345554 373 65
3859236.796964456 464 70
3864260.710932944 494 100
3864436.248784856 154 78
3866960.336881348 294 60
3867231.904296130 223 98
3870243.791079279 257 87
3876565.298949900 246 84
3900335.058925906 122 89
3900895.940641489 303 67
3902409.607430567 69 84
3903270.685671723 222 82
3905627.079469397 287 74
3910646.972123052 162 75
3911365.057078812 94 100
3912978.717403254 181 87
3913938.287689434 69 83
3915410.749810223 89 62
3921388.672515098 401 100
3921484.992910302 253 79
3931775.771361658 110 67
3937716.955262504 229 94
3954889.274800499 207 94
3969689.534183585 381 61
3979062.941953742 289 69
3980896.358760627 273 95
3993448.506981594 118 61
3999474.774231380 210 87
4002934.536309939 140 61
4003846.843662017 395 80
4004587.195875799 125 88
4004909.425744618 85 74
4008380.593073403 269 92
4009587.484050849 374 75
4012022.694495559 302 64
4018859.958479947 152 82
4029164.350464939 401 88
4040992.244327028 376 63
4045389.769583366 343 94
4046289.724286704 464 75
4051208.430005241 474 100
4054729.624414747 55 74
4062894.477102260 316 89
4062924.555744316 201 85
4064060.517412737 265 92
4064155.683246456 401 84
4068950.957218148 407 97
4068980.267086206 176 62
4070200.733417687 68 83
4074276.206651676 437 64
4075442.375638208 380 69
4076183.372198108 370 74
4080827.281380332 157 69
4089883.088802523 395 89
4093020.216865408 445 66
4093164.017227775 276 61
4095764.600706499 415 85
4103127.006216382 207 91
4106947.052022734 506 63
4108494.046127530 116 63
4112565.114089474 203 77
4116036.973973852 370 75
4119455.122509519 87 99
4124390.730160385 61 94
4126861.031427987 110 98
4128052.441600061 418 68
4138107.850330185 416 78
4139919.937278610 499 81
4148457.843194023 371 62
4152289.240056756 42 90
4157692.817493696 428 73
4161609.431374770 333 73
4167504.319400652 437 80
4167961.628217808 355 87
4169425.983553952 64 83
4172948.179202580 471 86
4173175.843099126 493 100
4173677.415530676 256 77
4182661.985092063 49 73
4186080.223434522 42 92
4186594.429019656 122 70
4195152.052468883 74 82
4197700.872677924 312 70
4201156.978892361 373 62
4201207.348179220 198 99
4207525.562177879 365 73
4208862.656515754 219 96
4209009.033571400 324 78
4216527.420426959 411 82
4218981.462070812 384 68
4224938.675508764 416 90
4225265.345799506 283 83
4225643.461152721 461 94
4226807.170236195 135 77
4230001.124613645 86 74
4239273.943568750 132 91
4248487.617984608 499 66
4249166.965208110 167 76
4251260.250767833 123 69
4256448.575604750 343 77
4262425.550806294 170 94
4267116.877065026 234 91
4271840.858357351 241 71
4274247.467440910 415 88
4277978.545473965 205 71
4283199.267011352 124 80
4287796.161214601 286 86
4293953.972141424 269 100
4294611.650608619 449 64
4294829.441625347 492 69
4305035.739476286 60 86
4306167.657639634 176 70
4306309.536550084 157 99
4306567.237411943 248 64
4309559.817909253 101 97
4314959.190493387 390 74
4318253.517388943 65 95
4328853.087969193 130 67
4330644.426031737 78 84
4332795.135878934 489 98
4333859.172729208 415 69
4334320.716367238 213 87
4334458.495934382 32 74
4339491.096823981 389 64
4342837.102044974 483 77
4342973.692932102 199 74
4350994.298530041 194 75
4353984.959178523 159 77
4354640.770126550 227 64
4354704.375117211 249 73
4355540.332468416 164 88
4365945.236447920 268 87
4370367.147388374 303 89
4370682.458436171 420 68
4377497.659481969 93 67
4382030.634052108 32 74
4384019.508234951 312 97
4385889.941567076 313 90
4387874.552652699 94 67
4392118.037062203 290 77
4394765.281016635 53 61
4396094.793132092 495 88
4398130.389226942 345 61
4398813.086376267 385 74
4399904.304674938 148 92
4406033.389698673 133 99
4409683.429326608 216 66
4410654.154824127 413 72
4416941.817044714 303 94
4417216.332778934 144 94
4417907.761566735 428 76
4421943.000045709 104 65
4433610.455361517 205 99
4435912.792529767 472 99
4437259.452406992 181 86
4437720.559924093 342 67
4438663.847355618 164 75
4441597.372314605 34 62
4445036.950913209 334 81
4447078.973111970 80 89
4448372.884225549 356 63
4454184.951019166 418 96
4454751.637698446 309 83
4456619.457451264 340 86
4472475.808986175 331 79
4472935.768139097 298 67
4475646.979261125 368 75
4494051.737403359 49 93
4498234.575315027 329 79
4500050.122647517 243 93
4506726.438733535 55 70
4507703.475662955 262 63
4508687.648533146 455 92
4509271.555032518 190 66
4516270.489872773 271 73
4519275.655600455 284 70
4520626.346839695 287 69
4521499.282229555 346 99
4524854.450605994 419 69
4527072.928494519 355 80
4529557.771831140 244 78
4531805.385910786 472 63
4532941.337765244 455 98
4536225.161210814 350 81
4537195.762929742 352 97
4540298.132418333 202 63
4546745.132133644 70 80
4555160.868115881 167 94
4556256.949994748 264 79
4560039.529048189 413 69
4563437.637763586 58 92
4563535.228483197 134 99
4565885.759512390 441 87
4576691.773419322 159 91
4580108.438997594 361 94
4582389.235311975 305 91
4583515.956688857 237 84
4585413.488897847 187 66
4586515.517397043 177 80
4587471.037149595 425 82
4587547.694310032 194 82
4590835.654850458 92 85
4602677.382582032 200 94
4602755.727710229 443 84
4605654.534384641 351 60
4613545.150501720 161 89
4616931.914002599 179 92
4619447.307610103 491 79
4623005.910796440 320 75
4628275.821646719 275 82
4630175.873620686 384 63
4630868.020993805 404 75
4631441.989926090 158 79
4645815.038830760 116 80
4647968.529228101 226 89
4649158.914685604 171 92
4650541.000436763 261 71
4656679.486124688 235 90
4659399.678983349 351 87
4666418.098966226 352 90
4671030.272368009 276 87
4680150.009044665 159 82
4680567.057561171 188 78
4681127.460314553 434 67
4684455.042206809 319 68
4685240.150287554 162 76
4687335.834554453 63 100
4696365.979690496 475 78
4696525.392316245 282 100
4704775.349452461 379 88
4705769.619538959 220 93
4709930.211642957 290 92
4711809.871768501 208 88
4712516.734472051 56 62
4714175.368094024 181 89
4718565.936434209 270 96
4736513.360648089 281 73
