6 3.100216249 4.483047745 0.224618852 230058 18
9085.738565707 115.314573045 0.065250796 0.004797853 0.061699580 1.000000000 0.000000000
11
1 0.293390176 2.610862586 0.120370056 0.855349340 1.943499347 1.947678217
2 0.528836063 5.221725173 -1.000000000 1.289989111 2.931074914 2.937377247
8 1.718193437 20.886900691 0.704928311 2.934074138 6.666716044 6.681050671
16 3.097045260 41.773801382 1.270633932 4.425003341 10.054361062 10.075979729
32 5.582426947 83.547602764 2.290318838 6.673537765 -1.000000000 15.196018185
64 10.062329737 167.095205528 4.128301825 10.064649192 -1.000000000 22.917768287
256 32.692605767 668.380822112 13.412892202 22.891997034 52.014515220 52.126355688
512 58.928452143 1336.761644224 24.176750604 34.524404832 78.445326456 78.613997874
1024 106.218589510 2673.523288448 43.578615332 52.067739097 118.306769115 118.561149732
2048 191.459105867 5347.046576895 78.550494456 78.525595672 178.423524393 178.807166737
4096 345.105215467 10000.000000000 141.587338933 118.427826571 269.088187389 269.666774900
1385
0.000000000 107 90
46862.124241556 276 67
69526.618484657 373 93
71130.949462268 411 61
92880.900950576 449 88
103620.041314141 93 96
114943.401594009 279 68
126450.847225656 191 87
135345.828882506 397 66
150187.326816684 144 99
160987.002952829 336 91
174698.232859200 270 97
180362.648204151 159 79
182093.288590410 442 64
187194.311060122 42 88
206610.537045438 153 73
211814.183768557 255 100
225490.732247907 165 92
227610.222549072 309 66
254913.643585946 71 73
288836.919293249 426 79
313331.135890311 222 85
322534.640915594 366 100
324789.133652422 321 97
381222.850678156 257 75
384371.394378038 481 93
390912.099348422 256 87
406742.332441266 510 72
440708.855181412 268 84
455996.997453008 215 95
458149.194799815 351 81
480917.639304074 237 63
488150.403914190 469 87
502008.769905263 499 73
529109.106245018 433 99
537520.930680242 132 67
552424.714580311 303 95
552656.492805861 253 96
563827.419973340 403 80
576986.473194648 305 65
591843.952426817 308 70
626143.630002792 48 85
674302.369486848 479 85
719395.780515900 335 69
722097.974585581 253 88
737164.529567242 465 63
763820.876488849 280 86
808694.085666491 324 77
839887.147870447 197 90
841617.631839878 261 98
844766.361475165 420 92
851271.141278810 432 90
861184.517773103 76 88
866364.526063537 512 80
881490.153786293 156 75
898278.947839297 459 67
905175.509873130 424 84
958280.187683825 501 99
964187.731592486 370 76
987468.460104001 237 94
1006271.061014272 121 78
1016802.052894461 211 64
1017512.754946936 70 66
1025147.072568494 237 63
1031134.849563003 349 61
1060115.204731002 247 75
1074408.369223766 32 65
1081298.602258502 366 70
1091760.055097010 228 87
1095799.796849817 249 76
1142345.145132132 247 84
1142478.696511180 47 100
1153382.038050863 50 74
1159415.822554829 370 69
1180257.724758274 335 67
1190888.266342924 421 89
1192730.867315016 464 84
1199050.936705772 390 85
1203278.455654324 183 78
1205085.046827609 131 84
1209651.234518859 56 81
1221053.102761189 48 63
1275357.407914835 223 96
1278228.232040841 38 86
1288327.727750900 314 82
1289099.178655371 349 61
1295873.163527390 50 85
1320075.146850020 38 72
1322701.867492651 338 84
1339036.539239194 495 82
1347657.412919172 168 87
1353603.230294915 292 81
1362212.929324694 212 99
1367358.512469486 107 93
1370561.468603775 131 69
1382064.560314927 133 96
1383554.378488924 212 72
1395482.231801155 318 65
1414319.274162420 334 75
1419046.087742926 458 68
1429624.370117762 44 100
1444805.451432864 44 93
1481779.304672611 488 94
1520058.055166614 261 91
1521259.257289473 232 63
1550541.302370191 115 60
1571413.975995726 305 77
1589829.743397838 299 63
1590589.496971197 278 95
1638478.679702768 82 69
1659025.048562690 150 68
1672870.439638233 106 86
1685477.443313282 229 65
1685857.797894340 209 67
1719303.060047494 99 64
1728403.252634687 298 74
1738550.098339303 228 79
1741601.851039011 173 70
1762403.916131371 82 76
1789544.505369921 453 72
1802332.384689493 167 80
1805950.838949518 167 88
1815521.542052769 272 69
1842565.280768101 214 61
1844564.705061183 35 86
1845015.284786112 318 66
1872386.404869009 212 73
1892277.048435023 341 60
1894775.263334622 103 68
1945615.846813934 190 69
1970704.509029746 365 91
1981581.145398226 433 96
2008704.325240800 73 95
2011731.833318448 453 73
2027956.901278841 298 80
2031612.823172696 328 68
2033102.420172408 359 76
2042553.821202695 323 83
2053389.637541497 183 95
2065134.850374813 218 96
2066921.413671924 51 76
2069656.870127026 138 64
2087736.488683200 307 79
2098958.315815988 369 67
2099105.007168910 220 66
2125831.004648739 200 93
2134152.688133225 100 79
2164726.747146877 466 71
2180593.602150868 239 73
2243238.073744990 422 85
2253764.393276884 205 87
2258200.814744836 48 82
2288671.878664502 139 70
2289722.680543509 80 74
2323614.835345211 474 72
2339179.524488162 454 88
2360945.925728657 339 76
2362506.225608610 296 66
2371480.422732469 170 86
2379626.220219571 164 94
2390282.491809581 273 84
2438977.161779873 300 84
2447605.437891933 453 65
2478373.195548041 114 72
2502494.110428154 245 66
2515878.024478372 355 67
2554144.956025172 129 96
2564222.148098439 85 96
2568696.996353708 394 71
2584123.008917721 219 90
2635106.474740604 61 94
2653848.212362971 266 69
2660782.798931338 182 68
2664740.370025519 363 64
2693378.596302468 246 68
2710343.961225653 248 88
2759348.063932414 438 99
2791670.005895803 226 84
2801638.205510125 135 87
2805923.768765080 70 85
2806336.908944339 366 84
2832587.169658407 332 71
2836409.298127263 322 61
2899035.849366852 428 91
2935494.511625568 402 96
2940422.338160535 222 66
2956553.637832512 87 64
2965198.821329832 46 72
2966092.152075369 384 74
2967209.580069683 276 62
2989639.735685796 148 83
2991802.819590231 451 83
3009332.890848247 248 81
3027473.494924025 362 69
3044226.512251736 493 95
3070221.404249957 189 76
3089469.640233853 502 61
3126298.765510582 365 74
3171700.263426138 64 90
3188465.393155051 112 94
3211290.222215047 98 77
3214495.593983918 463 89
3270731.683322031 118 68
3273560.014304512 225 83
3284167.971501948 385 99
3294447.808991596 83 100
3323489.386237859 324 85
3329549.297931384 44 81
3346162.728601503 478 60
3352032.240025166 481 61
3354893.654472981 265 98
3432294.432007656 442 60
3440315.827529293 116 65
3451000.668966407 222 98
3472311.941575488 316 74
3499137.087011362 90 75
3503621.061513702 44 72
3515497.304880582 181 97
3524975.911724606 182 63
3545323.327404959 464 66
3621833.914451015 153 94
3638012.807230777 86 74
3641039.944343810 303 75
3656196.026115865 279 83
3672975.212826148 110 66
3675793.660963585 453 99
3689735.849583184 355 73
3692528.153393725 461 68
3708292.333294120 398 82
3720504.739467035 351 94
3735744.694622362 61 87
3745652.964703374 86 62
3757645.815885983 365 89
3763217.888496588 83 70
3772554.596898218 82 64
3779413.501573554 313 90
3791819.350330541 397 61
3806015.758263842 40 96
3845974.782272784 445 99
3852391.173771347 303 87
3882618.374653796 181 87
3892077.585353468 209 61
3893688.859140182 336 97
3954197.076770940 43 86
4000125.887472793 123 75
4001520.114757583 234 89
4010980.938703124 426 62
4036796.035795304 198 76
4057072.635869722 175 86
4069346.111565607 172 86
4090855.748742214 191 85
4145693.988227292 252 91
4152819.022984946 67 98
4174175.092942534 84 72
4204080.744134169 72 73
4227923.671322933 48 79
4229256.589784514 383 68
4233130.414024059 163 77
4235552.773497764 244 73
4273343.596610744 144 100
4279633.724552805 60 73
4283862.802894832 454 97
4332297.019923286 388 83
4382956.117710108 462 76
4389683.644365298 440 65
4395191.638334150 482 96
4407820.927533001 279 67
4459378.997676320 78 63
4478231.898366159 144 73
4510021.947140317 186 94
4535613.929226588 327 62
4558858.595824135 82 75
4575787.591482380 56 78
4602887.035816599 399 93
4634572.594613503 155 95
4641346.209819399 328 66
4641546.447834134 58 97
4642388.444842622 409 79
4650309.267890984 403 75
4664656.276284399 60 93
4668661.037777447 473 67
4674488.549287958 129 70
4689955.686801579 269 72
4704686.117378959 207 68
4705356.248813630 383 88
4723635.855431180 328 93
4727688.560968823 499 71
4733126.390263433 296 79
4742922.474719998 271 65
4762649.296011194 142 60
4783986.296755260 413 71
4784597.973561650 275 67
4813326.297961436 433 78
4822119.292865041 52 93
4834626.520962413 480 73
4863154.929883023 499 70
4882959.602645552 258 82
4888539.957606336 70 82
4919114.556282225 153 67
4944565.651924193 214 66
4945215.356265573 353 63
4951130.207979738 431 76
4988622.671940539 174 78
5000020.604329675 259 98
5037492.362637122 153 88
5053940.567643775 419 82
5056732.998075673 289 77
5071619.497676611 80 83
5103477.524962703 486 97
5107951.746087050 374 73
5128580.927069132 196 98
5140288.544458483 394 73
5141263.894554761 509 76
5162462.129124792 214 92
5206332.737053167 353 94
5213378.986482838 258 72
5247229.622702856 497 70
5247319.265494323 433 100
5253895.685199761 49 90
5255811.206009515 496 86
5257570.158909754 319 64
5258676.434547837 233 95
5283699.955758896 216 98
5284722.616355351 465 74
5290923.381584757 314 96
5297158.108283726 73 75
5326752.576324015 68 83
5341887.051763282 162 63
5370333.235302741 141 63
5372058.660419787 128 93
5374830.475495513 92 60
5386627.273187084 440 88
5390456.669830911 389 64
5390789.985297169 374 73
5400266.020053401 64 65
5423925.118725750 44 76
5435839.396994594 431 63
5452988.633765684 348 93
5463701.443038004 274 98
5464295.700726801 160 67
5478083.035534080 164 83
5490131.885181498 43 60
5519187.976069150 206 63
5530108.901396369 457 66
5537815.464052228 311 63
5543233.524315856 503 75
5546310.370092226 417 71
5557892.946613819 41 96
5587192.890811000 260 88
5607226.221542947 447 62
5617615.184906390 477 60
5637411.085634593 296 100
5641013.069927266 202 94
5645068.625702477 403 96
5650992.364008131 374 79
5666204.923510327 465 100
5698692.392803266 225 77
5717691.377960373 444 84
5729114.806103242 471 80
5737010.722317523 490 80
5744155.813172419 260 85
5752478.258334765 60 93
5758706.219597697 363 98
5759324.944930283 497 82
5773647.897236732 466 69
5774354.196284155 168 63
5785098.737110055 336 77
5785470.995880334 149 81
5786039.173436373 389 85
5798507.816589742 397 89
5826706.261715876 398 76
5845594.264374729 339 70
5846582.768488442 44 96
5874317.522757192 507 87
5878442.367216810 236 95
5895931.520108951 131 73
5917576.348549200 317 97
5924424.161380792 414 86
5926789.023115613 284 82
5953526.186785026 154 63
6039257.151868911 222 81
6043090.213892768 226 89
6058142.184719145 82 61
6065294.548181122 322 69
6081687.604006534 450 99
6111630.102190499 394 70
6116539.997752045 100 86
6125321.502206217 464 71
6136182.461107616 40 92
6149208.041817140 378 87
6164217.359359159 289 96
6173700.525580418 441 68
6176246.510686880 487 73
6206748.390071750 400 89
6251819.721430074 243 84
6261714.639187715 457 92
6278114.392238436 341 95
6294699.716588282 270 65
6314691.686190563 204 76
6352933.951467697 224 60
6389787.033738624 375 100
6415295.092239001 87 82
6447875.261789120 91 90
6486466.862901757 53 64
6489820.622362172 507 76
6531607.407679812 233 82
6531653.364429337 389 97
6549644.397686700 35 86
6550170.822422917 281 84
6550845.841623200 219 77
6582467.748069430 325 64
6602050.212983610 305 89
6627365.851539893 73 72
6644160.659924601 492 77
6664980.883875089 243 91
6695336.105830825 447 77
6702625.260125079 164 98
6712743.609002049 94 80
6729204.397946298 127 82
6740906.933690173 36 82
6749586.003602187 500 86
6774128.191424455 251 64
6787536.522356477 177 82
6815236.813726526 113 67
6833306.579412604 511 74
6838046.835297693 446 64
6840463.075403191 211 96
6841785.658927222 487 73
6854187.803115322 371 81
6869525.452833848 117 88
6882901.833842495 85 66
6895330.891660786 495 78
6905643.645413826 321 80
6906328.801957304 62 74
6917756.580072310 88 94
6939540.941320968 329 73
6973170.582771064 256 95
6975869.809727304 129 90
6978060.568337059 69 84
6994951.999705576 413 62
7010722.388261321 67 100
7011043.530300550 332 89
7091682.947531888 128 82
7093305.224551509 460 82
7103682.981393944 90 65
7131025.223673861 431 80
7152523.828004998 477 64
7163981.169289859 267 100
7179997.444920274 333 85
7192218.207655619 461 70
7194692.979844647 122 90
7198509.144333251 133 86
7201613.475967715 397 93
7204181.424799491 80 98
7219707.255907538 396 90
7228347.530824979 372 95
7229854.497934018 245 75
7246195.131254606 131 72
7248023.850552958 448 94
7272371.071200002 263 87
7276930.412672223 361 83
7304449.554715777 442 63
7328697.216978783 143 66
7363421.121184080 81 76
7365182.147158482 462 82
7408894.077823851 94 77
7420966.540630698 60 89
7471577.123407171 490 79
7552756.622666710 283 80
7560006.786502788 60 93
7573468.189104859 164 93
7590244.609572582 344 87
7616037.020763356 330 68
7640329.218276516 51 75
7648141.897711803 200 94
7676566.198489340 439 86
7683563.357912682 336 63
7690181.935046382 466 87
7699277.525395200 274 60
7717074.977498513 174 78
7753546.747629686 167 61
7774646.471685254 420 71
7779915.262199079 416 92
7781585.591370259 398 85
7796050.991437429 512 82
7799184.135898517 67 69
7809327.127891568 166 68
7816581.441685779 82 99
7824774.081772990 335 74
7833363.002910472 239 63
7837843.629216113 48 60
7848298.246750271 402 96
7852187.817850184 429 89
7855333.961878755 243 65
7892804.337591748 451 65
7911891.488757277 277 75
7923258.598755308 361 100
7961452.387614018 81 63
7977500.615339957 316 83
8018203.442716023 92 93
8019370.892037970 232 92
8061155.094143568 316 64
8072566.504179388 390 77
8081100.395436608 332 97
8091039.715908327 111 73
8101046.610053984 512 86
8101795.377837955 275 97
8104355.455430507 57 100
8143801.284375076 243 93
8149564.741567971 69 63
8158471.720129022 508 91
8187024.727458418 407 98
8214937.826651263 509 100
8250282.450261522 163 92
8252108.212908398 345 100
8262399.438233557 351 77
8325574.816610366 202 81
8353455.729678066 92 67
8353490.348826899 425 82
8375979.435568704 490 89
8378893.749959500 142 95
8394929.370593125 130 95
8422976.219718421 86 62
8441503.112795828 468 66
8455473.689769763 408 78
8469723.321259391 329 98
8474114.978209322 478 65
8498282.775005998 111 73
8498357.953983970 361 63
8539480.884054178 307 74
8555786.962941984 494 65
8566828.815320401 250 71
8583639.575798200 47 74
8601918.571415745 95 60
8647026.512738047 221 82
8648483.277821323 288 85
8670343.948181210 444 76
8681198.466021566 381 76
8685246.853489252 321 76
8694484.308580888 136 61
8694890.527199671 148 79
8696182.483131453 314 81
8717125.745892068 388 96
8718117.059079114 382 97
8735275.207866002 73 83
8749140.375901733 120 76
8776360.912789313 225 79
8779171.732864067 87 81
8835142.468466554 296 79
8840520.463715952 390 85
8869744.098461647 364 92
8897910.211642055 318 65
8957456.978415400 309 68
8957875.449011223 487 61
8966165.237459108 352 86
8976431.075895784 240 66
8982438.529169593 229 100
9001461.797665419 85 98
9009831.351002369 266 84
9010109.289132843 154 69
9016157.561923720 301 88
9031137.399530802 337 85
9043627.141011385 346 100
9060639.103604151 245 82
9077655.794436615 306 88
9080356.923340363 193 90
9081743.070006402 194 98
9094921.313936286 59 74
9149570.580553258 178 74
9159835.626151843 169 98
9181869.951962877 123 78
9184576.284514505 199 88
9205717.925069802 104 82
9207434.506330138 409 66
9247266.797192896 48 80
9271751.343798053 217 98
9277353.134471515 432 69
9286440.682344137 242 88
9292179.828363148 205 77
9349377.527670408 123 89
9355943.521577040 161 94
9370669.012621325 485 97
9386289.500895049 34 95
9419797.007489467 172 66
9445364.851219552 462 93
9450327.630035259 152 77
9451795.886052983 390 77
9554737.525154695 202 91
9567414.370139580 433 66
9575299.290414892 138 78
9580033.365159055 504 68
9613181.192286732 84 95
9621858.189803533 447 63
9650356.589520395 93 90
9678221.240654074 335 77
9691241.880430322 215 92
9691979.823595975 153 98
9695124.700037926 500 80
9731105.197501021 429 77
9733004.601845643 300 69
9738772.691638255 165 74
9740077.987834403 284 88
9746150.621617030 220 70
9748375.660324205 208 84
9754082.024645926 411 68
9761735.744746691 91 75
9802208.871488707 270 80
9811177.520945843 159 69
9811357.998269748 343 90
9812657.934332233 195 77
9812700.326022254 233 82
9815817.742991921 76 78
9854935.698431265 140 77
9864029.660514453 462 61
9868995.106631348 383 73
9887428.365810502 223 73
9923150.990598073 441 95
9954279.075182943 197 67
9955986.007573079 436 89
9997664.121293958 100 60
10021874.894508041 414 81
10034749.326104548 222 62
10050862.769403554 511 99
10054849.528546294 348 95
10072312.042953251 320 88
10115635.228658706 458 61
10178864.283066245 188 88
10190336.867978316 242 65
10212962.016129984 360 82
10217472.242644196 460 81
10267562.848105865 401 99
10271444.518255085 184 78
10282921.000362592 263 62
10285715.043060742 209 97
10293931.654999781 512 70
10302184.041798763 81 90
10319116.840747850 198 88
10326789.523374666 231 65
10335546.972535199 222 85
10340867.583380098 115 78
10365291.033781622 473 99
10388593.079664888 120 72
10393723.416729352 387 97
10398014.329954235 477 87
10428437.568090945 148 74
10434933.862244694 177 92
10463646.067412158 314 82
10468566.548242452 322 81
10483098.816419628 441 81
10512522.161362713 456 64
10537323.006017294 63 85
10545903.261228049 90 61
10554788.508318184 110 80
10572974.779688668 261 98
10626849.679579161 437 97
10627680.937574115 207 74
10641897.625676053 95 94
10653795.821097832 171 79
10655125.762928255 190 60
10671705.003305070 286 79
10686286.490112906 436 90
10690733.190212578 470 69
10727126.066027550 419 98
10730978.839009337 280 68
10754289.822927756 453 92
10754923.716715509 425 74
10769613.467816958 74 70
10824090.495848278 189 70
10824659.639159178 458 78
10833762.476209937 120 67
10834403.806934807 422 86
10841498.752194755 451 70
10886698.403540263 447 79
10930648.402763758 245 72
10930871.590396177 182 96
10938708.289950971 164 85
10947034.351007085 52 63
10948762.547442496 399 97
10958970.585128335 421 89
11024169.563955899 378 84
11034396.636729922 458 91
11050557.857697042 237 60
11064051.661791481 195 70
11070453.358439980 78 70
11087136.287756978 51 89
11095767.300447993 307 80
11097380.648219936 262 62
11099009.870472159 91 99
11126163.328625808 221 64
11136766.611174958 397 91
11138368.995258592 66 67
11150767.357347399 407 93
11154802.586524203 152 80
11159892.542680148 133 73
11243057.842865191 184 87
11243644.135928148 482 66
11267805.230172845 291 84
11327867.805247810 399 91
11355846.291140597 493 85
11374369.262908392 101 99
11393225.954832761 384 82
11407174.255136078 118 74
11426034.700353229 360 89
11475018.062639790 63 86
11507905.189795896 464 82
11519673.896446668 86 76
11584211.891859928 339 62
11590142.098200839 278 97
11650714.999929022 239 62
11662285.197957993 49 99
11662290.619772973 177 98
11689021.142929621 370 68
11706103.413886247 306 66
11715768.846928461 260 95
11719179.022466768 63 76
11728393.653432790 267 87
11739043.420491096 327 85
11748090.734536665 163 69
11764582.777192945 252 96
11787006.830347331 512 60
11805429.632429032 431 86
11830758.951801488 164 79
11831313.167483026 35 71
11842142.151844004 203 65
11846317.830446402 433 77
11857699.254409481 480 85
11874141.761703555 491 81
11888215.171144251 47 90
11898660.839074025 395 82
11902536.309177402 162 74
11907285.214433759 147 93
11927137.488195512 181 91
11949207.300702816 462 69
11956586.951540537 218 68
12001126.903480643 456 97
12003693.804087769 306 88
12009876.065546172 324 61
12011973.651732044 276 62
12021826.631903734 157 79
12039938.168460613 397 65
12061349.150557585 243 61
12061907.674216270 162 64
12076211.375378815 88 85
12078826.564291891 101 76
12096186.203596322 323 82
12102342.025636721 40 79
12119793.137561662 357 87
12122353.764072543 425 86
12127037.258397363 446 84
12144853.800074326 347 77
12159878.702657990 117 65
12162566.166441970 269 99
12172731.455658451 502 73
12182337.834239312 411 60
12184363.999527594 383 77
12204486.472740717 498 88
12223853.020123499 223 90
12229403.088640245 444 62
12235286.970747864 151 95
12249216.439100930 279 66
12261870.544998772 272 86
12278906.255826013 128 76
12313068.050232997 334 95
12331411.931056447 465 82
12336479.647161288 74 70
12343849.387274841 131 100
12347782.910003573 37 73
12364664.823223667 205 73
12368904.295816351 329 81
12372610.888937214 362 81
12391508.935449777 284 73
12396053.179342294 366 66
12429446.422395803 144 73
12431295.480146676 180 63
12451282.907799579 498 62
12454427.534964800 361 96
12456989.821911836 507 73
12471229.673715429 185 92
12503436.283393191 488 68
12519596.273838924 235 70
12525226.011572987 163 82
12527275.326313820 296 64
12528177.385658467 336 85
12535730.191287994 187 70
12573915.903045863 116 98
12584087.911957137 240 91
12604494.678165156 131 66
12614176.505244676 238 82
12617348.929925634 371 99
12617908.459842512 194 67
12622038.242297063 347 72
12623379.262862014 107 82
12640795.087889578 125 89
12654965.836538918 318 60
12657815.976251446 487 72
12688589.817315960 67 93
12703322.228509633 373 68
12705361.717835980 442 65
12709687.713876123 370 86
12719861.058399050 179 99
12723265.030244248 290 76
12726670.942819819 480 91
12738886.382216742 363 78
12739039.920197349 328 78
12740237.378163671 42 66
12744446.247248901 194 70
12772721.758396309 308 95
12786333.985291254 396 82
12796137.877933279 318 89
12834406.888849692 282 64
12838200.720655546 426 92
12845818.307352601 468 98
12847297.501480184 389 81
12867573.304800093 123 83
12874765.524912082 62 71
12903265.109972831 107 67
12937574.966137672 386 100
12961501.529294601 394 100
12963123.978726316 333 85
12988906.506808089 281 92
12996772.953306356 268 70
13043660.846152088 434 62
13052321.837254312 127 68
13053872.177226907 169 92
13132806.712570364 341 65
13183600.984924670 431 76
13199925.412266036 344 77
13224852.715802860 381 87
13232761.061321234 48 86
13251591.530625623 36 78
13275269.129802570 343 68
13330214.808185486 64 86
13344862.308446867 499 62
13353890.507800724 101 74
13354581.295231834 470 93
13385903.820530001 90 74
13409485.188634234 462 82
13420176.296061808 489 91
13452514.560118994 203 83
13505877.195634920 32 75
13505969.608464548 103 96
13507112.613256160 82 76
13523133.270393075 179 74
13535288.493131092 310 87
13550592.095389739 34 60
13568433.712252211 190 93
13574656.429887142 370 76
13609026.886774372 135 83
13616500.665664038 480 98
13629338.988947704 402 95
13744455.716831164 217 68
13751109.456639120 340 77
13771240.283129485 63 88
13787045.680252219 120 93
13795298.788297795 87 72
13818649.712407099 111 70
13846965.092745597 182 70
13869020.949773986 212 83
13939038.726643836 332 91
13943159.448586976 364 64
14001372.477147171 103 100
14007863.857473433 399 64
14012963.672180874 209 82
14034442.969288085 217 61
14035833.487411497 32 65
14039509.149473095 197 91
14059072.821813839 95 71
14061209.264403773 267 78
14068517.143484972 367 83
14073777.201615607 71 85
14121993.096835541 399 69
14174738.463242646 113 79
14178885.948897734 58 94
14178980.708390484 473 67
14192524.213229613 96 100
14259128.696045319 235 81
14260609.548156165 242 99
14274135.754931856 476 69
14274677.963460516 423 76
14286749.953963749 97 66
14299425.873373589 320 94
14316024.670532582 36 66
14398117.339910379 180 100
14403925.744135683 332 73
14423614.875389935 335 92
14426964.833990505 383 83
14483138.510896018 511 61
14485032.175626855 87 96
14498198.474726370 250 69
14505532.543660706 45 63
14505846.726307007 235 64
14513635.353949653 113 70
14539301.284470772 265 76
14566893.346593691 395 78
14575148.872782815 343 92
14599891.999273391 272 97
14608187.404184951 206 72
14613345.846566398 254 90
14632516.685575534 501 91
14635518.888687583 315 73
14641662.423814960 249 77
14649068.834747577 36 60
14654427.197996624 210 93
14733283.057434266 487 65
14738788.440318478 76 98
14752844.658842875 408 97
14782132.953658562 98 84
14804229.201277182 183 76
14819265.930152629 504 96
14827456.775883710 418 93
14833982.624025475 379 81
14834976.487957569 293 88
14838983.359390814 361 84
14839408.786970103 176 69
14853780.984274013 272 74
14873801.805192977 315 69
14883448.981903670 415 75
14906196.382287612 296 66
14910337.026496610 380 89
14975393.610322202 264 85
14998197.623693356 261 80
14998321.647096727 320 93
15017518.349775327 334 86
15045127.207650442 51 74
15062919.084914297 187 67
15073405.638967110 61 73
15074840.583626812 204 86
15080792.896328270 461 96
15094979.537960650 211 96
15111943.203767415 401 67
15113022.829447672 129 100
15142756.926606098 442 85
15166991.033018319 154 99
15219009.368633332 226 85
15236293.639811216 470 61
15281204.803517707 264 90
15353824.104216535 385 70
15371845.863535292 370 66
15375936.311693437 498 77
15399010.907682940 124 81
15414416.661010308 188 80
15415525.892516876 432 66
15448100.064412436 406 65
15499800.956422174 67 97
15510337.597465994 94 90
15524967.436307779 74 62
15526125.527471228 500 83
15538011.305322714 487 69
15545597.809770100 301 91
15594942.907239214 137 64
15609863.351647684 215 74
15611999.303141812 95 79
15655898.734633543 230 91
15656786.164056733 174 99
15658139.961457111 455 74
15688312.354212383 392 73
15691120.858824465 205 97
15737853.197840618 287 92
15739052.973045513 128 97
15827101.969449466 441 92
15837756.615869390 388 98
15881982.421610229 55 99
15884353.898144854 156 70
15884496.765238529 230 84
15905907.253193235 505 63
15915451.543736245 264 61
15978096.252893440 197 96
15993291.832978059 241 67
16001045.441422721 181 77
16024246.635659704 385 85
16082080.203781990 220 74
16083634.063834826 93 90
16089061.478817891 326 83
16089431.078547619 149 95
16095651.626451515 76 63
16102621.477032978 405 77
16114170.317048259 117 72
16119834.661316946 293 77
16127185.667293904 56 75
16135968.744602250 417 79
16142266.074099082 320 84
16143223.337996114 421 69
16159272.493554300 359 85
16166630.687537979 283 70
16198984.604391741 128 94
16203326.821346819 442 93
16213444.006409643 508 76
16216938.121292092 331 67
16220340.972467860 302 100
16238928.649366947 506 80
16292234.228590673 168 67
16296025.083796561 416 72
16340750.288669666 392 84
16368229.506922213 378 87
16388877.802376378 319 69
16411559.124930279 291 85
16442565.675934866 110 92
16454010.706765441 496 81
16468753.141614992 78 89
16488683.667273859 474 72
16601218.968170501 224 74
16611181.715569926 200 68
16642789.622065032 419 81
16643355.842094690 459 73
16664131.110681171 477 83
16673910.446063006 148 76
16681359.812188709 208 88
16690379.196269222 358 74
16693193.752125455 425 82
16693532.453551728 196 70
16717432.391177675 144 79
16736545.780380270 86 89
16744334.464068040 258 92
16746988.296404893 410 91
16754010.269130941 155 81
16778494.377695139 491 68
16778775.375749338 416 68
16798943.036196403 441 75
16862392.965446282 247 71
16863896.802228510 392 82
16891497.320101529 137 80
16901730.307117842 209 87
16902954.601780917 206 63
16934640.746234298 416 80
16955663.253989849 374 94
16958698.400216144 292 89
16987093.607307602 251 72
17006542.698295660 134 99
17016018.294901799 462 65
17027992.895424649 386 85
17037617.406158917 345 68
17042936.403725386 343 84
17057997.039253190 504 88
17062036.576206133 128 65
17064542.337044217 207 63
17072188.286817659 234 69
17095306.313560460 368 71
17106439.916664746 252 97
17117384.504816942 134 80
17118803.422781751 122 90
17140286.579223756 155 90
17161921.432283618 196 99
17164416.131649982 258 89
17185232.530649580 355 68
17188431.771383472 386 68
17205091.266043305 91 76
17210434.567442611 212 81
17234244.906265441 198 86
17262531.835286636 417 94
17275474.991854768 284 88
17281256.925979413 106 70
17302073.451106008 512 71
17329587.189278852 408 97
17347356.217548445 355 95
17368593.551534154 101 89
17374161.805905074 159 66
17375256.918945413 173 94
17458271.368972432 277 63
17467680.375988819 205 70
17469677.719665989 200 100
17476251.162469737 187 93
17532064.952163398 343 95
17535887.696391270 324 84
17538463.371563613 418 89
17555131.071142372 229 86
17555318.121078622 412 99
17585539.280016068 501 90
17611155.890829917 408 67
17618941.999219947 162 99
17633121.568336632 314 77
17635232.669664223 147 67
17657149.575115491 39 86
17683620.272328794 347 74
17738557.116178680 175 80
17773860.591044851 114 93
17784754.336495325 438 89
17819415.669085987 370 96
17821846.116241779 496 66
17857875.884370651 62 96
17886104.299402706 504 71
17898786.902891453 284 67
17907129.798426513 213 91
17910283.542180248 144 91
17994863.254814755 165 61
18028119.680433724 104 81
18038032.644938830 216 68
18040555.503604420 58 97
18061221.507354442 467 74
18079334.355065789 89 83
18102036.095164154 432 95
18110870.364826754 274 75
18144243.721196815 487 74
18188915.166376162 475 98
18188998.714925542 358 61
18213517.462094985 172 65
18216741.394555915 258 77
18236116.420169674 336 70
18241297.238083858 152 66
18248241.173099119 111 74
18337008.787655756 321 95
18341157.037206817 395 63
18341245.399578609 75 80
18345988.253763329 158 80
18367524.925529953 385 92
18374079.211616579 278 80
18388999.945230316 167 73
18401787.446796972 148 73
18406810.650393032 407 88
18436657.356136683 36 100
18450934.464270163 109 87
18457964.906777043 446 82
18464955.192191634 427 69
18475214.795470279 362 67
18487222.652447883 504 86
18492651.381677944 73 64
18529440.283738833 32 69
18537145.017867617 144 90
18553282.205679044 207 75
18558412.658242445 286 77
18641581.856956914 437 64
18651395.859619904 277 91
18673708.311262250 91 80
18678809.266624693 459 84
18684468.575794406 351 81
18697331.949238170 215 82
18711540.349796541 325 90
18725644.941091016 82 76
18729522.378643777 314 83
18774663.803790465 325 97
18780335.603246331 292 92
18783797.459306661 194 91
18789658.312548377 300 66
18811580.516794264 255 76
18844682.331841879 477 91
18895195.865973450 225 76
18897365.877929971 125 67
18923456.791931793 326 79
18926455.505559854 180 73
18952319.591519009 423 80
18954008.390439909 371 84
18956106.997031942 446 90
18965753.541632555 109 72
18980766.466555353 325 100
19046079.890044842 425 66
19046700.801340353 348 86
19048029.899870954 512 77
19088169.218519989 442 70
19097120.090706121 486 61
19122980.011433050 39 72
19136674.315772291 206 87
19163212.535023224 186 68
19171422.016559694 505 67
19191175.515349586 184 79
19197120.830865338 419 69
19212705.838749293 272 68
19215257.635563612 38 63
19224477.330431718 332 91
19225124.186629139 92 70
19230165.270316087 235 89
19240012.932870090 172 87
19262177.996790875 260 80
19279656.567403138 314 92
19280454.920173097 252 66
19283861.357454903 182 79
19294636.854089215 132 79
19298313.919361874 333 76
19342766.005870584 225 60
19351706.099737182 307 61
19363630.233675897 421 64
19386063.085688476 36 86
19390099.155199997 501 62
19425624.079046268 359 62
19435585.536978386 149 67
19456007.186662227 276 68
19462071.950117551 63 99
19466724.353810791 162 75
19479175.911128972 446 64
19510285.169066098 80 89
19525190.036242291 424 85
19525596.180363618 69 69
19535153.709724557 182 85
19549701.667209234 420 95
19557654.201955535 79 80
19559622.159823973 429 71
19561467.392044872 318 86
19567540.545571968 330 96
19590253.068994574 316 69
19612625.120052177 164 82
19630392.785544582 117 65
19631499.806230288 247 96
19672078.335932765 507 85
19677740.550956111 450 96
19683377.565256868 297 93
19697907.442465410 52 76
19700535.727098789 465 96
19748864.107236642 444 75
19777002.083419926 229 60
19783123.926493034 311 82
19784890.054045774 365 69
19789711.279204544 338 98
19798996.156075075 428 86
19836934.882297661 371 90
19869005.806164928 150 94
19966879.777681470 200 78
19984698.644816902 491 76
19986801.380816702 180 98
20040745.729071002 225 90
20067664.386777144 259 70
20095726.476930555 358 73
20097191.153193887 265 69
20098800.753525387 225 99
20099818.762778800 359 71
20100496.087150663 373 98
20103502.920096282 243 64
20137832.162815988 378 100
20140174.142786413 318 84
20144445.217406660 191 83
20191823.169919174 446 95
20202328.292692922 129 90
20222471.287399992 486 63
20223308.584983446 59 63
20260033.516241100 174 67
20282187.661827464 69 87
20310654.394732647 373 62
20313480.869298220 397 60
20317240.098754440 329 75
20322307.911730070 44 92
20346379.892448589 334 74
20361895.844649564 85 82
20362794.393089548 264 68
20378499.262373410 41 71
20390840.737624045 505 69
20398815.701080728 251 96
20413092.722898096 483 98
20442309.710926693 354 80
20460483.864070836 266 84
20490374.115346998 33 64
20494690.846527331 484 92
20530000.914062053 32 86
20605491.550120521 310 77
20609313.947727308 455 69
20658156.600599781 278 60
20685432.770519171 369 87
20697598.752260759 458 66
20735648.919571549 275 81
20746886.138079111 468 64
20752498.504078168 132 76
20765596.909127992 503 71
20777998.829617493 332 87
20785195.031093329 243 69
20832305.668240160 230 93
20852338.799723852 493 88
20878934.374318767 110 60
20936716.747831486 365 86
20961182.732208461 298 64
20964716.721533414 478 76
20977466.038818795 239 75
20996657.411743429 136 83
21003009.084190696 262 65
21014105.303204522 182 84
21067595.060294501 213 98
21079075.271548424 223 94
21090193.661993884 304 67
21095124.657599654 121 87
21105815.955345213 406 79
21112823.624626745 126 77
21137167.984484557 234 93
21192360.955283266 46 95
21273555.240160782 399 95
21305663.419284951 122 83
21315508.082647853 447 94
21324395.776951406 407 98
21365744.256772421 440 72
21370379.955969296 194 68
21375885.256269637 350 93
21405441.017396029 107 95
21420141.668866277 76 73
21441824.216493521 380 98
21446495.890332080 489 64
21502880.803631406 94 68
21504762.128466282 280 63
21523751.282320298 413 73
21535268.135767531 461 77
21539095.015267976 86 85
21553254.032687139 128 92
21561590.998527635 296 76
21563806.513177995 210 95
21570178.361398548 325 71
21570244.231666002 281 95
21572834.344460685 275 88
21579378.813743733 295 61
21587553.817554034 213 90
21590417.513090216 408 73
21605175.206567846 264 93
21610121.804662589 290 79
21631507.632507838 77 62
21637772.285744984 254 89
21661523.283635806 447 87
21699824.729263127 241 78
21701279.809441499 203 95
21763525.016417008 40 100
21767980.473748509 121 92
21782888.510584608 312 83
21787963.968890518 263 94
21796222.645533077 434 89
21807409.000671372 68 93
21814343.712840579 98 72
21816821.115405980 400 75
21819737.256765619 101 87
21822485.904954929 124 78
21832677.206422888 504 65
21847686.684674967 349 78
21858440.721343346 397 86
21861439.022795964 212 72
21885027.954982970 219 60
21890788.570866901 503 95
21895411.253858134 158 97
21901891.273716185 232 98
21909605.828566942 91 85
21918024.088036001 269 61
21929489.131415520 510 60
21929663.069668446 82 92
21948128.444107667 53 65
21956888.551694237 372 92
21964406.890442174 135 65
21980327.945660762 146 92
21996445.205023520 57 85
22028788.097216688 471 100
22045921.156634185 486 82
22047421.395566877 53 90
22048494.898649182 373 62
22109396.482319698 391 77
22112772.847518995 70 68
22117521.444652032 394 67
22192216.163937446 133 85
22209077.613395959 396 61
22240682.634338606 218 77
22278373.869181409 440 82
22299307.853548050 74 64
22304917.739747599 426 95
22321194.503565200 52 64
22343418.215544797 169 90
22348632.988376778 374 99
22383044.831878867 121 74
22388325.362865783 198 91
22390684.365974676 297 76
22392829.879336786 228 71
22450905.280075394 353 63
22467486.948778562 319 75
22504114.013478078 459 69
22530120.250351116 444 60
22579292.503139161 131 64
22580816.888646930 473 74
22588180.653227188 206 92
22620648.466780365 346 98
22626816.778796591 510 95
22631433.848426398 193 78
22633266.964496911 312 84
22635455.357767876 245 71
22677437.010922335 295 84
22678727.875494838 263 88
22680577.413567081 307 82
22778454.046032857 282 72
22779338.954895161 87 98
22786503.050166812 304 82
22786594.238225788 132 99
22796711.194370687 246 88
22806059.150052186 381 86
22808964.202963423 130 77
22821327.474852208 95 90
22849312.451065022 84 84
22866527.420086570 205 94
22891945.401833627 63 74
22901362.124263953 494 67
22905442.384801801 102 83
22912189.726762217 406 100
22918403.297900401 304 87
22965186.360671874 371 70
23012511.130660985 164 80
23040442.375758231 280 81
23047526.223469812 467 91
23067516.341116849 265 91
23078614.177613385 401 96
23091697.978875428 148 65
23093516.597489215 176 96
