5 1.091339282 2.144957349 50.731235455 145172 9
1652.704032285 40.133072435 1.349909826 0.024864797 0.000000000 0.500000000 0.500000000
13
1 0.368556603 1.675455025 0.109058891 1.821138985 3.015310636 1.006700609
2 0.664323618 3.350910049 0.196578751 2.825683678 -1.000000000 1.561999114
4 1.197443936 6.701820099 0.354333381 4.384337668 7.259270223 2.423601624
8 2.158393802 13.403640197 0.638686248 6.802748990 11.263501336 3.760466175
16 3.890506825 26.807280395 1.151232552 -1.000000000 17.476476069 5.834748463
32 7.012642151 53.614560789 2.075097741 16.377414847 27.116542778 9.053209908
64 -1.000000000 107.229121579 3.740365598 -1.000000000 42.074093731 14.046982514
128 22.784141568 214.458243157 6.742012451 39.428136690 65.282266172 21.795332235
256 41.068436257 428.916486315 -1.000000000 61.176792792 101.292122981 33.817690510
512 74.025894351 857.832972630 21.904863078 94.922060499 157.165104395 52.471610852
1024 133.431743058 -1.000000000 39.483535964 147.281299953 -1.000000000 81.415079027
2048 240.510840315 3431.331890518 -1.000000000 228.522023247 378.370290863 126.323834648
4096 433.521012194 6862.663781036 128.282386815 354.575327115 587.080263631 196.004369103
1920
0.000000000 199 76
1854.617157587 122 70
4256.570545053 44 79
5639.433180416 225 88
9054.819068113 457 81
14506.248237455 152 73
14995.190152517 317 70
18785.213635419 99 95
19452.601410567 492 95
26071.045064840 484 79
41939.972825729 319 68
42347.436446885 142 99
49722.313182702 448 75
54866.765203022 191 84
55208.540011061 303 67
58238.894439815 491 95
62350.626889677 445 85
62957.342957524 223 86
66799.066262733 171 80
66921.322529098 449 86
67253.718299098 473 68
67409.906362729 98 96
68812.428057788 378 93
71268.100459360 401 71
71910.275707254 174 97
78977.618020979 161 67
80576.990288032 475 80
83599.592060286 443 76
85045.406796302 97 87
88686.954533538 260 83
91160.414735740 79 74
91992.824577668 146 64
93411.721201463 309 84
101230.228442382 350 74
101786.183246834 270 97
105751.694318096 445 81
109073.584425248 471 92
111101.183221575 333 70
111849.885056872 415 93
114398.256781327 39 76
115582.307089381 342 96
125996.547668477 273 62
134158.664252959 291 93
137877.350807511 396 79
139216.035444997 421 76
147428.166756912 79 67
148445.432213016 354 79
153774.405764396 262 90
154293.891244058 98 62
158725.260271299 151 95
162938.273577649 93 77
163281.127075850 182 85
167072.268532389 136 83
172712.204704953 356 86
172998.333388824 43 72
173483.085852915 210 100
177738.097889368 455 68
178719.830131797 354 91
184851.690557491 165 64
186737.280105399 318 72
189056.305887999 461 79
190874.238465522 144 75
193026.495290623 491 82
193321.383839940 167 75
198829.078543084 472 72
209808.055503784 267 72
209871.587279866 355 89
212406.371552935 161 68
212699.907920022 150 83
213666.758113067 458 94
220102.118730411 435 89
227572.652753142 57 87
234246.103919171 301 64
235047.542986694 249 66
239606.592278307 465 83
240905.367388938 431 95
241547.727986724 425 67
243734.043592993 242 78
245937.469088476 226 77
249168.136335094 413 61
249624.152263130 186 99
255494.654864244 392 81
255815.607873764 218 99
256330.193032707 385 71
256887.842653850 361 85
257972.590103328 389 83
264481.228197151 428 65
265074.835931097 443 87
268545.495021043 86 99
283377.482363264 116 86
286106.758839609 155 82
289562.115515545 496 60
291985.613076607 325 100
301998.448120314 37 95
305861.074872940 313 78
306611.847188471 70 94
307894.681807847 246 81
308828.948434664 300 82
311551.422635727 485 89
314553.147415078 176 76
318095.114293823 339 89
318762.186183386 315 95
320898.450402443 117 97
326137.050368149 122 67
327943.665786512 34 91
330361.877894603 383 94
333362.360729540 326 86
340774.374025310 176 62
342200.759138628 54 91
342238.659286029 116 98
343102.016006682 76 63
343419.981906569 324 76
344401.534173513 39 63
344970.550071289 337 95
347886.777044421 304 66
351184.198673084 166 60
357122.181205616 226 64
361601.333494554 401 79
361937.269067078 261 76
363006.451780146 204 61
363803.652155431 494 73
365476.173041735 226 64
371878.420710882 38 76
374749.806532574 506 91
377634.099267730 338 61
380332.911214954 75 79
384441.354390838 291 67
384599.127465684 457 69
385380.358129170 360 83
396460.308621960 277 95
399288.710094825 96 63
405584.415163039 303 81
406720.291451698 390 85
412325.245722253 249 66
416380.151535815 155 70
418745.560913457 201 74
420736.349177131 269 81
421865.150702251 191 74
422207.334808989 485 72
422764.772766217 316 67
423613.306659222 138 69
428987.055417806 504 74
430434.639622046 170 84
432231.433425295 497 68
432705.649928081 191 70
433702.478994333 439 89
434650.376026536 387 96
436218.331196392 172 93
436949.370407112 450 100
440335.378450359 244 85
442508.457183198 477 97
446431.769441706 200 92
450026.685854258 403 60
453108.151782859 95 89
453276.890584840 226 66
455031.276537861 77 85
458591.972171267 294 61
464643.906000267 243 69
465115.039616053 208 76
467629.504560336 389 93
476103.132560069 171 77
477781.030603834 315 85
491204.399669577 313 99
492336.080213285 211 80
500297.394341260 301 96
501082.005161215 471 98
503302.954384892 216 79
506096.226201125 502 97
506122.354678768 262 87
512031.485080474 253 61
521326.822135812 249 92
523311.927844889 320 93
526939.507336455 336 63
533808.368016070 90 93
535567.139220236 179 76
538191.888446438 182 95
540389.302254688 113 64
541297.670082476 262 67
541584.459936578 501 73
542414.333282097 48 95
544746.405263919 180 93
548104.869084545 370 61
554608.743972891 344 100
555165.774935654 203 75
557714.058488280 377 70
559231.676898056 473 68
560871.170826206 407 95
562563.893266233 392 100
565286.268024637 55 64
567189.609283634 302 72
570684.562342676 396 96
578597.150055425 168 81
585838.356823641 370 69
586888.041093578 272 67
590641.434187858 386 71
598859.109990637 319 62
599527.514138497 102 89
611719.596503306 438 82
614363.952549146 224 93
617216.954501558 296 72
617611.222585656 308 89
617768.313149674 59 100
618733.180760108 489 66
619276.428512021 467 62
622750.140825852 241 96
626453.328158380 247 81
626946.071903263 153 75
632473.080178753 415 79
634677.990904785 202 93
635260.667253654 87 87
636224.948050982 85 75
637360.702763448 396 63
638444.611082645 287 72
641313.132582228 511 78
644551.173743417 406 64
647183.014386862 176 91
650907.243147140 450 89
655123.908747012 61 88
656808.644493224 442 78
664630.774063198 233 84
671753.074365487 342 88
673290.951776855 279 88
681053.886393070 152 83
682189.208133308 223 61
686868.711372892 341 98
688000.869269544 398 100
692797.586528056 255 72
700179.167424232 155 84
707314.505602083 139 92
708547.880356334 138 85
709629.112496420 128 82
712722.975678696 300 62
720578.710413272 487 73
722717.389938383 408 80
723802.398777587 158 70
724282.538884204 356 71
724394.216831895 138 89
725145.099163740 419 95
732435.976472858 32 89
734026.031388856 243 86
737085.762137377 387 78
739544.246240471 209 100
740855.696500798 130 90
749406.791849626 165 75
752532.548019328 226 60
762354.758370974 511 81
762362.658868531 430 95
765849.148128578 441 89
782206.879135529 257 71
782478.376412782 153 95
782928.659577034 275 95
783103.313991557 505 100
787983.318784169 203 64
789254.094316286 172 85
790991.719178902 218 60
795117.557398100 396 73
796656.228490934 470 64
800627.159691445 237 75
801100.432946142 492 70
803077.842066177 67 76
804336.184063946 283 95
805442.072078262 382 100
817265.785597456 415 63
822479.829005921 395 71
822507.472425739 327 89
823510.877417379 77 65
824280.302635775 139 89
827977.270759592 245 100
829211.125839140 63 95
837377.081409608 330 88
838566.480187257 275 73
839644.948354478 389 65
843587.593827702 444 93
850411.990323087 153 86
851463.669843966 159 84
854307.280166745 112 100
855625.467419780 87 71
856247.222685203 233 91
858082.524913138 116 95
859497.422339445 81 83
861516.879240916 492 69
862514.488067748 317 74
877213.695656570 35 67
885794.497986528 213 63
887488.209761512 331 63
889235.612505086 98 63
890920.983756229 188 95
894774.662527926 213 61
896663.643323208 457 85
913087.052896998 181 71
913722.150503231 163 67
928970.089345633 498 92
931763.628549687 244 90
932403.723037837 463 61
936052.223698714 346 79
937917.956510196 263 70
939808.332315102 249 97
941933.676307986 286 62
944440.099089671 413 85
948485.528762404 307 80
952675.450283282 109 62
965146.209518998 310 66
970169.887974821 181 68
972366.621361956 427 74
973059.323094835 134 98
983607.560489396 181 72
985181.769675963 387 71
985396.654973449 202 98
988728.623248581 387 69
993449.114646905 401 64
995875.034911422 230 98
997998.690001981 340 95
1000530.112279707 370 69
1001445.020462800 50 100
1003963.241344360 411 78
1004122.241855719 428 97
1020691.787868826 357 88
1022572.457776689 361 65
1024171.952685534 155 80
1024798.755181089 69 68
1025287.042369801 55 75
1026743.163532818 286 66
1034807.432273424 118 85
1035231.016734047 421 62
1038139.706320273 129 75
1045095.176918215 320 87
1046237.988249685 409 99
1049273.359525791 475 98
1051202.470898745 243 92
1052327.889278200 423 92
1054566.969481904 49 88
1058664.936136316 194 98
1062574.397958886 470 88
1064417.266234417 202 82
1065969.241934836 169 86
1069236.427067853 127 68
1072992.268743414 367 90
1073316.523652424 174 91
1078157.471210049 429 68
1088366.553454205 250 68
1096261.405854231 329 86
1096463.808296604 465 87
1102632.882767593 501 84
1103233.959685899 233 90
1106417.929632648 303 69
1107653.042913033 177 99
1111832.276952980 425 66
1113973.704383652 430 73
1121881.270543915 356 88
1123175.361736192 428 71
1129427.458558111 191 72
1129641.629236578 390 61
1130102.779013610 287 71
1135876.754543401 97 95
1140040.107383454 372 69
1141760.008406710 425 73
1142190.419163711 430 73
1143232.648109699 311 65
1143660.786897181 198 88
1163973.835124478 333 70
1166437.777502880 478 78
1179630.202013731 60 69
1182070.134074197 487 98
1182936.618527843 226 86
1183205.850769246 449 78
1183810.172518850 440 62
1184675.568730033 67 77
1184790.179831437 390 87
1187339.939826214 327 67
1189392.956132825 230 97
1196635.402849275 121 92
1197257.287855248 37 94
1200743.765133644 76 83
1202333.914443835 491 79
1210654.922469078 420 92
1218318.133223669 290 94
1219308.255305778 497 78
1228637.214093785 183 90
1229438.038960754 415 92
1231438.424057888 184 68
1234203.883735599 168 72
1234571.009498507 227 86
1240806.937339186 98 83
1240918.138220940 403 73
1248523.064600128 33 82
1250378.314310528 420 84
1251654.286423047 148 95
1256185.727372593 390 89
1259929.028310822 183 95
1266145.163970625 301 76
1266424.761580356 41 100
1273249.086788019 404 76
1275893.671750346 412 72
1278344.471874785 272 77
1289611.451591181 492 76
1295038.893761840 182 87
1301171.089392962 288 91
1302460.900419150 135 60
1309069.525848045 123 95
1313187.824311919 235 97
1316018.787012434 54 82
1321490.421293941 332 84
1322563.652973939 460 100
1325811.037065720 227 77
1331160.471720243 351 67
1331519.704193193 378 86
1331645.775275621 246 93
1332425.067922314 73 81
1335067.977402808 272 72
1341700.506015646 414 72
1341958.304809761 67 68
1343924.749025153 346 64
1352630.600912808 340 79
1355573.658895842 256 87
1356467.520602582 402 70
1356474.975804345 45 71
1357179.412524703 445 61
1360904.364367123 390 86
1361422.767782705 451 70
1362315.329294097 273 79
1363826.261805056 109 85
1368950.226660548 284 74
1373044.589085207 506 70
1377027.127342776 211 76
1377805.202908752 85 90
1382720.197009074 233 76
1388353.729523908 89 100
1394425.064667232 195 92
1395950.232569376 492 60
1398386.967143289 60 94
1411038.764123533 447 68
1411456.107424696 504 67
1413810.890230948 447 75
1416108.721871937 374 79
1416117.084164596 118 84
1419120.933270011 130 76
1419287.447873377 143 68
1424460.798438561 243 85
1424474.788720852 208 89
1425155.638345861 450 67
1427346.293043239 479 80
1429451.212130613 489 75
1435165.380278453 161 70
1441071.755983788 219 67
1443404.400570924 361 74
1444099.775981203 39 86
1448317.704607669 463 64
1451723.014013654 231 87
1451967.849697293 192 80
1457331.203177086 464 91
1459412.256160078 283 98
1459474.314918306 362 60
1462385.684200497 89 70
1462915.646282055 279 74
1464982.671219854 413 100
1471810.642861438 411 84
1475880.824089545 61 99
1496543.093644613 90 84
1504984.803508302 71 88
1508823.576038700 140 72
1515703.114425012 185 70
1517807.099750453 262 67
1518456.870391399 189 83
1519374.324082631 163 60
1519966.652299320 121 93
1520981.354990327 297 78
1523331.867216809 161 87
1525711.696442577 51 90
1526365.283624366 432 77
1526782.180945989 138 92
1537244.891065104 408 82
1550052.013360494 422 66
1555024.751980482 338 64
1556495.852254275 68 95
1557989.774999836 290 85
1558082.937450162 153 99
1565508.541310956 433 85
1566296.628663339 107 90
1568412.815230603 393 66
1569367.667685887 360 61
1570575.878534503 347 84
1573036.828438118 251 100
1573956.312752182 81 86
1574863.653531939 424 85
1575069.397157260 142 91
1577910.774195689 317 79
1581171.075066812 384 82
1582465.110431892 253 60
1587239.089622306 503 92
1592038.568443808 131 64
1598781.762753139 347 88
1604800.660911790 509 66
1606815.450158360 324 66
1609173.947793048 171 86
1611558.659822945 186 81
1612537.382064135 148 82
1613596.529696841 68 99
1615762.229920424 295 69
1617582.401712066 352 79
1627644.987287279 354 68
1633538.741829423 278 61
1636402.188693976 467 83
1645283.550245385 159 99
1660698.445048501 411 75
1662449.214319724 484 70
1663588.218957207 113 82
1663965.277714485 54 74
1675742.284738036 327 65
1676770.799500499 128 87
1681166.007577531 315 80
1681202.082163921 427 69
1682038.927842738 127 91
1686376.706394544 106 94
1696656.109709447 111 87
1698832.529085593 145 85
1699097.935310755 252 66
1700281.567036205 241 83
1707640.816743744 345 89
1709458.170011112 206 67
1716992.124213377 164 64
1719056.969301365 370 87
1722562.813913461 40 94
1722605.093659465 65 75
1725837.488753104 409 97
1735979.166908344 490 96
1740159.204144754 171 77
1747296.166902790 460 81
1749243.254062227 159 90
1749671.635942755 276 92
1758007.221172387 412 71
1760099.197793049 235 93
1760451.992118805 383 85
1761269.882554774 450 63
1761763.229449160 315 95
1762293.598819243 274 72
1764303.462959094 103 81
1769740.576028123 265 60
1772449.559224130 484 100
1772805.428618371 66 91
1775062.232690778 341 61
1780999.649588237 292 77
1790576.627161713 139 62
1796586.774413864 132 70
1799236.738089909 354 94
1801207.241274494 55 100
1803155.251568389 345 93
1821763.164797566 324 95
1828309.374088352 159 97
1829308.097303947 445 90
1830762.964085700 453 80
1830951.995042436 467 70
1831485.516526129 326 67
1834458.992635021 369 71
1839928.663562994 500 96
1846029.089480447 497 78
1853179.292353249 282 69
1854870.204615874 160 68
1856528.116241777 373 83
1856894.230027000 260 83
1858954.098214261 128 89
1867316.609861858 504 68
1867766.051281215 379 83
1874831.742218456 298 64
1875223.879671892 347 76
1877273.900361831 270 95
1878226.894002305 264 67
1878685.102985737 385 89
1880706.164877630 292 91
1883637.979820571 186 73
1884630.899245314 279 69
1885360.931911740 210 93
1885605.216809478 356 62
1886581.143701602 95 90
1887808.445123933 461 71
1888007.774288328 284 93
1891285.707620493 420 66
1894533.181223598 495 67
1897868.946691012 54 81
1901519.045528200 128 95
1902819.511584026 209 75
1907982.421903840 72 90
1920473.271015959 41 89
1920609.004891950 88 85
1920817.059714872 56 90
1922911.888778789 505 83
1924041.099022357 123 65
1925268.179810672 160 90
1926464.700894870 455 61
1926575.736696076 219 63
1926806.673948434 468 67
1927722.184941596 473 93
1931105.645982940 43 63
1936802.604427907 206 81
1936836.067635141 94 67
1944826.285617213 304 68
1948595.763975473 482 64
1953836.460215629 461 84
1958835.089696320 221 70
1959579.155285366 164 83
1967290.013632921 367 72
1969611.774838852 122 86
1972880.964417533 212 85
1976691.903766304 331 70
1988226.230880025 293 60
1990513.760895288 326 61
1991476.569954961 410 91
2004590.316418077 379 76
2008103.230210683 491 82
2008205.655159375 360 93
2010118.893247721 452 74
2016727.538709011 136 61
2018694.077874194 460 70
2024259.908690801 423 87
2024262.792138034 506 71
2024276.347102588 116 88
2026382.175724747 336 83
2026752.148588351 436 72
2026902.220492595 44 66
2030015.753604712 80 65
2032755.648448964 224 88
2036584.144058652 500 81
2041744.153595970 473 78
2043684.284658557 301 81
2044370.474704581 496 61
2059734.659050805 160 63
2062100.008597335 121 70
2062306.377791206 379 74
2065676.815176027 174 70
2065969.966729642 176 94
2067200.655087867 152 76
2068651.649570401 190 67
2078246.544332824 251 84
2079032.803190133 174 84
2082884.648709253 406 87
2086273.641976404 359 84
2087800.525205540 482 99
2091528.428825788 76 91
2097619.856647955 157 79
2103907.538862043 432 62
2105200.541054296 235 70
2107897.018570385 195 61
2112447.542859094 192 69
2113118.765595371 425 79
2117352.316029585 134 91
2118502.783819058 434 61
2121397.103568155 66 77
2125950.252193344 73 74
2130817.196622845 364 87
2133659.893997702 179 86
2133699.212353308 253 68
2142510.167392893 417 86
2145277.938675238 262 98
2156625.371630318 273 88
2166932.293549199 94 68
2167191.564603618 96 67
2168167.445339569 404 67
2170898.171216364 132 91
2175293.314522449 382 63
2177829.897483572 416 70
2179276.277961425 404 85
2179470.654324376 417 72
2197659.131709943 262 89
2201960.653895395 301 76
2205182.546758453 379 74
2208404.258512679 208 67
2209572.285720962 171 97
2210315.156139005 327 81
2211207.135914763 45 89
2220806.313369151 114 62
2224546.693445392 389 61
2224768.780878231 132 82
2231693.717850332 101 88
2232435.700539934 131 82
2240631.237233205 92 82
2248933.732207508 45 95
2250165.159113165 159 67
2251855.008742592 92 60
2252052.585880742 178 80
2252243.238177646 393 94
2252427.966678835 105 87
2256446.694535154 78 99
2261816.932500681 484 72
2262201.564811199 258 99
2270245.166908634 323 98
2272493.412218112 170 99
2272920.625867522 427 85
2273447.267808865 230 69
2274257.480253444 220 85
2279455.575155755 401 71
2280579.008094360 383 92
2283711.896982509 40 74
2290596.287100858 128 88
2298938.992031381 187 67
2300577.108793669 159 64
2305785.664963054 304 96
2308037.463702692 76 63
2312151.656882716 129 68
2314133.416632727 232 61
2319578.219567280 471 76
2320764.658901761 89 79
2321363.177796782 431 81
2322788.252689325 149 73
2324217.690678622 101 64
2328561.296371424 174 84
2332663.563974743 69 82
2349556.346408746 450 68
2358209.689739244 284 100
2360836.940358012 158 82
2368233.708043818 496 68
2369980.098196675 267 65
2371873.273717967 332 90
2373515.636585723 237 77
2375430.227586149 429 95
2378351.436051824 403 86
2385338.811175457 163 100
2385938.790319473 64 60
2389066.451785226 429 77
2393652.327351839 43 75
2394103.219014683 296 97
2394909.918809108 398 93
2395372.374404153 60 91
2397280.285338935 222 80
2404853.934470151 270 65
2408437.083735233 266 60
2410419.681272316 166 76
2415500.885369952 261 96
2420338.692740107 134 97
2431898.972285458 147 93
2433833.415164070 437 76
2436134.003841890 363 76
2439963.501283623 228 71
2443503.701749919 348 87
2443588.818372003 402 62
2445894.516294596 126 65
2448910.644557613 287 90
2452033.288566431 132 72
2453044.639882444 329 78
2453247.416286504 450 84
2453977.149775070 369 87
2454665.188593393 241 89
2456397.469876769 407 95
2460446.383028640 217 86
2461315.428843710 342 80
2461952.797306891 398 75
2468157.348053272 106 92
2469969.399410433 213 74
2494511.033333974 145 83
2496585.102076615 418 66
2498259.102821035 210 76
2500018.266531984 443 71
2502045.812764089 425 73
2502295.604342359 169 90
2511045.468675267 130 73
2513783.036061666 358 62
2514770.320014816 179 62
2519150.078808249 429 79
2522492.168647144 339 80
2528170.666983653 263 93
2530605.533995540 170 99
2535014.777608062 188 78
2537254.568847303 66 69
2544763.401730562 479 90
2548566.440675436 265 69
2554278.470590102 303 77
2558367.205279609 343 100
2562459.297141944 430 64
2571130.850354949 143 96
2575841.632583513 41 96
2580923.422553768 208 69
2582982.864041335 137 73
2583478.042130743 359 92
2585639.046642652 449 70
2588115.889695853 433 92
2592370.660389347 171 99
2593402.991537558 225 93
2593616.599444615 390 82
2597189.411636556 194 61
2599990.587159060 414 74
2604401.919731389 236 65
2604864.671141358 356 78
2605104.950116840 473 96
2608790.762474907 385 69
2614466.406027739 61 98
2616328.648928827 153 63
2620647.500535144 160 72
2625178.875872971 228 92
2626233.975132927 274 78
2629502.918892273 127 82
2629570.170122672 314 88
2643130.060846312 45 97
2643921.275955465 331 79
2668932.815333876 238 75
2669607.486025566 116 84
2675129.179455672 221 62
2676047.422508616 269 89
2677432.333498279 395 90
2679538.590415713 162 84
2685065.271338414 451 67
2686212.011656138 398 100
2689131.131725153 301 88
2694724.100527830 398 66
2697965.494633391 444 63
2700500.418357855 495 92
2702952.048024118 119 92
2703327.292914416 172 60
2705414.034947331 39 74
2711619.094825862 86 87
2711967.047625535 361 75
2712112.316242103 149 82
2712472.297320345 469 65
2714523.306715153 160 78
2719443.624411365 192 64
2726708.649368745 283 99
2729029.939288713 340 62
2730896.454157144 41 78
2734389.790578655 38 67
2737953.798869301 177 83
2740617.069995753 213 71
2746590.268570750 354 85
2749026.997828547 432 91
2750422.678641755 163 63
2750649.055605898 318 82
2752880.726965857 401 67
2752880.891022754 382 80
2756195.943961725 115 100
2758122.476444510 391 100
2758182.604128045 303 75
2760249.076918514 393 65
2760731.714050481 189 82
2766512.693841078 203 92
2767640.311780267 155 77
2767822.145529745 82 89
2767952.980435729 177 97
2770684.757128965 128 76
2771216.517750629 478 95
2776375.244967494 408 99
2778354.604801478 347 73
2780142.524717167 307 89
2782917.936830203 239 71
2789797.747292072 457 79
2794950.187800243 427 92
2798624.335806195 92 77
2800387.764833654 306 90
2800706.135371463 288 90
2800943.328302734 484 76
2801104.895152835 488 73
2803376.177982934 505 63
2806329.385969812 440 78
2813536.116958857 350 80
2815370.424842619 356 92
2816353.901424072 107 78
2820671.933251087 96 71
2822930.621354612 274 64
2823247.881410819 119 92
2825701.963428159 54 96
2827895.620962717 146 76
2828361.012087340 95 84
2831636.922662420 63 99
2831637.262454960 234 65
2835504.319283125 190 63
2839517.078856039 155 68
2841512.812949228 45 75
2843598.069301084 466 80
2845512.261576829 437 89
2847265.249451139 332 78
2847899.415034973 420 77
2848157.902903954 375 65
2872080.466951437 301 78
2872086.282803335 165 63
2872277.821329449 500 86
2878159.100152020 151 91
2882518.273940362 95 76
2882791.997810432 316 86
2885500.938616693 53 73
2891427.317609615 418 71
2891764.046502769 467 76
2893436.980905672 216 97
2894893.466236097 374 81
2899545.107234784 382 100
2902329.100516994 462 73
2910289.442311322 471 77
2911596.142120842 38 77
2914922.611641725 499 84
2918217.368066288 219 78
2924430.107928188 212 95
2930100.638032971 362 75
2931807.552686464 484 64
2931951.093575967 151 62
2933493.704012391 382 68
2933940.572728008 351 73
2935411.432876762 285 91
2935499.936664596 55 93
2935557.066913814 109 98
2936657.008377737 373 84
2938105.789411038 32 98
2940273.106178391 335 92
2946574.183174761 54 81
2960940.146330898 105 84
2962714.907983573 489 96
2965971.328282299 109 100
2967440.183681757 83 91
2969273.136419510 421 84
2970859.023334709 187 69
2973980.723596015 322 89
2974302.273295288 481 93
2974741.469510728 201 71
2974793.714029113 104 64
2979107.052128825 500 61
2979902.437988868 496 90
2982378.029832778 177 67
2992264.398483336 327 100
2994137.962712147 231 83
2996115.934828994 366 79
2996401.111021603 280 74
2996489.772881063 235 90
3002652.479602549 96 68
3004005.342086583 367 96
3004408.624871845 437 96
3006950.104929749 123 76
3009128.502895499 491 67
3011280.814806470 77 89
3021013.083456920 239 72
3021244.161707385 255 75
3021486.898218024 289 83
3022893.550486780 153 78
3023138.091125167 444 88
3023234.094693390 181 94
3025186.590087848 363 95
3032515.417763624 121 72
3033264.518778495 510 86
3036199.213811227 310 78
3036618.390404176 110 71
3037034.442620041 41 95
3037150.015360171 371 71
3042036.382003632 512 87
3042680.448452372 501 96
3042735.427348823 220 94
3050781.526162269 207 99
3063935.269773100 46 73
3064070.653361209 479 83
3065326.976309576 428 67
3065451.674470543 89 60
3069070.268829811 437 88
3073133.249051408 118 72
3075878.744021126 364 84
3079686.487573962 106 88
3080427.663554319 343 77
3083087.903318513 448 89
3099642.701932393 47 93
3108773.963982359 424 100
3110693.899788963 437 85
3112379.220260146 277 65
3117712.658691084 184 86
3117878.641074869 231 81
3119326.379802193 152 90
3120579.690611661 282 70
3120907.252790674 68 72
3121861.860405287 152 98
3127767.305345452 54 63
3130517.555961884 217 74
3130576.180479006 70 77
3130919.141136544 489 99
3133948.633638512 463 61
3134121.884683707 200 76
3137502.487706282 200 62
3139082.271548177 177 74
3141325.697684305 326 90
3159420.431380981 343 87
3166108.429990541 500 99
3170674.990988529 140 77
3172929.653182639 144 93
3175125.851233309 154 77
3178468.592330688 145 69
3179312.934402611 215 68
3180025.284747408 407 70
3182971.460807374 260 67
3190999.200994325 424 79
3191885.147119726 211 75
3192681.784663908 283 81
3196876.553234214 91 78
3198527.282751001 174 81
3199088.590100080 348 100
3200139.991117999 278 78
3205857.419979930 128 81
3207806.767549088 238 88
3219774.054028912 496 74
3222079.655025468 295 96
3226844.604826378 318 93
3230367.614242400 468 83
3232000.892984007 431 78
3234030.883247484 119 62
3234799.575412916 253 72
3236053.854334457 168 100
3237955.434944234 423 61
3238809.220192227 110 85
3242633.370016479 230 90
3245999.744865071 289 72
3248971.162616615 217 79
3252061.570509260 463 60
3257740.230544364 180 84
3263160.003510077 492 92
3268459.246618320 52 83
3271422.358134207 281 91
3281625.698246899 345 94
3283137.616369523 129 85
3287348.074554235 69 79
3288624.987255128 358 88
3289541.874666963 83 62
3292547.623867971 351 82
3293755.607213418 497 92
3298350.031255173 112 63
3298356.612784984 78 78
3300351.133469498 240 75
3304208.731987036 307 85
3306826.887362287 443 77
3311392.224350854 231 60
3312595.210258874 200 71
3312655.928083371 227 91
3312985.911605120 218 100
3315014.861583342 93 88
3316848.562272808 127 73
3318492.311184379 508 69
3324255.234015434 271 68
3330516.296505109 80 95
3330537.158745432 499 98
3330934.194644262 424 74
3331298.156367830 459 91
3336785.219814571 84 95
3337079.938266568 68 78
3344646.825256986 384 92
3348438.794240564 372 67
3349849.221931045 168 79
3352408.523189648 151 100
3353549.910852496 164 69
3354128.533392422 477 83
3356830.249791221 74 85
3360023.842468761 505 69
3366540.579199272 354 72
3369264.884907090 425 99
3374474.808175414 45 69
3374536.527055929 503 71
3375670.735636692 157 71
3376723.757875271 316 61
3378004.178209886 487 80
3378415.882685049 193 85
3380737.406148672 256 76
3381755.343244724 268 86
3383920.312623146 419 69
3386479.294107979 117 84
3386741.357173657 236 66
3387899.431229378 41 92
3391917.879553320 137 91
3392042.765867820 235 95
3393765.985321310 64 99
3395873.788862991 434 74
3396161.611787111 256 99
3397643.015980395 446 77
3400524.428842756 292 90
3401560.352760843 169 99
3402768.263830637 36 94
3403919.497085643 373 66
3405879.499161453 126 73
3407862.886080495 320 96
3411710.059835467 439 87
3412250.353042508 399 85
3413499.442076749 474 65
3415487.988268631 504 68
3418914.751658814 131 70
3418933.971529356 440 83
3419189.138763125 193 74
3422695.924340739 308 91
3427871.013489913 278 86
3431418.089088836 107 91
3440403.173381115 464 87
3441739.271587811 136 90
3441826.959934867 116 84
3448261.369292727 212 60
3449917.582205154 416 92
3453256.199881987 90 81
3456597.584792134 478 78
3462483.875703767 139 77
3462953.515226665 148 92
3472192.366170950 478 72
3472329.701714636 56 75
3477927.996049250 53 69
3478034.511032942 471 76
3478385.626182313 372 63
3486385.420134225 273 63
3487243.202318904 505 60
3488785.145889490 226 96
3489157.150557083 330 67
3491376.841716250 370 73
3492368.127150087 436 98
3493402.964363070 390 66
3496225.335980289 128 72
3500129.570788326 51 90
3504369.409162140 108 89
3506541.082563539 103 65
3506592.990198319 422 68
3508691.534205171 317 96
3513593.142241924 334 83
3517761.479823836 143 95
3519685.114260159 157 100
3522749.696951454 70 73
3526635.564620019 164 83
3527913.166912439 176 62
3530848.103997555 490 72
3531148.606917204 274 85
3531309.580888954 222 100
3534470.460208475 427 75
3536298.848193319 311 86
3536769.133461616 302 74
3537594.182799304 419 68
3538502.933159386 56 81
3543783.813731832 297 67
3552741.241696446 371 80
3553574.684881812 104 93
3556341.616421504 447 81
3558318.659803874 426 78
3560515.983528609 150 79
3562096.862130267 37 67
3565781.027231812 270 68
3568547.042863141 102 98
3570625.908401336 359 96
3583950.531054779 376 83
3587766.703119926 484 67
3592644.297289190 267 92
3599687.196589645 102 81
3600171.327715900 282 60
3606016.216091193 147 97
3612076.914864001 472 80
3612329.014166186 282 87
3614036.696091802 182 84
3617411.678684839 201 62
3620795.084666327 146 64
3621773.653723076 482 88
3622755.077897522 457 99
3623520.225719229 431 73
3632247.237184334 105 74
3633813.299091782 340 70
3634854.979636112 371 62
3635779.276073434 116 71
3638235.173755778 471 83
3640703.293129289 160 93
3646270.611334148 345 90
3648932.751310164 437 86
3649775.230927072 503 63
3655320.214675817 422 76
3655422.663743589 384 73
3656577.304337965 341 85
3656773.747904323 368 83
3657503.363433884 336 94
3659355.643332414 115 79
3660730.037044054 267 97
3663861.624134245 151 87
3664556.753873730 417 84
3665417.138728780 448 63
3666579.888202942 287 67
3667326.773961060 420 67
3667541.571719350 432 90
3670056.226005427 388 66
3677116.601615441 66 86
3677920.576960818 89 60
3678204.959784219 335 77
3681963.934476181 359 95
3684066.310844979 142 83
3684356.757569546 467 63
3693035.408161966 384 89
3700171.156850138 46 73
3700552.951505626 485 84
3706271.802100639 247 62
3708329.128239609 36 91
3710183.353612438 492 92
3712373.549149256 228 68
3714099.754250660 428 90
3719799.692719861 268 95
3719902.038730898 320 98
3724694.364048598 45 72
3725758.677350162 58 78
3726785.199220986 436 69
3730159.306233374 177 62
3735811.555859339 373 68
3736050.684972668 422 70
3738488.467224515 362 98
3746347.507260720 388 75
3746668.533270872 87 85
3747906.907042182 148 71
3753548.562492667 202 67
3755664.668178604 294 98
3766335.820541540 39 96
3775611.706935554 392 73
3780335.939552978 444 68
3782607.473399295 302 71
3790928.641489033 241 80
3791004.080233804 381 62
3807360.696192341 202 76
3808250.922190927 67 85
3809553.476104581 300 75
3810024.992626068 76 84
3810667.864206837 384 82
3813071.943271021 93 93
3816043.102864512 304 88
3816325.257533581 120 63
3821011.690989459 370 67
3824662.804322020 137 72
3833077.783107084 283 92
3852837.295372972 385 72
3861884.594245499 136 77
3862976.397950471 410 92
3863362.496420728 112 80
3863450.259179735 342 82
3863709.820005921 374 83
3868726.095126407 418 89
3869785.072442969 104 71
3875581.798609579 224 70
3877475.520031595 131 84
3881971.914230150 150 82
3885476.759456642 159 66
3885841.844454946 331 75
3890748.091298440 194 98
3902118.146813769 101 99
3902697.856236848 411 72
3903311.195796397 363 64
3904308.145256868 431 63
3904855.211632545 108 81
3906859.579466831 158 73
3908048.923982302 113 93
3910746.549854827 496 85
3914563.154971542 162 60
3919057.944655039 193 90
3919264.398462402 120 76
3921186.041922173 460 75
3922652.258324661 356 91
3926087.045045848 482 75
3931642.251935685 431 100
3935732.706028828 121 77
3937871.491894585 309 62
3948460.900450618 34 96
3955051.850688559 207 86
3955787.347427464 302 98
3959434.903702635 181 80
3970904.478077510 144 66
3971614.296885171 411 71
3972773.779264207 213 99
3973324.613777715 197 63
3977467.219735214 177 89
3979201.554298762 278 73
3979424.358161788 179 61
3984106.213444692 75 79
3986184.746696667 262 66
3995543.473049512 314 62
3996351.191018459 372 65
3996894.694357751 186 72
3998797.692164001 300 93
4007537.511969098 471 70
4007801.086391672 205 75
4013513.080692021 192 67
4019510.935625187 121 78
4019915.243270385 98 90
4023643.901715401 393 60
4024870.143555017 200 92
4025486.254653955 285 65
4027601.266146960 200 97
4051903.670513987 219 96
4054887.023994625 177 72
4059977.999222284 289 70
4060374.082043055 269 68
4061502.204365409 193 73
4061623.122317484 248 97
4061956.270806239 229 66
4064355.327890871 302 66
4065752.838703118 107 63
4066379.593219063 60 73
4067340.611928297 336 62
4075777.493670516 43 98
4075968.513488962 371 75
4076887.626164359 97 68
4077954.489089473 144 94
4081587.882366110 82 96
4084480.455648497 426 61
4086318.983597134 109 92
4091073.428882728 453 90
4091829.710586793 234 82
4098653.196628515 108 67
4100454.596864341 51 83
4104305.184942456 341 64
4106434.708278346 305 97
4109954.921493927 492 63
4112226.222718885 112 60
4119934.987984871 111 85
4122882.449293094 312 66
4125535.615153275 325 78
4126492.392888143 317 82
4127082.533195229 193 79
4133499.131389366 433 75
4134926.280831417 411 80
4135166.248197565 243 72
4138165.998324813 88 79
4140007.180439183 72 72
4141435.554637662 147 67
4143389.972488558 192 64
4149918.315501625 487 65
4155283.794309027 285 71
4156430.372816057 484 86
4157851.907667045 107 63
4157989.935862666 439 70
4158025.985334649 38 65
4158953.102522091 226 97
4163202.013223474 453 94
4169052.617625636 277 91
4179007.384288390 311 92
4183159.199773919 228 65
4184765.461048722 211 86
4187766.620953044 371 76
4191037.474363683 224 75
4192543.508308884 368 97
4195351.862464137 91 97
4195943.555661147 246 78
4196158.234168541 87 86
4205431.803423907 449 89
4207349.844407016 482 73
4208327.562014653 255 66
4216411.724475138 255 100
4219401.609895218 207 94
4220151.321700999 264 81
4223296.891030955 123 65
4227914.714114270 139 93
4228690.053723170 442 80
4241006.597133007 85 64
4249232.221027696 292 95
4249796.844025682 156 78
4254797.405063500 490 88
4256279.352294209 38 88
4260847.400991917 346 71
4261191.560396514 32 87
4261944.198614456 188 67
4262509.471098936 323 64
4263183.871573484 425 91
4264653.130709610 41 91
4264860.322319978 239 71
4266782.675901356 323 60
4271792.547330338 203 82
4275773.281710101 354 65
4276565.454218838 184 75
4276616.496402859 469 88
4277416.968197690 203 63
4279272.830254062 326 86
4282588.619145093 143 91
4283046.922051175 140 67
4283878.021156563 448 89
4287378.063856906 59 75
4289865.907502490 107 97
4293058.614601335 316 77
4297787.437815501 111 81
4305186.755067936 72 99
4305761.128044760 329 60
4309370.913658697 141 65
4309561.014226488 229 90
4310766.352905496 322 75
4310846.873735378 149 100
4311058.283657878 73 99
4315272.838702365 148 98
4316127.783310719 300 73
4319039.604486406 171 90
4320835.101313137 42 79
4321657.103802281 503 92
4322778.758764699 428 93
4324833.011175938 373 86
4330604.475470778 352 98
4335525.514959698 330 98
4341914.430985569 154 97
4344514.221595615 263 78
4346852.222177798 468 65
4350014.718639835 121 100
4351498.923112940 147 65
4352113.135198305 460 75
4357926.932475531 388 65
4362016.802274427 229 71
4362547.295116677 232 68
4364047.599790948 332 82
4368850.686676044 238 100
4370728.537611843 357 90
4372346.272903230 408 83
4375307.375679906 385 80
4376040.631191328 445 60
4376151.767091532 82 90
4380261.578515816 42 82
4383207.622725395 206 94
4388241.098462968 416 92
4395627.513656805 462 100
4406043.910131735 243 79
4410722.440151443 74 79
4419479.082025597 510 89
4424133.761510821 70 72
4425619.169606624 237 94
4432406.876908076 280 97
4433833.917579737 397 82
4435718.868026531 501 88
4435962.948426500 47 76
4436735.613361377 216 77
4438728.807398662 91 72
4440905.754913527 381 75
4442817.352346469 398 90
4443712.781010692 74 84
4448651.668950655 171 84
4456258.744719722 362 68
4463293.472269917 442 61
4464950.417566758 405 63
4469303.253499473 383 96
4469429.846776297 72 62
4470528.245696563 54 82
4471299.543848430 434 82
4471729.881112914 265 65
4472704.809622523 303 84
4480594.666012034 359 60
4481666.613265603 327 95
4482917.854614101 457 72
4489470.010088450 357 82
4489877.286213364 103 69
4491358.506832007 312 94
4493020.149955960 461 62
4493064.452341855 323 70
4497545.290658017 502 68
4498379.325629413 53 65
4501522.518971975 172 69
4503071.279742409 480 87
4504457.162078951 315 72
4533156.817485390 38 69
4537313.632371754 199 81
4541335.024637995 472 78
4541926.481582334 245 78
4560158.392315470 41 74
4567941.169272006 56 73
4568507.205301843 456 98
4570772.851718720 151 91
4570944.057436534 491 82
4576786.310938718 474 98
4577105.694615145 469 91
4580931.813424658 265 62
4589726.651295976 222 70
4593844.560810833 434 85
4599466.041918859 306 90
4606434.457025455 362 82
4613653.304962347 94 84
4617337.689376682 296 87
4625824.015748868 498 74
4634570.795292516 190 61
4636841.593258199 447 73
4638398.496308059 326 96
4639034.100731057 426 65
4642544.810562371 145 85
4642861.513269694 51 76
4650360.647197489 142 87
4650412.356100170 181 82
4652683.811960822 166 64
4653078.608440227 161 90
4653328.729124411 387 62
4653497.769979239 423 85
4654086.360130559 407 91
4664586.749915110 35 81
4669834.146560832 312 79
4672086.292638192 136 95
4672350.781046897 485 75
4680504.707843816 123 61
4686050.181899503 158 65
4686430.783138394 35 99
4687894.730672277 67 65
4687946.424683377 481 76
4688787.815902773 40 66
4698555.657418864 248 92
4699204.161973089 235 88
4703006.048260119 433 92
4703132.875504995 327 87
4706939.829286243 110 64
4707725.061330031 347 95
4708955.995660384 391 91
4712536.012141926 209 99
4713079.379692932 378 68
4714176.069715746 204 65
4721613.384130918 164 90
4725491.243300767 434 92
4725920.520480131 252 61
4727968.386642611 470 75
4734821.650074184 242 81
4739973.259271077 436 86
4742911.535050490 302 75
4747130.029507476 254 99
4748043.298690724 283 75
4748777.041739830 380 67
4751828.030230307 265 69
4756440.253004756 101 78
4758265.415211534 203 65
4760058.832054917 109 81
4764674.370644445 404 85
4766039.993645919 304 67
4767593.723888573 66 88
4783657.481804723 411 92
4787636.372570951 376 87
4788662.486384428 95 69
4792165.642215937 163 89
4796879.089059271 408 76
4796948.190584718 355 66
4798257.517340919 430 94
4799587.204546936 36 65
4800535.184083814 324 75
4805749.350545083 386 67
4810566.966395418 338 92
4813506.404308097 103 84
4816564.738648274 388 60
4817582.961833532 69 90
4818037.785217760 274 88
4818231.114555271 451 65
4819477.192116924 456 67
4820913.973036504 430 64
4823321.662025938 488 80
4826178.648106928 124 82
4826631.705134176 357 98
4827270.441644044 222 95
4829937.662088275 319 92
4833397.183576476 448 67
4833952.782891638 442 80
4835445.780315337 491 94
4835754.508540449 398 91
4835851.367183138 461 74
4836234.821087606 157 81
4841630.209265749 269 98
4852893.816228350 198 94
4854365.990891556 89 66
4855998.027737500 181 72
4859215.003303781 309 78
4873987.823562315 224 63
4877452.133319028 142 64
4877828.749408240 369 88
4882949.591230739 59 60
4885298.214030492 351 98
4886068.977398649 177 98
4889695.484164737 138 73
4894193.720813901 205 89
4894523.162123699 439 73
4895799.856395081 358 85
4902142.197382194 439 88
4903359.937950661 179 60
4903906.409843396 222 60
4908199.414698747 276 93
4912313.160697793 287 68
4915385.332569345 408 63
4927723.096696666 471 77
4929578.827494051 471 88
4930939.871073098 251 93
4934778.095118358 279 94
4945107.675069362 504 100
4945575.293757373 60 96
4955279.088646261 304 67
4956037.771048397 171 78
4956321.536398870 276 87
4957019.108688577 314 74
4963638.114359710 505 93
4967847.412295690 374 83
4972059.224974331 425 84
4975216.694555323 232 77
4977448.207523615 340 85
4979072.942272855 472 71
4982195.789897590 194 98
4983394.882165915 175 83
4984899.977214755 211 80
4985668.620267848 36 78
4990877.737263894 228 86
4994564.273114476 149 98
5000025.939252406 409 75
5000730.688613939 32 80
5003274.514454586 252 78
5010320.554958703 506 78
5010773.536341452 177 69
5014544.956831353 120 60
5023720.748773843 397 77
5024128.197060549 468 66
5025214.710921696 38 74
5026857.544557841 370 95
5028445.798084933 38 75
5029253.858125423 462 81
5038713.470356682 370 67
5039589.775951760 142 79
5041522.889442103 489 97
5045167.735410439 389 89
5046868.397940399 73 77
5051082.630814036 463 81
5073528.456098724 367 77
5073875.160797869 131 75
5083323.622439086 242 86
5085652.871603255 383 89
5089702.355310022 440 69
5108352.061745252 187 78
5109944.758997531 383 97
5111356.132047570 428 61
5112131.420288599 115 82
5116626.555473734 446 92
5118845.267450269 77 96
5119564.508579505 222 63
5122059.191614700 465 66
5128327.905586863 48 93
5129593.816652359 92 91
5144178.461021656 268 71
5145974.783938435 496 87
5146235.954693121 508 90
5146500.262799981 171 60
5151259.294473719 452 60
5155046.176389966 443 80
5159848.710893420 512 77
5165071.298546034 120 90
5165790.969058462 376 66
5170029.695676724 195 84
5174541.281923827 484 94
5175280.094133910 88 68
5177765.907523734 294 81
5181952.312318605 96 63
5185760.430786665 398 92
5190043.843509272 154 94
5190589.074366504 445 67
5191382.108745155 258 94
5195492.453596839 393 68
5195673.498631067 202 96
5196888.166440616 477 84
5212751.616537139 263 78
5216483.839695200 276 77
5230709.360005577 328 62
5232449.430421025 336 97
5233102.667262005 492 67
5233828.439335216 293 99
5235248.644319175 217 98
5236657.343412598 146 64
5236976.083968289 153 65
5248385.893701704 163 99
5248509.911141585 37 88
5251256.684032810 210 92
5252137.627799501 409 85
5258071.678505043 107 78
5258823.510276504 292 64
5272810.472161176 250 65
5274632.994027684 342 95
5278232.662905457 236 87
5283573.765461531 227 61
5284575.109868405 447 100
5291223.816234627 87 75
5294248.111399867 338 82
5296589.833298745 268 82
5303242.519866469 135 62
5306047.449832017 283 81
5312062.490371410 337 98
5314614.073668557 383 88
5315597.647117976 228 70
5317039.090819039 105 95
5317257.711550496 101 68
5317782.611468224 497 99
5319331.334208442 69 90
5319372.154789240 169 70
5323063.034361917 433 93
5323358.141269490 408 79
5328861.037587288 54 93
5341135.568939183 401 95
5342045.470464990 105 81
5346217.869446363 350 78
5353527.127712967 186 65
5356154.113492140 343 95
5357010.235765365 503 68
5362423.568311024 184 91
5369888.613008490 407 69
5370225.405589642 454 66
5379114.346243720 157 98
5380441.644978244 118 89
5382844.441623338 183 69
5386370.684516590 93 80
5386802.765490917 353 63
5387574.396322067 400 61
5393395.035800554 260 89
5396421.400062949 274 65
5397586.420685782 203 76
5397892.527626057 258 79
5403300.163299765 161 79
5404763.278965256 367 78
5405005.704776196 186 76
5409615.762677718 169 96
5411078.521553208 292 87
5412425.412041273 392 67
5412951.570076658 198 65
5415561.565153495 108 91
5422053.696102808 365 92
5422244.353363930 266 90
5423158.061296381 301 86
5425715.379266674 437 82
5427381.339153746 410 96
5428724.587690677 139 80
5438022.394227617 175 94
5440531.925301575 238 78
5449794.692503755 512 74
5453099.381982989 496 69
5457310.115448916 163 73
5457998.637290624 128 98
5465367.455887293 479 94
5474926.691097068 478 68
5479209.043989854 347 99
5483578.022449458 90 99
5486998.150283175 198 74
5487401.366129668 346 91
5489954.404167190 114 69
5490880.927821073 229 98
5490903.574139999 60 63
5491702.302027196 441 86
5493481.049653511 447 80
5498001.009005612 90 63
5500824.426883221 421 72
5502767.794709388 89 91
5503846.203765006 158 64
5508282.508307106 139 68
5509521.366472994 497 99
5510845.223898777 486 60
5516460.990949592 422 76
5518033.550255081 412 80
5524650.728066118 207 76
5531755.157873337 42 82
5532606.705432232 446 71
5534517.217912392 504 80
5537885.393641900 105 96
5539603.105448797 436 99
5542172.918135533 286 68
5544178.875922523 256 100
5546153.345055775 279 66
5558933.233152543 198 100
5561866.759969990 298 68
5565012.163614583 470 70
5565886.086199097 195 89
5566270.958032630 401 61
5567497.670068460 386 84
5569466.154428381 414 65
5572311.269539138 439 75
5573023.067950196 336 65
5573857.840626926 247 61
5581849.950793121 76 65
5588466.635804665 116 71
5593418.532982651 188 87
5603882.243872572 314 70
5607873.308724771 332 74
5608619.589055369 474 94
5618677.426836898 359 87
5624576.946307806 376 73
5632800.533938994 221 60
5633834.652106881 244 71
5635800.471729335 240 86
5642496.546157977 463 61
5643235.085985745 359 65
5651632.383053565 248 68
5652059.335443741 323 64
5658985.085713006 332 94
5664275.312887720 429 88
5666863.113778482 200 63
5669456.058882896 257 74
5670446.366117685 198 72
5670484.742417107 350 98
5673442.883326658 36 80
5676288.712883733 398 97
5678622.423083885 402 86
5684019.982158439 396 75
5685186.203021320 224 72
5691407.717766528 469 90
5699000.711595490 338 64
5700120.987048148 309 65
5703353.958180713 288 87
5710634.028923266 268 60
5713232.431574923 84 61
5741010.578484101 385 61
5747768.500235044 246 72
5749353.283703127 500 90
5750397.743193827 455 80
5753172.035426684 464 82
5754167.470707809 418 66
5754859.449226265 276 66
5760243.860656139 74 60
5761852.792149765 152 97
5772109.323191131 238 61
5772179.899132445 378 69
5774073.611575590 75 74
5776900.537851018 483 99
5778993.194242788 341 87
5780277.213544196 99 94
5780323.609441990 478 61
5781395.527636462 268 67
5784061.310713985 186 92
5785870.446953285 64 90
5787301.365695007 475 72
5792181.438189134 301 83
5800526.118072328 380 60
5800975.382467899 460 87
5804662.979955524 76 99
5810816.568645222 470 60
5811015.848374660 104 100
5811398.275031970 109 80
5813403.666258290 194 60
5816693.823322862 67 93
5818582.530702045 200 62
5819622.944424036 39 83
5823627.749288075 435 95
5827230.978593045 439 65
5837087.199558864 408 85
5838048.542801896 230 89
5838409.695932731 280 61
5840778.388262175 375 64
5852241.798255762 470 78
5855182.074874053 86 83
5855487.631269835 451 76
5858900.140732593 308 70
5865591.831174740 37 67
5865671.703632529 438 97
5875653.305749238 438 64
5879378.057347405 262 79
5880834.761676777 221 95
5891464.717020547 482 79
5891516.993612105 86 79
5892071.428819662 202 68
5901958.403044507 423 78
5904234.016105051 436 68
5907346.657744925 466 71
5910337.842418986 492 61
5910545.953808384 94 87
5912107.956940190 393 99
5913221.153220086 305 83
5916855.578017161 168 84
5918041.281411214 435 77
5927698.482743979 211 63
5933594.251079099 405 85
5935727.856074966 182 74
5937740.304975178 115 89
5940943.663521701 320 96
5941523.769167113 418 69
5942035.918570691 303 90
5942134.899293158 328 91
5946789.805530024 82 67
5956232.372547745 299 71
5956926.568674958 314 60
5959268.822660952 153 75
5961875.455310656 315 68
5963917.096591230 183 95
5964681.749180254 485 83
5964837.640783498 115 63
5969204.763745497 468 83
5969304.782198788 363 87
5974664.453382289 152 87
5974913.952318860 411 74
5975515.899460882 34 88
5976408.907964500 379 80
5982410.380338648 67 64
5986476.403062600 323 73
5986667.224740808 386 81
5988569.842631477 291 93
5990526.279584159 137 72
5995376.480610876 133 77
5996195.802374676 133 78
5996319.630341601 339 89
6002153.835285935 136 93
6002593.000751545 253 60
6007837.919791345 270 76
6009579.566404129 76 86
6010148.525631567 149 99
6010658.692497839 353 89
6011102.266116261 199 82
6012973.786151920 458 86
6017499.684421904 97 95
6018353.854995715 250 75
6020853.418418513 435 62
6021052.513607218 205 90
6022762.460660894 418 87
6022807.096237191 369 76
6025928.502902614 290 70
6026065.914652306 358 74
6029913.788245888 345 66
6033486.103504702 119 99
6034088.870890740 303 80
6036687.839691423 422 64
6039267.861167670 309 82
6042115.581905345 115 65
6053265.110859511 493 61
6055488.965441585 376 89
6056792.773742819 62 70
6058280.896544739 353 93
6059860.774379492 342 89
6061215.231701857 63 95
6061936.695089825 189 91
6063678.571921180 40 95
6065059.112364245 379 94
6065323.014715586 461 74
6070020.486806855 112 75
6070424.346593696 185 87
6070557.026936901 85 83
6070934.860862981 404 94
6078212.516648735 149 71
6088560.593095603 272 94
6088886.970235254 51 77
6088915.500237308 209 63
6097956.862789173 105 69
6099697.041478985 69 95
6108945.655880450 104 76
6110154.738381127 244 63
6113024.380243822 122 98
6120027.852625586 169 93
6125674.930010985 203 63
6127045.783841683 474 90
6128600.217501150 174 68
6132625.482442301 431 80
6137865.417225859 340 61
6138374.937275899 93 99
6138665.216977464 225 67
6139483.149202230 327 67
6139837.330882410 143 80
6143619.436468410 333 67
6145370.604853262 186 62
6147281.045376942 456 75
6148408.145089546 267 100
6152806.912657056 476 88
6153412.712825761 135 80
6155482.184461584 414 75
6156679.463156207 411 93
6158602.380969408 45 74
