8 6.709496252 10.147571163 10.552005714 676406 16
5982.114616554 48.530327910 0.048773753 0.008900320 0.000000000 0.500000000 0.500000000
13
1 0.376611675 1.545716319 0.098823244 1.789150383 2.273595723 0.829671609
2 0.678842892 3.091432637 0.178128988 2.299041611 -1.000000000 1.066120305
4 1.223614942 6.182865275 0.321077665 2.954247098 3.754163781 1.369954682
8 2.205567064 12.365730550 0.578742789 3.796180059 4.824065561 1.760379031
16 3.975536674 24.731461099 1.043184413 4.878056087 6.198879402 2.262070691
32 -1.000000000 49.462922199 1.880340869 6.268256726 7.965502407 2.906739810
64 12.916556762 98.925844397 3.389316156 8.054651625 -1.000000000 3.735133636
128 23.282105515 197.851688794 6.109245508 10.350152463 13.152646415 4.799612001
256 41.966016731 395.703377588 11.011920680 13.299849701 16.901028378 6.167456804
512 75.643783986 791.406755177 19.848997214 17.090183233 -1.000000000 7.925124662
1024 136.347990622 1582.813510354 35.777835844 21.960726587 -1.000000000 10.183711520
2048 245.767379248 3165.627020708 -1.000000000 28.219329520 35.860231487 13.085974637
4096 442.995928484 6331.254041415 116.242531602 36.261576111 46.080064109 16.815355763
1339
0.000000000 108 77
3931.791578719 463 83
11384.959270336 47 62
23086.333577951 357 60
31735.248442490 80 69
34609.110971994 322 67
44633.691762507 244 87
68284.476466033 114 75
78867.041865496 491 80
79478.098730858 241 85
82453.079394326 510 75
92406.806528863 99 91
99122.376779507 174 84
101038.012067163 320 81
133737.572805023 244 88
154773.966945298 55 66
171393.294788260 504 81
198206.511261361 379 66
201196.353970593 209 81
201352.311565156 116 99
206637.431917740 384 79
227607.891515703 109 95
245554.656146351 295 100
251942.937112977 32 67
252062.553088640 415 72
267770.549396658 275 64
269153.313488243 109 93
283061.818835023 166 83
298395.246596705 379 91
323698.320661248 108 81
325272.363291267 286 78
327801.030181868 446 92
327945.650709298 323 65
347882.401165499 212 96
354128.923379468 240 98
357879.057941331 249 60
364165.122923700 460 69
368831.268124598 94 85
383286.777932730 190 78
388060.361197030 464 69
392724.964906232 90 99
392873.503609479 479 64
401133.787268105 486 85
409406.134905429 442 75
412191.739488591 52 74
429609.203223762 60 68
436503.985030937 464 68
447818.383558100 426 85
453479.089424369 468 75
464447.585301003 259 97
466223.020092617 371 97
473418.823981041 45 64
475028.536201010 390 73
486013.698431387 471 65
496902.488139849 392 74
499269.842983503 220 85
508085.222445390 97 70
519164.330211777 47 72
523706.824014284 133 60
524507.828771790 297 97
537635.373070175 41 86
554222.555757685 69 67
554842.085233402 406 87
558807.536069441 332 73
566489.890285001 296 69
571612.421807199 280 97
577263.012412442 362 74
591274.120755115 253 72
603701.578583027 450 78
611594.423985649 152 83
615480.893587400 33 77
630701.103387010 192 68
650734.710134548 407 83
655869.162188786 60 72
666918.461103738 91 75
672394.790209600 487 88
677365.419968404 128 71
678099.943283565 101 88
697221.239218593 414 84
702423.065337377 356 93
711995.754857926 344 85
723694.183925956 267 79
734482.711356509 214 79
742292.546895644 355 89
747152.795997192 417 61
754444.680385655 385 71
771188.139296677 137 81
789316.709824977 247 82
792525.253164736 249 78
795730.179935894 340 90
828352.177962335 159 70
829570.804235898 297 86
855080.307540806 140 69
856720.907339604 385 89
858400.151074300 409 76
882125.072864888 501 93
895384.074521568 420 87
898428.256244397 305 78
904267.799035728 397 74
913172.718273780 265 88
922039.752156265 426 82
926257.764100526 87 61
935537.709934398 167 68
941580.756035447 191 60
949768.148846020 173 88
953441.095605242 309 83
959823.161371779 137 97
974791.082163213 182 93
975181.953728766 142 87
981389.607382874 286 100
999049.282059770 430 74
1017582.132980568 327 95
1048977.120682650 394 90
1079990.251706551 494 90
1092876.161477598 251 85
1096674.715222517 227 83
1100759.699411447 189 67
1108023.671400793 345 69
1112337.942843192 138 62
1117615.125118765 244 91
1117754.021464467 311 87
1130583.966709606 421 74
1142259.845005747 374 60
1142475.905929655 187 70
1144765.634712479 452 84
1145580.610218450 284 71
1152306.973624872 410 93
1152751.634804354 460 90
1153158.241614641 188 62
1153573.196100314 37 81
1159138.749754163 121 60
1161614.954688812 58 90
1166790.897200123 382 71
1166894.450985700 460 82
1177217.472939303 266 99
1179061.564386662 363 95
1183849.975278981 387 87
1196542.088951142 101 67
1201918.968862904 330 88
1204879.031745352 66 99
1207188.771399228 194 67
1220066.763663172 282 61
1225162.786492490 379 98
1243234.744215106 44 86
1249634.543607617 211 75
1253670.722867466 90 64
1253904.678742538 234 67
1255260.903463869 34 65
1256769.547616181 345 97
1262385.896277714 505 75
1271688.602966446 192 78
1324617.698854957 69 72
1324644.238373171 243 74
1342972.274073427 94 94
1372380.010988131 398 81
1381398.518771451 46 80
1384537.530068854 317 82
1388252.837764400 504 65
1390882.816434903 368 65
1422552.855300658 53 60
1424128.178655188 89 74
1424993.704725302 428 89
1425090.834467884 181 97
1433424.216769166 284 94
1439467.644371934 78 97
1444172.985492837 163 62
1468683.017865695 470 85
1471557.217262760 266 87
1473684.256573445 59 81
1479322.350443883 99 99
1483994.320711427 289 67
1497113.348143008 227 75
1505797.784222477 194 84
1509110.411824191 358 90
1514629.550042665 400 71
1518402.644958447 409 97
1521914.283514170 140 88
1553417.200513948 138 75
1558821.990733739 67 67
1563327.388848757 451 78
1564829.386637337 428 67
1569417.411602546 110 80
1585060.285181603 282 72
1594428.856836153 220 68
1600086.846967397 460 95
1600323.781274441 259 81
1604304.138178933 105 73
1604493.092850969 287 96
1625716.029131894 449 88
1627388.257437757 116 67
1630939.828251030 428 87
1633618.912655383 210 81
1640711.038313220 135 76
1643567.380734363 226 76
1651976.049992875 402 71
1678594.053920107 339 97
1684021.007926604 240 97
1692988.682501818 470 76
1707015.124116105 305 93
1720025.243784936 183 69
1747042.215411680 198 87
1749377.630433806 199 74
1749529.581719074 94 67
1787682.339756059 230 71
1799136.107253834 324 62
1806025.602465871 254 81
1821484.754281580 273 71
1828391.856903475 346 66
1835896.038883106 249 76
1837587.397987425 368 90
1839589.360898554 211 90
1861700.696543327 41 62
1867262.941573042 492 60
1869109.459594057 390 64
1875630.759236119 116 89
1880857.094955838 85 91
1916077.330986922 258 62
1936525.670020087 353 67
1940836.149572066 165 90
1955009.796010602 499 63
1955403.021195305 499 88
1964539.408393330 315 66
1966548.131314564 339 64
1967300.762390366 131 60
1985143.565348697 264 82
1986934.318856562 201 72
1996142.108752581 73 93
2002300.107948665 309 88
2006983.244958340 216 89
2011485.190123065 59 61
2019932.657271814 239 97
2021203.315929187 32 65
2035154.252459623 302 97
2060279.564719673 281 66
2071311.258347903 443 100
2076752.888069890 380 66
2082054.727678874 65 86
2089150.175745313 57 69
2094541.220921945 105 91
2099576.006057082 339 68
2103557.163002562 445 65
2108880.813479769 508 99
2135792.149953984 510 64
2143504.350097853 312 90
2165940.911881150 109 95
2168563.772899594 278 80
2175131.853956061 250 94
2182159.373279185 116 60
2183721.735404578 474 78
2223106.594197544 138 76
2234553.755017223 49 66
2244688.919443617 180 99
2256034.134027862 128 97
2259204.984178062 90 71
2268617.484967627 396 96
2282331.824072536 469 61
2282477.909026923 158 65
2282840.007113908 332 89
2292476.195724173 165 88
2298246.198428290 65 90
2308733.627451160 280 74
2315234.304878717 168 63
2322102.665719441 365 83
2322135.392109775 97 84
2357979.735867837 445 80
2358694.305083986 505 70
2368180.829130476 237 92
2378792.205584989 198 84
2379235.635769853 328 87
2393669.570859968 46 85
2396072.392576275 365 65
2406657.588135770 97 83
2414490.852353716 423 61
2428846.495509878 435 80
2439888.752485939 305 78
2460785.181001630 209 80
2460900.153087811 282 84
2472614.457744703 356 75
2482269.675993415 446 87
2499547.317191554 286 95
2503605.963717629 150 95
2509286.892172588 408 84
2521077.104274087 271 87
2527887.387843245 364 80
2578588.173349604 329 67
2586197.983560084 315 96
2591494.757601883 390 62
2592184.403088765 54 88
2593193.215144645 263 66
2594835.932492632 488 85
2600829.033618301 230 84
2618508.096794711 74 88
2625943.665446428 241 75
2640583.867108820 106 60
2642715.260229875 145 97
2646663.351865575 152 96
2677432.196426612 457 91
2682200.935868514 77 87
2700873.395601916 122 94
2709658.797100104 383 83
2729200.605377334 489 88
2735550.847293311 197 82
2737965.946723650 369 94
2739372.245461285 348 89
2751009.861021487 380 84
2756315.824654948 195 97
2774036.807100585 311 94
2780663.745475538 285 87
2804507.988120135 258 80
2805180.976622405 186 88
2805354.454032452 472 61
2808637.208406193 43 83
2825714.707649884 430 76
2853185.929877286 266 76
2856965.654789965 193 82
2859586.135342621 508 71
2896950.025442829 314 70
2897297.321357071 361 61
2914298.562037663 391 73
2918473.994300907 199 84
2924901.616125845 370 86
2930563.212855560 149 93
2937215.319554497 128 82
2940751.608733078 225 79
2950607.842168442 139 81
2959994.923674720 278 61
2975263.992233920 235 72
2977298.621974289 36 90
2986363.138804220 295 96
2990796.768440358 325 80
2995847.747471207 480 82
3006859.442512074 133 91
3039629.584033973 190 86
3041188.171033681 352 87
3049117.382475373 229 84
3056690.471427751 62 78
3068852.244170902 491 90
3091822.360238470 213 69
3105548.853428016 386 94
3116898.724577512 321 88
3124645.681639574 425 86
3178459.309528935 346 61
3183163.889679279 225 89
3185427.243150856 364 75
3202895.781121745 404 85
3271173.508017268 155 70
3282981.693366682 305 72
3304517.415518589 400 68
3308978.876845589 66 77
3313929.808654415 436 100
3320692.753307633 78 87
3323620.605448242 378 91
3329573.540082247 198 92
3343468.141838776 450 66
3344551.291270943 314 88
3349384.611386135 370 91
3360332.231055870 481 93
3375076.883898867 33 86
3377325.722739491 121 97
3382838.090254143 192 72
3392302.111406627 96 93
3400965.563412928 419 72
3408076.383456936 489 67
3419655.590430925 244 96
3428559.753858576 126 93
3453097.227627344 186 68
3455748.423364906 110 67
3471885.147018475 193 71
3477186.491906814 199 98
3483787.415969652 84 61
3491398.136983582 243 95
3523443.867905679 191 100
3538974.374679512 380 75
3546558.266975954 347 82
3553182.510302234 394 62
3569349.480673374 256 76
3570069.826246246 254 61
3571776.074175059 267 87
3577490.759725124 296 97
3591924.295520030 80 93
3596816.234562594 379 100
3598450.667834053 432 94
3599376.612474421 204 94
3603469.817062734 334 68
3623592.983373063 92 93
3624122.084345986 59 74
3627163.404695524 357 78
3629161.223776148 490 98
3629513.078561728 74 72
3651141.327395197 455 77
3658882.319500990 432 60
3662690.912048064 159 96
3663400.884540563 255 89
3684073.190165536 448 85
3686268.218455411 316 77
3687246.262666535 96 60
3689636.072650562 367 78
3699215.229958599 70 73
3702788.377983368 119 80
3707274.822003654 402 100
3740271.974950361 193 92
3744782.742772327 348 86
3745712.300561467 334 73
3749994.078146471 227 94
3755552.214516348 425 89
3760692.785704066 115 98
3764712.793093847 48 84
3772089.390025808 222 78
3780194.578949910 401 98
3797175.361697064 463 73
3797319.618891769 411 86
3803187.232003896 491 94
3839298.219381556 454 67
3844099.694229372 490 90
3848606.246308701 152 64
3877386.987341325 458 68
3879980.566858148 198 69
3880007.511858648 33 78
3899706.973354627 138 72
3901714.076801094 275 69
3926172.973298980 132 67
3951298.156961763 285 90
3955346.484788895 362 66
3960382.909217952 402 80
3960885.314493997 335 76
3963567.770766894 428 83
3975365.322513204 462 69
3997216.323897496 392 67
4005207.670547043 128 79
4005710.105656315 368 74
4006319.667943182 390 60
4012432.174829569 497 79
4013135.642212822 260 96
4022731.509601596 448 97
4023489.303933801 479 88
4029594.234667963 454 100
4035598.298511078 407 86
4090432.293755886 495 98
4098859.475692860 152 61
4117921.325245193 36 68
4126108.516500754 102 76
4140471.456311140 365 80
4146891.865270494 76 88
4159744.710887645 243 78
4159898.504804169 79 84
4165554.606832693 343 87
4185050.845246583 61 75
4185394.077800142 242 78
4190170.196447759 340 76
4195179.048009874 186 89
4204402.208808282 305 79
4208558.571912957 283 62
4210031.097234099 244 95
4210330.957237599 418 72
4210890.521661007 414 68
4223190.050182953 76 93
4228814.047138762 418 78
4245955.781184861 109 66
4261834.460310072 249 74
4266099.921808339 136 94
4276599.125423192 160 85
4284753.582956641 122 88
4289804.753257256 219 85
4293498.259339719 456 94
4312307.425317212 175 67
4327747.700517722 100 69
4346176.531914193 485 73
4351017.699278736 305 81
4366329.174028926 371 67
4367463.800555316 488 69
4381192.787865905 380 65
4400560.465863010 490 80
4429199.759765180 206 75
4445471.420727316 170 83
4452849.165259694 267 93
4463236.354661886 189 77
4476492.771086755 273 80
4476899.430972838 314 99
4484444.125717348 200 63
4516892.638079421 374 85
4543608.620542935 193 77
4544305.153826403 250 63
4560375.964899043 76 63
4561947.152737989 432 92
4603421.718638006 44 61
4611857.268266863 203 90
4625162.750728855 221 98
4636147.945866090 310 96
4637882.663732146 247 81
4644951.152157357 287 78
4660153.181889325 65 72
4665650.107785661 278 79
4711105.564744143 67 94
4717999.655574247 366 72
4723703.133308166 164 73
4729078.219360235 403 63
4731990.826941571 449 73
4737238.565427941 223 79
4747428.252316625 48 71
4750479.719520777 37 95
4755885.072592495 373 67
4759026.034799909 498 70
4762287.198991585 87 100
4762645.318908210 302 77
4765452.623298573 367 72
4768248.573827257 246 79
4775366.447314676 256 99
4795717.816568064 52 76
4801463.322528246 409 97
4807006.033214793 227 77
4846982.725893982 377 89
4849574.265788410 232 71
4855925.592275714 284 89
4863555.358836304 232 90
4876786.732487570 292 76
4894174.835823648 316 91
4897153.321529230 32 63
4907236.225372505 446 73
4908856.520210109 359 95
4911335.217196770 194 65
4914565.642554921 162 96
4915976.932846225 222 74
4929438.687754328 431 99
4940978.998002219 40 95
4950741.157482472 339 78
4958684.092183640 339 84
4973751.416338210 504 74
4978953.096151142 402 62
4987620.179164012 227 98
4987831.793108147 46 69
4989427.547556249 57 100
4995517.456823353 82 74
5006913.600518460 401 71
5010507.037191301 329 86
5010883.839658121 508 87
5020452.274848361 37 96
5021086.193145373 432 76
5025535.671876805 56 63
5045736.442764870 123 74
5070291.444021790 196 90
5081501.596980259 292 76
5095693.731023583 41 84
5096271.528604146 313 85
5096771.843631285 449 100
5110129.657573586 275 77
5113379.830885349 227 98
5117136.377745791 403 63
5125388.069749583 426 88
5126829.119758086 322 79
5132577.615367671 109 79
5168956.880885851 151 79
5174793.817899083 285 77
5179181.309249283 135 76
5181074.801776635 446 98
5184187.760898463 148 75
5188899.986740978 199 62
5214336.442343030 509 82
5220608.613671299 54 93
5230520.543014173 279 74
5256823.407197591 145 99
5273512.881285522 180 70
5285144.660520289 438 70
5294351.739974073 422 66
5304824.337493096 54 64
5308538.718910617 412 98
5315108.094860690 390 87
5366372.932652921 118 96
5387573.930327482 383 71
5390573.474812453 422 62
5392252.724837530 113 89
5398472.601343675 396 86
5398701.103830315 226 99
5399963.643199795 250 63
5402903.082765648 338 86
5416091.435067609 286 78
5423270.387380078 452 60
5439097.861554440 89 87
5443243.239215541 267 75
5444653.037773236 312 86
5452071.599965946 183 99
5477556.806651403 449 87
5480069.141646419 405 79
5487245.822886838 493 86
5489119.934932432 392 83
5524051.825172071 248 68
5546588.913313723 280 67
5558286.775782743 121 97
5560099.556488825 51 73
5573014.843101447 146 75
5591368.634296301 227 100
5591849.556272528 335 89
5594998.179018192 309 93
5614378.564593528 376 86
5627967.347704996 321 77
5628463.117477905 269 60
5628539.793768142 346 85
5636954.685131860 454 91
5639115.989263878 188 99
5639454.389816361 485 75
5647320.646282084 40 86
5653035.086461451 247 90
5653160.829926665 228 94
5686857.694020713 51 69
5698005.447893310 169 69
5736392.042329431 422 87
5737727.965441893 310 63
5746622.517032506 143 91
5749920.648010848 331 80
5755040.942914867 282 82
5822909.700032611 210 96
5829230.405138835 213 60
5830454.084344584 53 81
5842642.671487306 503 92
5846830.645026147 375 88
5849354.237066831 352 100
5857161.342493670 33 72
5857210.830324210 429 96
5874281.075489257 178 63
5874982.079981595 71 83
5878839.019311979 178 99
5879815.634131359 166 84
5881136.586528577 84 60
5881898.392975098 332 79
5884280.924313819 319 66
5888009.019186783 318 85
5888822.378804267 69 85
5893498.988096402 443 87
5898284.854626221 277 88
5904718.572354871 143 80
5913549.048682171 56 97
5919830.740240701 376 89
5928571.963012991 267 82
5933952.013971469 226 73
5941215.818534973 84 95
5949462.116162327 338 86
5955364.048319331 135 84
5962596.817047325 143 62
5963950.013596486 252 83
5964806.766573663 47 89
5979007.758199696 460 74
5988100.351364681 45 88
5993912.152433984 130 61
6015102.770094043 477 60
6015682.261099780 160 83
6021375.909120675 110 70
6053091.923130781 199 77
6060158.089147460 71 83
6068931.867326189 102 88
6096605.168122916 410 76
6127552.751613789 372 97
6128273.969687090 504 99
6171700.109516726 223 72
6185410.620579299 153 93
6190632.170934551 214 98
6191192.255288097 292 99
6202478.314852367 296 95
6207386.771582110 139 69
6213179.278837382 406 75
6226537.127860304 464 75
6229507.676703041 494 97
6229511.448986256 138 95
6231916.773298172 179 60
6242601.341166992 59 91
6243706.550610587 206 96
6265036.416330564 411 92
6270153.550078881 250 70
6271776.364706613 366 73
6274794.457901051 75 87
6275084.293894810 268 79
6278731.963972010 41 76
6292399.514496691 248 82
6300441.990368585 361 82
6301679.767325715 252 68
6322075.592717607 349 87
6329827.713071098 408 99
6330708.714906920 164 82
6336333.232286910 151 69
6340644.224184085 435 80
6350999.838410057 461 78
6353454.715696194 136 97
6355846.469007513 36 88
6355966.345609446 411 61
6362313.358518665 475 64
6367023.765664801 213 95
6376388.480173454 205 71
6389254.030053130 299 97
6398499.431505165 404 72
6425932.498409410 407 96
6426489.992810369 66 84
6438606.168701983 433 94
6448146.814222180 158 70
6452739.333460235 218 94
6461180.958710448 427 76
6464556.452774277 41 71
6474005.688595650 443 91
6478742.993037967 478 97
6494729.447628205 447 86
6530007.642396014 448 60
6530194.947079012 403 78
6539154.787206371 317 76
6540791.739179432 271 67
6558508.391839515 227 71
6567289.507075729 431 99
6569719.321037484 127 65
6581622.715396075 217 86
6582022.925385473 33 78
6630417.208473601 333 68
6631110.052456024 108 89
6634208.363074541 222 98
6634264.158226795 37 71
6657286.268572600 356 83
6661923.695382752 440 80
6667837.724309350 321 75
6690754.669832196 363 68
6694707.041310859 392 86
6695832.431293894 60 69
6704131.748611833 394 72
6707481.919361285 312 94
6713897.639704755 304 93
6716604.145747057 273 91
6718866.983264622 169 98
6728445.060020310 119 99
6756609.152482486 89 79
6757247.674563373 294 60
6766623.683755289 464 89
6772596.486885097 135 66
6784335.401570871 179 96
6809617.970534394 460 63
6810564.974620186 290 77
6830120.669451812 275 88
6832162.215010910 357 95
6834251.203549859 419 66
6835575.442916545 205 92
6855565.253015945 431 62
6859572.232189849 476 72
6876036.419785143 146 83
6877647.142834038 42 78
6884214.186755193 142 94
6888390.340986842 365 61
6907589.701067367 184 69
6910428.574265238 512 60
6926978.545508312 241 75
6929270.121666657 317 78
6932614.890006060 284 78
6932756.958058482 122 61
6963241.411110808 499 83
6965506.790279839 174 88
6978730.263298793 470 93
6980914.232067185 186 88
6988950.233424921 136 79
6989028.683260689 333 83
6995280.449384825 128 92
6995577.134518755 505 87
6995613.446165713 177 80
6998344.895304429 208 90
7024262.784657598 477 64
7025773.011220030 314 60
7035274.554452509 411 80
7043105.868955980 378 93
7046632.466531248 337 88
7051852.697948512 83 64
7057384.553165298 511 76
7060411.918006773 319 76
7064819.150152276 144 97
7068108.619918875 240 68
7088837.768946485 78 64
7095793.917802740 506 86
7108755.448190365 180 88
7120349.996599480 259 76
7138622.702569853 202 64
7140413.003038331 476 90
7146999.567860574 312 70
7173071.103106786 229 74
7173998.257957080 225 93
7176103.748010245 244 95
7177326.620079534 105 69
7182129.336698731 102 62
7184038.984539023 41 61
7187276.384450817 305 73
7205432.769122853 413 81
7209922.906358161 435 60
7211338.218964024 162 75
7222036.811180294 49 63
7233730.912485231 443 62
7237186.115425658 474 92
7245018.682549290 296 64
7256542.414895331 344 98
7259570.834179241 421 67
7268266.059328278 173 82
7272606.323503229 458 82
7299613.406304880 49 93
7309438.680470350 487 74
7310396.652388387 489 92
7324020.636316215 309 65
7324086.699188628 329 80
7340638.991395503 342 89
7342737.996686187 134 94
7350110.030868801 167 74
7362194.077215611 202 94
7391764.882544286 493 67
7400101.513660986 442 71
7402089.846029743 243 90
7405805.415567945 185 99
7408375.676903402 87 72
7415916.599887495 114 92
7428005.969020150 361 79
7432616.444909962 175 86
7432757.610184892 258 86
7444686.674245004 454 90
7447483.043889528 39 92
7455530.668266306 433 67
7480359.262742616 468 91
7484225.819034109 224 61
7485565.594771745 441 93
7491124.064891201 285 83
7493099.887219572 144 72
7496104.902348964 510 83
7501943.520285664 82 69
7513270.096075169 458 65
7528548.892125318 327 93
7533823.160655894 396 90
7553163.800511774 76 63
7554273.257095050 365 70
7560657.004147780 471 65
7561839.144679765 415 78
7573185.299286029 226 88
7583770.348084188 416 81
7589246.667596288 128 61
7642963.882216198 323 87
7668074.067106094 414 89
7684421.143614760 160 94
7739665.563066246 369 86
7748569.619180205 115 60
7758521.676226587 298 62
7787876.495106744 125 92
7807557.474690051 297 97
7833087.589322317 370 69
7845310.322326467 354 86
7850166.931131011 290 99
7853850.369696480 284 90
7861057.603053523 96 71
7868615.234549616 174 96
7879845.265281421 122 79
7883636.159118986 407 69
7884161.376257522 368 65
7899703.356202435 174 79
7916259.057429172 61 61
7922334.442675984 199 65
7923565.415755526 366 93
7937700.049756852 253 97
7944210.434136730 157 63
7959514.159259597 320 82
7968046.767988043 61 63
7974486.018338797 87 73
7975327.857038417 106 96
7976380.545357039 315 78
7985739.345428960 277 62
7995577.269620162 280 75
8000542.454447974 308 85
8003426.217282520 163 95
8009028.235255199 421 86
8014764.862411954 61 64
8023107.848960710 417 83
8034733.014516638 189 77
8038313.550239774 371 64
8053516.021425682 311 75
8055902.197516749 354 70
8061341.865515451 82 92
8062978.258508889 128 96
8065441.882720564 46 100
8066583.396997433 138 79
8073002.443323920 171 98
8082177.543950711 417 63
8082499.125283802 425 98
8121437.186981113 242 94
8125427.165759561 471 92
8134858.740916770 136 72
8152306.368136005 322 88
8157291.887865245 493 62
8165852.552486320 193 78
8166535.570147449 169 87
8168575.453182975 465 75
8170942.644792628 383 65
8179092.392239999 482 96
8190965.056150242 141 80
8193270.347647038 254 63
8200852.450523127 381 81
8204317.817359661 328 96
8208941.899406070 361 85
8210735.966019410 507 93
8214586.725990291 67 78
8231694.932078683 392 83
8236279.314378829 397 91
8243200.572888717 391 88
8251099.877764992 391 74
8256612.784267316 89 88
8276293.177125803 109 62
8304830.877911747 148 91
8325968.353623852 318 97
8348225.277819618 100 66
8372094.152770292 70 63
8372266.574878473 472 86
8372666.803235987 403 62
8373329.598207328 448 69
8375056.032577548 71 85
8394663.296332531 191 98
8397351.780666912 258 78
8424886.176929142 506 77
8440494.134127174 64 90
8444992.954183716 466 100
8449793.992008004 379 91
8449811.778682280 484 89
8467021.451964376 278 100
8478151.756345619 418 86
8483339.362410950 184 94
8503710.951554384 362 81
8508950.879733087 203 75
8525880.318900656 142 97
8543764.154603684 256 96
8549241.333525989 496 93
8554082.754114676 312 96
8567936.834870968 82 69
8574313.290955108 173 87
8580656.010429826 226 61
8608620.384170858 281 70
8612777.688119104 253 62
8613126.658178095 87 90
8619480.741481062 468 63
8621962.363189125 386 68
8622582.696844973 173 70
8648166.028474163 384 72
8661265.006934088 166 81
8661282.070063537 392 83
8729421.693199599 463 61
8731066.671397295 191 84
8739133.830483424 148 92
8740975.449921221 164 91
8748456.810447274 460 93
8783292.563443214 280 97
8785806.366295705 428 99
8793213.543089412 240 64
8794662.659593366 123 66
8811609.632088620 193 99
8834139.508680785 333 98
8837948.916963868 232 94
8846109.127869533 354 93
8852856.596375415 281 87
8864496.859339982 379 77
8878570.681018766 480 96
8890412.531060679 396 72
8902510.078377545 506 84
8910892.869476203 32 74
8919063.264378618 320 86
8923748.729861025 499 63
8927227.169159962 341 62
8927539.023742583 184 62
8945086.965273893 217 85
8949163.625052659 443 91
8971334.520642938 402 93
8977790.927189756 312 95
8982822.023321506 327 60
9010261.168075433 259 95
9014259.907416726 232 75
9023884.525729200 147 91
9035538.409306889 86 82
9051726.153178602 431 89
9051960.096949393 222 66
9056131.260862872 406 82
9067828.926482681 373 74
9071553.113914233 419 88
9072451.238408143 147 98
9083174.700974103 380 72
9090749.074013893 193 75
9104270.440464161 141 98
9109445.948319346 306 94
9109694.351957783 432 70
9123116.453953119 222 77
9148840.942144975 502 88
9153692.652256744 381 60
9154352.176584663 396 60
9159343.153224764 256 72
9168316.968244070 281 67
9173575.096653095 284 98
9184914.800075466 299 70
9193955.961658455 80 81
9195253.660543190 245 93
9196683.688481793 505 86
9197035.649752699 444 91
9199266.805111421 293 86
9209763.271091135 193 95
9214884.788972707 107 97
9218675.873472825 238 66
9218772.919698432 179 88
9224372.518264357 171 83
9230651.376140127 248 68
9235179.899715459 153 97
9236299.362791725 130 69
9237825.257955646 154 60
9257404.337760482 230 99
9298325.674697647 264 66
9329031.047443623 303 70
9332401.614563141 511 63
9338068.550557015 89 93
9359484.321683990 262 89
9361717.331402201 292 93
9366381.936135026 422 96
9367501.747948114 235 64
9378700.062193969 173 79
9379847.696143864 345 73
9396396.115807718 402 88
9397867.671637818 304 73
9429447.558489656 360 85
9438516.546161070 137 99
9477336.425237020 304 91
9480992.319441078 280 88
9495611.616337774 420 71
9505248.770053901 355 68
9510667.678405901 170 82
9514882.226876192 176 93
9521540.506687829 212 63
9521666.321897417 389 91
9524992.527023660 124 60
9530218.683734732 500 80
9535596.072378526 441 93
9537600.449714975 411 78
9539712.873437162 112 71
9552319.929145895 278 87
9570615.884594623 471 96
9577746.360510435 380 88
9584432.889786836 296 92
9598377.632528137 399 77
9599115.863948205 182 62
9607789.731533930 102 65
9608620.303793747 349 74
9610921.718300469 247 78
9613182.425086984 502 84
9641798.372325823 466 97
9645370.653008610 56 74
9646690.768856464 373 66
9648269.052423237 210 71
9652408.768217448 275 79
9654405.650969237 420 72
9657890.241327850 121 100
9662105.917183125 485 67
9676333.188936222 70 96
9721293.803515296 379 68
9745734.396052659 145 81
9749348.845014153 296 96
9754260.246800819 393 65
9769314.387154736 332 97
9776395.977111511 447 75
9781219.796387332 408 76
9781587.397161646 210 91
9787146.989747774 370 89
9791770.336803028 271 94
9805219.596398095 508 87
9810624.881976748 440 67
9817764.619579902 450 94
9823477.618722508 407 99
9823790.710871305 172 89
9845056.461792249 285 76
9847926.353947772 321 89
9868951.963586664 440 78
9896473.642112039 363 98
9898391.868217500 329 90
9899987.666495029 78 72
9909302.935455844 355 79
9917623.207020547 332 90
9923815.806039426 422 90
9926191.053620927 183 99
9934697.821727864 380 70
9941805.928495541 455 81
9953222.938832020 375 79
9962705.667931562 166 69
9967591.345856093 222 93
9969482.201768285 479 93
9999242.517726829 231 65
10001963.015199957 511 75
10006586.898395369 240 98
10013813.013158247 299 85
10015845.356356064 36 71
10037314.054629626 80 69
10056641.023967892 483 66
10057837.757951431 512 87
10059918.351636849 139 60
10060505.000927987 245 97
10089321.614451308 332 77
10091264.092815492 190 88
10101758.554397250 432 68
10109715.982710751 42 90
10110973.346880026 359 66
10111628.268001938 132 97
10117193.845206387 452 91
10133271.802348847 216 97
10135648.769216731 259 60
10136238.563123394 400 85
10136983.600031445 217 99
10137450.196964515 145 87
10140103.509162813 150 98
10157764.056363113 230 76
10162325.763446935 125 70
10168280.352845203 435 65
10170462.779661614 250 61
10170505.190715136 132 83
10216468.677515719 329 74
10223775.565157196 53 100
10226324.139131039 445 98
10227185.647774011 32 94
10229650.209105082 155 77
10229833.570492011 148 89
10246098.175447432 186 66
10258227.676257391 280 86
10285820.062033035 173 79
10294304.885041961 297 83
10306335.700685503 72 69
10311510.084479610 79 81
10312408.903334919 426 77
10326979.983679937 373 60
10327643.330684064 250 60
10340633.407805754 340 82
10340724.081494745 155 93
10355632.332555499 231 69
10361090.279037142 73 68
10363141.255985605 240 66
10367527.782106338 370 69
10375396.625176253 300 87
10382386.506492537 111 88
10384504.673030779 241 84
10385277.053599359 233 64
10386809.621602001 229 64
10387369.771204321 303 86
10404206.617798686 305 63
10410881.185205545 94 90
10428178.958362013 331 95
10428835.158403737 219 84
10431633.071430935 486 98
10434849.585471364 356 85
10434940.551902130 186 76
10438708.852311026 155 100
10443342.205427818 159 93
10453014.832691962 113 72
10456415.643933380 282 71
10456887.315178923 110 86
10462508.544276552 101 87
10476230.204123033 328 95
10477238.154656006 429 68
10479404.121052647 298 76
10502898.121631211 151 90
10505157.208290599 488 92
10509125.702687755 504 71
10518272.718684677 279 96
10519792.611406580 468 79
10530473.689460976 324 81
10539050.911477294 362 92
10539058.687291482 301 84
10546922.144523650 173 93
10551093.814711781 63 79
10559115.588189451 332 72
10559252.222434511 371 85
10565381.451484146 231 82
10566469.403306421 241 95
10569669.745515307 366 92
10569819.406099299 40 76
10579565.623065097 200 74
10586232.086784510 424 72
10590950.908623794 277 60
10611676.216688788 118 67
10646839.677178567 251 89
10660501.940306364 445 94
10661587.182831392 81 69
10664364.330187295 333 89
10675102.775597434 456 82
10693390.421304835 371 90
10699133.902719745 502 98
10699381.490049412 141 87
10703391.457183531 86 99
10707165.840255788 397 100
10709416.570080690 461 60
10712799.303826196 305 65
10713466.409057079 234 64
10713599.371428149 153 89
10721066.642920466 344 73
10726603.787382839 322 69
10765350.233183283 510 78
10778142.023601534 128 60
10778176.777501347 394 83
10788468.028273262 94 84
10793781.784728887 351 93
10798678.003486143 234 94
10829276.552332606 87 87
10835818.843299724 410 85
10841812.827941097 508 92
10845536.475570112 308 84
10850825.531449897 216 74
10869153.043065982 222 66
10886881.977927726 509 89
10891298.866252778 264 95
10892462.897484414 490 76
10909084.032052273 377 76
10910785.796318781 52 100
10920629.915276550 80 73
10932978.462096207 191 86
10933993.440650141 41 90
10935046.404693102 266 63
10936509.559016086 117 80
10940503.861974008 440 60
10946756.800269138 465 60
10949312.286272708 433 75
10974776.747409660 426 60
10997184.471646929 115 93
10999663.783257768 311 84
11011269.660364008 295 72
11012764.302293546 496 100
11015398.230070075 233 70
11033305.491133960 340 95
11069169.185516289 467 60
11069945.778897304 386 92
11081020.534705555 339 75
11092791.991982391 383 64
11098435.011406831 399 95
11112007.851687083 381 60
11141410.200552905 256 69
11157199.016552845 49 83
11159240.968344942 295 73
11160464.126844773 201 87
11176517.677841332 392 70
11178064.144593490 204 79
11180078.073819283 91 95
11195311.579685094 329 80
11198262.916232996 231 93
11216107.538156362 64 69
11233961.430885434 36 64
11235919.468357045 379 76
11244689.703541124 155 71
11251653.004116032 293 70
11256138.581505857 54 73
11268088.911218088 288 98
11285535.980505263 436 78
11290189.772290427 447 69
11299168.793890437 449 67
11303372.978482369 385 95
11304664.959914437 145 86
11306436.507007569 306 85
11308481.911899628 71 99
11329193.421849841 344 81
11339774.983420864 176 78
11348464.638894768 252 74
11349302.318796176 170 84
11373983.433545433 119 84
11384413.869607698 99 67
11391514.587368041 304 99
11398001.764556097 285 77
11408106.579632040 438 69
11408722.488669502 222 90
11419209.191207800 391 78
11425742.891575476 360 72
11427454.772434162 505 77
11431382.852957189 410 60
11440377.693526408 233 100
11444036.847831948 271 78
11448239.060880218 215 82
11462346.581883209 475 67
11487876.650611544 512 83
11501758.048298443 232 61
11512448.879436601 198 66
11525015.761876656 416 79
11528154.344499627 164 80
11535971.026230106 397 76
11539003.890031332 338 77
11540759.104616158 512 82
11544036.890353240 280 82
11545545.556480670 277 95
11550120.794555726 376 65
11557085.230484448 283 86
11568164.498663398 103 98
11580773.754612802 271 60
11587012.479576871 291 97
11592885.161538756 236 84
11597169.959929528 142 76
11620999.373999584 426 82
11627997.694803670 247 63
11629705.376001440 139 72
11643272.589776672 76 83
11649064.908495089 405 64
11668029.659424273 130 60
11691441.026066115 248 74
11697090.281232338 472 90
11699784.802344181 41 84
11701092.481336389 373 93
11703154.825405046 310 70
11709348.493428018 330 71
11739108.148672586 366 96
11754168.735315694 45 92
11756052.294418108 239 69
11756576.608324906 273 96
11762029.072398415 398 71
11763501.912119430 507 75
11770543.244062914 440 90
11781306.081196884 507 75
11781681.919914816 243 69
11782654.551123891 378 73
11787184.200910538 306 75
11790070.286876217 257 95
11797004.312636124 81 74
11797207.233262921 305 70
11801118.647157455 475 95
11808205.888296010 509 84
11812326.571063431 332 70
11817070.318244070 206 68
11819126.945199911 147 87
11819435.104235973 474 81
11820765.522633171 219 65
11838222.504384311 239 73
11840043.669806752 386 99
11849617.623996578 279 76
11862655.120939706 332 89
11867155.220431475 84 83
11870014.721559737 381 73
11870021.321035288 201 75
11877385.701163005 412 76
11887408.481917312 179 91
11915355.825849328 267 70
11919868.363631383 461 65
11920743.299016975 222 87
11933893.943412878 124 99
11972264.765751924 212 95
11982295.380903728 370 91
11982337.371947721 305 78
11986440.552585915 303 72
11991884.702786537 445 76
12037858.532557130 127 89
12046272.401535906 220 85
12059668.162213614 254 92
12071407.350381369 324 62
12076329.365399752 74 89
12084085.625803962 316 97
12084111.030892005 407 98
12087507.975507606 260 74
12087637.628151551 510 67
