6 6.106464419 25.634944400 0.766265324 611057 14
14425.673878235 336.674290854 0.193726263 0.003568360 0.000000000 0.250000000 0.750000000
8
1 0.329379498 2.654116996 0.200518418 1.247410225 3.703478442 0.326371147
4 1.070157147 10.616467986 0.651486263 2.123870651 6.305631470 -1.000000000
8 1.928959248 21.232935972 1.174304591 2.771324911 8.227880339 0.725086641
256 -1.000000000 679.453951097 22.343862004 10.482970304 31.123245391 2.742753725
512 66.157034650 1358.907902193 40.274831935 -1.000000000 40.611053797 3.578872244
1024 -1.000000000 2717.815804386 72.595421826 17.848557370 52.991186161 4.669878459
2048 214.944839720 -1.000000000 -1.000000000 23.289625308 -1.000000000 6.093473959
4096 387.438272467 10000.000000000 235.863221371 30.389383061 90.224068072 7.951047381
1279
0.000000000 400 61
4852.520056472 394 94
48159.436950832 51 90
52174.897913444 313 96
52511.465438915 370 60
52636.756671859 120 83
55208.794614576 37 63
176172.765501379 239 63
199228.974202255 467 65
215037.205662547 291 60
226244.679510716 86 78
233428.068402617 454 90
236385.693193310 303 86
258666.819575840 434 97
271575.187911612 275 87
275264.043848133 186 78
284613.838280137 496 73
297179.466089969 236 94
306225.592821854 150 61
324425.264629525 405 60
347995.712539295 455 62
383640.291979429 430 63
391483.934785230 272 81
392963.020956570 455 83
411161.819471842 59 100
411593.797082163 101 97
425381.807948070 107 71
428138.353726816 390 61
445922.161451548 119 91
466245.172315946 267 94
476309.562376951 145 94
484368.073371454 94 65
535794.076784628 91 91
614673.697334286 337 77
626846.007575178 132 89
641906.737049377 223 62
670490.311649055 320 85
727489.917754360 392 99
740466.169577611 279 69
756194.546051673 105 79
827282.532267846 74 77
878637.184594314 359 90
879798.600189909 420 100
902073.611812820 300 100
928847.021202397 364 70
939776.461517108 207 98
963646.306464607 501 85
988967.083757498 245 95
990656.572648373 243 69
995523.591039207 149 78
1003688.167639429 426 62
1037220.291942746 163 62
1039025.628297690 381 95
1051390.887359750 376 81
1053773.150557938 376 67
1066841.458223224 343 100
1076372.978826718 365 89
1094790.148090852 321 66
1128105.631268206 66 84
1131690.500763181 44 95
1175171.459846894 274 70
1175709.997657757 299 81
1176382.833670037 338 76
1243112.314821776 179 70
1253291.589485337 182 75
1254487.238883708 244 93
1257301.137241044 211 70
1257801.391474779 156 97
1345510.923192427 145 85
1353798.085786375 330 60
1384551.140533755 456 65
1409592.887281732 33 76
1458287.501606509 266 90
1469173.419768153 368 95
1477101.021707470 318 78
1514078.222943586 84 72
1531504.883944054 244 89
1636508.247352138 294 100
1640375.201429410 92 79
1703348.663065260 238 92
1754245.555861935 331 83
1761177.211705342 282 91
1767009.556123947 492 89
1778734.533840592 450 88
1781191.666479445 493 77
1827797.023262506 141 91
1844235.697884789 157 74
1847082.950020749 402 69
1855785.279091955 86 94
1911092.772285811 77 89
1918584.696731568 175 83
1973079.641200130 319 66
1987784.539891836 188 98
1988240.111009314 50 92
2025196.027048373 62 86
2066353.023584428 93 94
2079337.390064072 156 69
2178046.444302546 393 83
2192224.225113866 259 89
2242716.889877624 309 81
2259752.083483705 260 91
2271129.785286456 172 89
2276262.941712740 400 70
2299670.324454321 381 93
2309416.539887877 113 82
2335590.299088150 487 100
2351524.117977926 207 95
2381970.107945715 169 86
2409938.963132309 117 75
2418525.886337833 498 77
2436284.514391776 250 84
2461013.626508982 144 68
2492108.970015028 343 69
2497631.311802095 40 74
2522587.481886424 403 81
2558140.741363110 242 70
2579563.164825104 231 95
2589288.882368997 92 74
2614852.281270816 503 83
2624555.142530320 462 81
2649956.540558700 503 77
2664129.427150277 206 83
2668445.698787776 367 63
2685688.664541123 498 76
2696983.370265906 71 96
2698669.030030827 153 71
2700824.605668681 498 77
2732564.763129146 100 64
2774869.468807048 142 83
2809859.900005044 257 71
2833852.842321351 308 94
2846802.575243878 285 79
2851333.116192531 112 71
2890030.658551631 104 81
2909817.485006541 268 64
2921685.074596027 105 88
2938039.708020241 500 78
2973343.717107312 201 80
2985109.119637911 235 86
3014759.350465962 209 81
3016439.699168781 99 71
3025850.474506001 432 63
3069818.399538094 474 85
3070755.263956248 36 71
3071385.116823347 267 76
3078963.112408945 154 86
3083239.838528743 54 88
3105054.421905346 441 77
3129369.951357636 190 65
3135033.376571309 49 74
3174900.539242497 367 65
3175774.980712096 266 71
3192493.685637713 430 67
3202265.734417893 134 79
3230278.115905585 461 73
3254036.074930551 48 97
3267950.818248228 294 80
3274044.539034032 136 63
3285491.059450245 165 93
3301455.250729575 404 73
3308840.774729425 236 65
3308888.426297000 162 60
3324197.413701787 278 100
3354645.278784971 184 71
3372400.580840606 371 73
3376440.585870796 116 78
3390429.527378503 57 92
3410386.047755722 174 79
3417305.825218888 298 96
3426235.236304311 361 84
3434138.892478168 303 91
3451603.817991860 306 78
3461531.800680461 394 91
3461880.681344317 508 95
3468107.287255947 413 77
3515908.189961118 483 78
3520100.388305039 508 60
3569985.907790927 139 65
3586278.899077770 128 72
3596138.448732704 410 75
3597842.338152597 320 69
3616377.340545857 82 93
3621280.735643510 313 62
3624975.816044808 38 87
3632366.788787304 158 98
3640003.878104440 436 82
3641006.771519999 283 68
3699211.677278891 68 81
3706261.873371206 124 91
3725994.514213204 416 79
3753902.626144163 208 78
3768948.254686296 132 89
3784738.264043539 463 83
3848229.564157694 416 71
3888406.533210148 479 74
3891569.829543669 149 86
3894615.783374659 242 70
3932223.253006745 230 74
3963327.095342509 433 65
4033593.114248978 319 99
4056750.948746116 135 98
4119440.976861528 166 64
4149228.473467700 177 60
4158079.092981816 62 82
4173973.963177798 62 74
4187354.482095525 229 99
4228665.413043245 297 86
4242925.748551981 45 95
4336150.843210491 182 74
4338724.263809221 258 79
4361326.611723487 495 95
4383437.269374004 100 69
4397438.720936051 268 91
4431394.672612580 48 66
4438955.062262894 303 80
4441016.634696843 423 84
4477052.076976980 303 98
4484688.342801522 172 87
4487926.099371345 456 65
4561276.971616091 340 71
4564859.910230857 306 82
4578532.952020299 165 92
4621857.307436128 276 87
4638458.856780977 134 63
4641975.130385342 482 60
4653556.657438429 189 91
4676625.762637063 490 96
4742582.909732176 124 87
4744227.074685727 367 75
4754053.922281817 84 86
4758929.675811757 471 80
4823664.806145160 494 89
4870711.947773098 387 98
4913239.152986017 355 69
4914979.400240587 355 89
4920169.132559770 167 93
4960399.387105370 313 71
4966515.534664049 331 68
4969058.007026661 211 68
4971908.536134277 129 72
4995625.740849875 103 62
5032304.732603862 143 97
5032477.423260745 351 78
5096407.756081858 254 61
5100454.496683723 67 92
5126689.711802805 296 90
5146245.337419853 297 66
5155217.849631879 380 79
5163154.582487152 442 76
5190650.527322364 429 74
5192914.859025267 133 61
5195050.672236668 198 68
5195467.322346139 292 63
5203942.762571533 370 99
5205121.467634264 106 76
5205212.487657426 425 77
5235442.090057478 379 87
5256056.998334055 150 99
5273702.205174579 111 80
5304877.906157667 418 82
5305958.925995025 76 67
5312075.568673436 506 60
5331363.929785198 280 71
5381860.058371801 321 73
5387210.661708805 212 79
5456952.782968882 494 85
5476114.418633667 197 80
5479590.120508837 505 60
5498419.656674794 123 78
5498425.517997865 417 70
5579556.413760652 139 98
5588077.946027518 180 93
5608113.398083244 506 100
5688031.403983980 357 95
5696819.494166880 364 85
5707388.346283672 376 86
5769032.332084783 179 85
5789364.046555956 447 81
5817415.931086654 459 88
5820542.404807868 229 81
5855455.780458719 494 89
5857556.539262228 494 67
5867730.449135677 393 84
5876126.936829705 34 87
5889687.195106326 182 78
5891953.693129651 176 66
5894389.153859545 388 78
5896217.085059131 381 67
5942704.157563055 95 65
6038219.460616186 305 65
6043715.533770530 185 82
6045732.456759341 103 63
6108486.444629166 454 72
6124831.571315462 230 78
6135754.693828830 373 67
6142213.148646572 59 82
6176190.268888875 128 65
6201747.004339940 247 71
6204368.220295360 308 73
6206785.083390902 385 70
6208851.488852578 334 76
6241584.776775657 288 75
6293928.318656744 327 60
6316800.156459819 338 78
6333555.460359687 68 74
6339422.709541581 204 95
6343280.685351771 115 74
6352014.132947041 509 83
6361186.313572913 211 65
6376470.075563997 327 71
6397474.700570349 476 69
6405515.408458951 177 71
6458776.270711764 405 71
6488434.094985572 453 68
6558194.553368838 384 67
6565196.969662639 61 100
6598266.759280530 184 92
6615228.003486380 451 100
6663341.820916565 244 100
6671285.810868767 504 64
6738815.741407458 79 88
6743225.562588172 240 96
6774186.032361733 468 81
6788236.929446865 282 67
6828836.959819497 148 73
6838348.986309375 467 74
6864313.420668251 105 85
6885509.286846516 160 100
6888841.674165886 251 71
6922416.021068044 495 76
6943776.348494166 60 82
6955314.503851898 265 74
6973515.156206969 420 80
6984172.296287067 70 92
7021395.477071203 142 97
7040547.341297596 468 89
7056274.857186387 241 78
7061235.745747645 111 85
7089247.883696526 39 68
7110933.612072231 110 84
7113983.939624089 225 83
7126689.522937547 272 98
7162332.808398419 412 70
7186226.232888923 141 100
7187512.423093025 267 60
7187924.316852292 308 73
7233263.440873787 262 74
7273499.536987699 393 97
7294633.666159934 342 64
7335580.055285022 100 60
7336613.697730662 246 69
7342888.343624759 323 100
7365857.603845367 312 78
7425199.336832663 196 85
7460826.007714337 138 77
7471194.144843054 470 67
7485634.232572866 444 74
7500019.822603934 213 76
7512883.101528307 467 74
7517931.956724219 207 69
7537979.369202309 457 99
7540711.876713043 458 96
7577393.388106558 416 85
7581730.570435739 452 95
7583398.755134593 486 82
7593334.819100956 444 70
7600906.423190572 92 94
7602696.377918080 163 99
7613906.711844437 390 96
7644546.704312200 84 94
7669798.008886393 285 74
7684289.442371040 184 97
7688891.978449017 371 64
7694168.841799558 494 92
7706551.322138538 510 70
7719532.730561440 317 91
7738860.837070116 405 65
7772284.141125566 248 93
7782290.171447281 394 69
7854655.529753288 227 75
7867342.276089658 81 93
7870152.860352071 375 66
7952216.936612108 161 77
7971115.585219421 115 95
8017894.590507179 427 67
8032359.316888416 238 74
8038227.592076622 474 76
8054907.179658419 300 77
8056913.793662555 254 92
8098012.717655810 176 81
8120728.640616423 324 85
8133331.310924611 251 69
8143898.799725379 62 82
8146209.701482459 249 78
8186779.449683125 429 76
8188162.266779063 264 65
8196843.668205386 341 100
8218411.145430564 398 87
8276877.945793686 119 61
8303633.774598372 156 95
8317940.765896859 257 80
8370051.899901313 128 84
8386609.263416969 294 76
8398188.216355372 336 85
8401809.644396534 499 74
8446353.517414428 358 70
8510702.395709522 183 76
8529980.449618090 289 64
8547594.373309141 153 78
8553110.675438840 323 76
8557131.946896819 170 73
8604641.464340296 227 95
8629989.747950403 148 80
8656953.167573068 58 93
8657191.282102039 87 72
8668298.427565981 175 100
8695447.979219973 190 60
8747586.074486533 56 65
8791014.273412211 234 72
8794740.087575395 502 76
8820857.279467238 119 98
8967115.984135626 139 88
8970004.798854267 258 68
8975636.499736294 248 64
9018180.371692155 187 82
9022086.112978341 471 60
9022424.147845190 327 94
9023089.247877756 252 74
9069960.707236519 121 62
9129184.941875035 119 68
9202392.086145852 121 66
9203174.907890875 388 77
9206960.133317750 74 67
9211683.123509172 370 80
9224240.910815120 300 91
9249642.242290288 316 86
9294236.961897723 254 70
9306487.459641801 112 86
9337468.974614153 388 93
9344178.414540632 404 96
9373380.101463249 43 63
9383932.720464330 285 80
9399739.237187890 235 60
9427918.591428524 217 83
9431285.403895613 372 82
9450610.353861958 279 97
9554021.562189780 89 95
9601755.838177089 265 94
9614847.427294765 37 92
9614926.229335817 255 67
9633542.990006281 391 71
9637200.014861355 497 98
9656256.800745958 436 83
9661351.252188230 340 90
9709781.331492031 448 74
9730627.146830039 335 82
9740912.760630574 102 84
9752892.134122357 83 69
9800479.855396599 460 96
9812335.293106059 102 81
9822826.116409510 313 69
9825504.360793134 494 87
9830498.903362721 475 63
9831435.017750807 375 87
9840787.935995109 469 92
9840814.881501170 349 91
9841023.037068253 341 85
9842722.508264668 509 81
9851615.854347050 296 98
9856699.765284806 99 76
9868420.787003508 427 70
9936613.455390155 446 61
9949822.045059245 149 98
9973505.781417379 228 90
10012738.900463013 48 74
10054774.084775329 254 97
10058849.254553514 321 65
10095029.613606703 146 83
10096131.063342979 461 72
10099575.608121615 81 84
10162502.010447884 475 96
10206203.362826886 390 65
10231043.611997342 170 90
10251670.863071639 302 76
10273451.613909047 342 75
10346765.582971962 277 86
10384283.652597617 484 79
10427067.848379426 438 78
10457545.972231610 460 80
10495274.895347098 179 71
10518843.120882239 412 82
10582064.141505219 456 85
10590441.102401832 318 90
10612627.500005458 100 77
10619538.717848463 243 80
10628945.291449651 190 65
10691100.913334770 77 79
10697097.793225514 383 75
10706856.268338706 270 65
10739279.115035526 315 73
10776430.419383816 117 65
10778561.094835309 178 78
10833287.074790787 192 97
10834438.546845987 92 66
10842312.807361752 52 73
10844303.116121562 51 87
10848195.028145213 404 61
10849689.670124445 252 63
10857644.446682058 182 80
10880912.675185038 112 95
10929490.296317007 141 77
10934751.786280859 232 99
10937549.198553436 150 92
10938525.759636033 122 84
10941685.112148212 99 83
10984004.272622012 64 97
10989603.437023478 276 78
11007710.057966717 126 71
11052353.150454219 243 66
11093347.807101449 110 95
11135011.727201261 409 75
11190248.741008105 76 82
11217515.097838318 453 75
11244309.475500355 350 98
11248480.403083712 472 76
11271610.068826046 315 63
11282297.074813124 206 90
11306586.886361541 174 89
11309179.706020070 59 91
11320689.046143528 455 67
11330065.201982029 490 68
11388393.892452903 279 63
11412778.016734341 492 62
11415440.995714089 245 83
11419255.773502605 108 88
11439326.723565537 44 62
11478514.651116194 336 89
11496150.487796944 387 73
11497809.527899802 235 83
11516709.384656193 210 84
11529231.124630701 193 93
11590365.086406093 232 82
11653211.738556152 182 92
11719794.462851787 135 69
11728365.205934586 418 95
11761800.999599233 68 76
11774882.664224902 156 76
11787443.888750648 395 75
11812879.149207313 195 96
11826665.016919786 192 62
11872216.146303315 259 65
11873744.342149436 374 81
11915843.055138372 391 99
11935886.615354933 89 73
11945393.132989878 317 96
11975072.373623481 33 67
11985430.219468888 40 77
11993644.011958020 155 65
12022081.610716531 141 66
12057807.151676707 277 96
12072133.509686001 161 85
12099368.476020819 59 82
12101644.919901162 190 99
12103338.696925471 113 94
12119101.035007304 125 94
12136422.581529520 498 85
12140904.498318084 85 68
12141080.697535919 206 80
12151065.643341152 463 74
12153660.926804708 116 75
12175721.893213069 80 88
12179622.454291986 414 67
12236209.537782693 89 89
12237836.776446003 141 90
12265900.941911982 236 84
12268430.089739462 411 85
12269381.479181549 374 74
12283794.728369504 59 76
12295451.498882251 262 77
12304654.861450898 105 69
12319006.182800386 120 80
12326539.313641101 421 92
12344850.768287152 258 88
12344902.520983394 426 86
12358294.440975729 192 71
12369219.597209610 407 69
12402406.293700729 146 77
12413743.954883605 243 66
12430849.430044413 256 63
12432113.917346282 163 62
12452091.168581812 440 96
12479083.355531732 241 86
12504194.136384435 150 87
12541543.607504269 111 99
12545630.758321920 317 84
12586748.212753013 78 81
12597054.381699748 33 93
12621028.358376572 188 83
12628812.254155274 71 81
12630684.867959492 498 65
12630759.241180256 348 96
12635791.848997027 454 82
12652221.051304586 192 96
12726107.624412464 169 92
12762507.581871029 260 76
12767373.291976655 56 94
12776270.370227888 189 90
12810775.566197062 340 66
12824395.831096074 275 74
12835049.094922325 168 95
12835789.559517786 410 85
12846742.056249581 381 98
12862252.007167883 260 77
12877002.074358808 440 85
12891409.294012249 261 67
12894233.657143457 486 98
12907288.169785935 255 91
12990264.601983923 310 73
12994652.537898617 111 94
12999381.434532689 315 77
13009630.498572348 187 67
13035590.027229857 502 75
13039480.280702502 55 69
13085474.548560297 100 77
13087530.433846433 467 83
13106211.405394921 322 88
13110818.359744688 265 86
13117889.529046487 337 95
13121691.262956465 102 100
13147593.734834364 120 87
13166866.961127326 185 94
13189048.383742517 406 71
13193379.855423737 270 84
13197302.718466043 378 92
13206357.634781729 502 100
13209940.662079355 412 69
13278710.601149112 380 90
13289438.823846621 113 90
13337841.745897643 191 60
13344402.750876693 339 66
13360423.788631422 243 84
13395725.445074186 481 98
13426596.456069076 168 99
13462882.546446351 453 74
13521005.913512349 68 85
13533967.473797534 216 88
13544936.967359664 429 70
13567456.617703045 388 92
13592223.850777702 376 87
13627914.158789372 447 95
13630722.478682457 215 79
13674553.240082299 494 84
13704215.960070277 71 60
13733717.059173526 404 95
13817835.225321749 81 95
13824553.862069763 443 87
13830849.575928727 202 97
13857393.749571832 164 62
13979502.923428949 418 63
13993755.523382360 81 83
13996561.282518726 39 95
14013778.650668887 379 87
14015104.396001609 221 71
14038227.249443401 236 61
14061557.486012151 141 100
14068041.953829203 141 60
14120754.848849468 427 96
14142198.600478118 299 80
14148640.535446260 462 95
14177316.264826085 400 83
14182166.896531960 462 90
14195288.598615006 267 98
14215151.785937738 46 71
14218803.991019920 423 87
14263909.365146866 112 78
14300921.086045282 303 67
14302613.587535065 234 82
14312958.380066421 243 74
14365003.911069674 32 64
14444564.916390013 98 81
14445740.155212333 296 71
14520110.017940979 212 92
14525139.802451717 92 68
14538131.765376491 468 88
14602177.713226546 61 92
14651500.944919709 153 93
14664146.387136329 153 67
14687212.236915488 328 73
14692001.471041035 508 90
14721568.085495317 166 92
14744327.880865080 58 77
14754696.262685830 433 98
14776856.991944296 191 65
14792573.128445201 399 62
14818267.456973486 208 83
14915279.686676808 251 78
14996535.210355636 344 61
15024972.130845472 284 68
15084957.906641712 154 69
15125771.374448344 178 70
15131662.330679888 501 85
15143577.881510830 499 61
15150169.512640480 52 99
15185185.886043498 92 96
15201459.630208923 72 86
15234169.648994541 172 82
15235083.498541072 394 63
15238909.244963024 302 80
15251851.128643531 281 89
15259213.221155522 464 81
15261849.483546318 247 99
15266180.813352376 130 69
15266993.143317487 185 97
15267315.638215795 56 61
15358277.480198354 82 90
15365815.670370262 241 90
15388629.425588220 74 87
15416487.393868132 351 75
15428293.219527923 194 84
15462982.737372041 155 97
15467654.368704472 225 65
15519114.767806744 44 62
15522183.716042809 173 77
15555302.732298490 101 71
15557031.953125270 124 95
15558484.853101484 232 61
15648700.674903868 489 83
15665976.123797370 294 84
15678302.642642835 33 86
15679208.771982634 411 69
15701294.305080459 327 86
15715337.533567512 380 91
15715704.958074039 404 64
15754371.330122197 111 86
15779305.530725962 83 84
15801338.611104127 356 63
15840487.566341797 147 98
15846063.643906301 486 97
15854503.554868855 83 92
15944810.197736733 256 63
15951717.471966058 370 90
15970218.056772592 328 89
15973137.254629435 401 77
15975051.856345147 349 82
15985051.657407308 199 88
16067092.039469108 458 69
16077810.596030261 433 70
16081999.810232382 382 95
16148823.243286448 99 69
16149354.530359324 335 92
16159457.435674531 156 96
16170491.849181155 502 63
16185078.872002641 385 88
16263344.470133739 219 92
16320097.000774637 71 93
16334213.451437077 399 98
16351588.111777442 246 83
16397951.414900580 132 86
16408905.338591540 452 78
16410697.995876620 167 80
16418731.729805794 439 71
16429128.624673419 410 76
16442380.643467577 508 99
16484591.874486824 465 60
16486875.251256125 504 79
16499003.164583845 292 63
16517058.721826330 291 78
16518337.389137151 316 81
16521192.496586606 458 91
16546339.881689770 156 74
16557114.390526958 375 93
16621821.035372337 376 83
16687548.013427844 422 65
16700351.711092090 180 70
16707686.860120563 469 79
16754437.370269433 145 84
16783584.941447530 181 71
16792332.735743716 79 92
16845499.007976677 426 74
16849913.372264303 310 60
16859359.730793945 287 83
16981698.737746201 112 69
16997805.529335335 293 96
17000878.092501879 506 64
17009681.959855177 178 99
17018602.081990652 512 79
17059198.469379641 343 77
17084993.884424262 376 88
17138038.326562073 63 60
17179140.449687913 502 70
17187143.653212044 187 79
17190029.224823695 39 75
17202054.739089455 165 98
17205086.051680081 56 98
17209908.841743901 484 94
17248869.145500042 76 91
17267557.593498692 98 97
17284912.619264934 61 72
17291189.551112011 106 69
17335720.524891976 263 63
17343345.357335240 227 72
17357755.321138002 116 76
17393730.479218990 39 82
17398334.308060005 384 95
17427971.618738551 462 67
17429019.997402966 160 92
17448865.626249820 432 90
17458634.990693886 317 67
17476663.086468682 170 79
17523836.114066448 420 64
17524266.727246657 300 80
17584146.541512225 61 88
17609591.222931560 80 68
17642080.222763121 201 98
17723186.483894002 228 64
17730241.477837093 418 90
17751333.838361926 464 74
17753107.908183124 307 82
17769168.853945933 146 62
17785793.852695946 403 79
17798848.892989144 460 81
17821667.171332717 282 85
17830700.787815403 342 90
17840567.712323006 364 95
17857921.407593712 475 69
17891139.976061907 437 82
17897283.610382248 497 89
17916622.593451530 212 62
18023416.131520245 229 86
18059801.370752715 362 89
18062669.905101463 49 62
18108292.842184152 510 88
18126662.578547966 149 86
18131744.061830018 282 90
18159205.041098744 390 69
18168482.253597755 408 79
18175302.848386128 124 60
18225271.322668023 52 92
18225311.173446428 207 86
18253886.557460316 344 81
18265285.225478660 75 90
18276416.160062566 191 73
18299633.402919695 175 60
18340496.745665956 384 88
18400712.580337416 431 75
18410899.288164862 395 84
18418222.266064815 265 87
18423946.964952316 287 66
18471708.434610400 204 98
18474637.321531817 43 73
18507812.635682378 40 78
18513791.189220253 284 71
18513864.433477201 484 72
18530552.807744540 491 67
18573546.992640823 318 65
18583701.169892311 118 81
18596419.616410706 123 92
18654956.910805561 324 60
18703503.340978760 155 62
18707348.090508953 393 76
18725753.750787441 310 72
18736378.856455851 344 90
18748715.637341231 86 77
18750692.482360493 189 65
18762281.262619369 113 69
18770743.586725384 295 76
18788453.335218742 401 61
18793390.745906420 197 71
18802629.061037023 137 99
18814601.207382094 310 62
18917020.153263915 198 88
18926439.361829299 482 68
18927778.335716199 501 90
18961865.000281811 62 93
18970983.576126579 318 93
18993018.486697681 158 89
19012706.187395863 89 91
19016038.746173132 194 81
19024635.563835926 57 71
19028614.918169029 401 66
19033000.422766555 202 79
19033009.038495954 476 90
19045394.876521084 218 92
19134631.379710831 55 84
19151121.640610300 413 74
19165026.427421726 471 80
19183080.122773353 501 95
19193616.935004842 116 90
19202368.967023283 194 89
19213527.110193174 443 86
19283186.592541579 442 82
19285581.021804404 396 98
19308024.921629604 94 88
19311736.856306035 180 65
19328854.565780822 308 89
19373296.189052209 265 60
19423748.812240124 256 99
19424149.697605088 263 73
19440995.330842752 394 93
19474453.436645929 447 94
19485226.709669303 217 74
19574344.589720093 363 85
19651582.772212695 369 100
19658708.107465673 167 92
19661506.284926683 55 78
19679462.694548663 201 91
19736825.637848191 109 65
19759179.374995079 439 76
19766776.164821882 378 79
19784813.989438035 341 87
19790187.794532292 459 92
19792380.836270750 330 64
19794099.578554116 450 79
19812229.225979112 214 90
19815678.157660306 355 92
19819483.169391669 504 86
19838153.776807241 76 93
19862373.432304591 334 89
19875209.184602059 86 77
19885092.092380654 480 100
19948321.386704955 153 69
19982715.001978915 362 71
20012855.332411878 343 92
20019693.285598762 154 62
20124996.698796343 104 68
20173344.190330416 158 81
20175977.737233464 179 69
20200853.569513157 444 100
20204015.470451076 299 84
20254920.618327942 191 80
20264512.914184224 453 76
20276475.940089297 391 81
20325141.903556745 303 90
20326333.925596885 298 80
20333902.330312088 166 82
20344257.571512587 328 76
20367352.818915069 33 61
20373734.097130395 194 78
20373789.638457164 479 97
20384750.562575415 460 80
20396648.422158513 511 77
20439989.743234381 262 70
20456490.098657213 203 73
20485161.732091777 113 84
20490556.709665637 354 69
20509963.732666831 323 64
20540455.925043579 456 61
20595519.182004757 115 91
20606627.599971469 129 86
20612700.070235264 424 80
20666605.302222800 451 93
20687393.812973082 217 70
20715903.232860383 73 75
20718861.481214084 93 80
20735182.784741461 152 68
20780533.615090299 111 98
20799266.100816537 79 79
20815251.781858250 238 99
20817063.072900426 102 90
20832603.219036568 68 77
20844881.919652402 96 82
20851072.137406725 232 97
20878306.658014063 113 74
20895037.130242091 336 84
20905876.864755891 236 62
20928843.800273027 423 76
20975266.492867649 499 90
21004460.127002064 454 95
21053668.003355946 432 86
21079654.386019297 391 61
21099691.263767850 119 94
21112091.168277830 314 85
21130412.121468257 259 81
21135555.311689869 392 63
21170580.418489397 365 81
21303903.972935583 258 91
21361940.348480497 500 67
21362515.065418664 460 80
21371141.849550910 434 77
21394875.135272745 229 79
21420573.401679125 485 89
21427139.493510578 61 71
21428521.124132399 241 76
21476467.627831269 501 63
21476700.343019947 445 79
21483046.149633329 435 100
21483759.880404063 421 74
21520277.055379625 214 62
21526797.615104306 184 87
21571429.252829615 269 96
21578367.249482062 436 83
21594388.744658332 473 82
21594634.041801978 104 72
21643255.548590146 303 68
21649672.232513919 132 60
21660809.300804909 87 73
21666235.914263815 174 66
21670272.002389390 157 63
21694972.775900878 248 95
21699698.723264169 179 62
21714710.835204039 65 89
21736994.957298450 77 89
21745690.394016404 155 73
21770106.867313616 489 71
21821733.013320781 106 88
21855118.586258162 38 63
21870229.054051287 378 70
21893369.015760858 46 67
21990473.607736133 323 100
21999364.069478542 253 92
22016079.916847125 429 82
22047255.368633106 409 60
22124185.567886416 465 66
22139289.688859385 509 85
22154311.462370280 293 67
22195222.549529079 44 63
22269883.524026491 353 99
22315202.022618067 128 84
22340529.114263199 94 75
22365430.937073335 455 64
22438845.978909802 40 79
22485376.017617434 177 63
22485599.120678313 410 93
22507955.834416296 171 94
22537467.571920402 141 77
22553788.632140748 305 73
22554520.391227633 343 69
22565278.590027403 128 73
22567178.312988739 422 70
22573544.890297133 344 60
22587883.281688657 299 81
22592809.551285233 308 91
22609611.647881284 117 64
22626399.030171417 254 91
22636692.824664272 67 91
22661600.981210120 314 85
22662531.178649120 279 71
22712684.000126369 475 83
22733304.528445199 185 90
22738312.055592079 116 76
22764482.240801588 257 68
22856648.410147373 317 75
22909480.748043682 149 66
22924007.086220067 134 67
22995775.957746554 78 63
23002375.776732970 124 88
23005081.602578934 103 83
23005577.454111256 264 85
23033206.408309571 472 69
23040401.487755574 110 67
23046795.322143964 97 83
23090595.284937091 256 72
23104037.654559016 190 95
23108775.615371633 182 70
23117603.123203248 294 90
23121628.682004280 400 86
23153630.630599603 360 75
23170371.781443480 188 60
23181674.319545254 108 86
23208199.361588757 169 99
23240951.082125414 454 94
23292354.713810857 479 63
23316345.139005080 178 70
23328758.243525825 470 72
23367340.071971487 57 72
23375076.430616017 219 99
23382401.853474110 413 69
23394400.422007974 180 79
23407031.959705260 466 83
23501141.933556408 194 78
23532774.526059847 56 77
23545047.362383153 108 81
23581650.383805491 351 62
23593279.874201700 409 97
23602822.308970444 36 81
23660651.320245359 425 70
23689725.041370634 233 88
23711301.498195436 50 86
23808367.729591377 128 79
23849471.730114318 491 100
23918263.625690743 34 76
23932343.322824765 495 94
23975635.915126085 188 94
23979164.648092944 287 89
24009612.201406606 505 72
24028121.519713610 462 64
24081928.745620772 156 93
24085365.842931487 273 97
24136138.490799915 250 96
24139156.915633656 362 97
24142885.512236308 145 87
24157946.174934976 140 86
24178364.794520035 385 67
24240469.336431425 251 86
24242445.458681356 115 91
24250103.901397776 325 66
24303512.553014837 445 60
24309030.124414340 215 90
24329158.873766311 331 90
24367149.146986015 390 66
24372030.229874056 108 80
24390402.755702134 502 89
24539999.036940377 138 92
24547515.862749796 417 86
24557190.495957013 403 76
24560086.282024197 309 75
24566911.693218447 275 91
24583982.578576446 158 73
24596364.232173681 459 89
24601600.049713776 93 65
24625671.438250721 282 73
24663252.808416218 323 79
24686506.175924554 364 89
24742317.177475877 293 73
24777670.113906816 498 90
24782837.225646008 251 83
24814143.670414228 295 84
24820181.123553392 445 61
24820874.166139171 441 96
24850367.817458209 277 73
24911368.392480839 348 65
24979689.656039227 500 96
24995067.463211142 332 87
24998100.774184428 307 63
25022958.921708029 300 71
25038970.949909206 176 95
25079267.957293056 475 93
25162609.247058880 347 91
25178848.082645670 325 79
25187463.060191501 44 75
25216522.436195638 310 64
25229819.680864397 380 97
25270147.688271873 97 91
25292312.219380017 49 70
25354310.740724612 305 80
25365851.601633538 76 99
25372618.889031980 183 98
25380094.599082679 339 60
25380214.417849306 42 87
25381678.929007038 466 64
25399176.098198313 46 94
25415565.142971028 460 79
25420014.377564330 131 74
25468081.511055317 432 74
25494152.568904094 229 86
25496606.353939138 238 85
25500821.848169107 373 97
25538488.509637505 422 93
25560232.290070396 432 62
25570662.150053442 210 90
25579667.074872494 433 94
25620633.547761593 165 73
25622864.932229195 47 100
25642126.709044017 433 93
25643077.249415752 421 60
25653453.634757921 209 67
25688594.738638826 174 62
25714461.799189363 505 81
25726107.412620034 282 60
25754467.739964981 197 83
25757122.681203287 480 76
25783315.769725375 107 91
25797712.754253410 248 78
25801829.766413998 170 95
25811597.006673139 507 76
25827778.372466013 486 63
25829247.360144377 129 85
25829446.339230914 451 100
25832465.106516603 407 84
25862470.734590478 279 79
25869479.120206703 396 92
25869891.935345098 499 81
25880300.114241976 219 93
25892283.802236106 367 70
25899631.652615707 70 71
25919172.172824401 301 72
25975243.391284131 235 72
26014825.104042120 141 78
26054755.294285387 505 73
26097234.174384348 389 66
26118040.154462695 218 87
26160760.441802971 313 98
26210597.320439722 161 85
26231467.358373486 371 64
26277351.091870498 501 67
26313129.932043940 57 90
26328841.670716327 448 88
26361599.971243519 176 89
26410018.322174788 445 81
26428427.589741252 433 67
26430409.288375434 232 96
26439613.631675653 64 90
26498935.759653900 283 69
26516474.662609950 365 98
26518796.433224887 78 65
26574375.963703375 486 66
26587445.148496825 259 80
26594482.258316249 468 60
26626266.472671472 301 72
26647855.389051270 279 90
26650177.801034931 144 71
26666348.335760649 45 73
26675229.346145619 229 92
26681305.143854056 173 94
26681544.783882648 242 85
26702009.639387742 69 72
26748704.547587186 510 77
26759028.473132636 311 72
26861172.490580004 506 85
26867017.539358474 167 86
26873083.871719074 289 71
26883704.645948630 51 62
26902117.238200240 280 63
26903110.699743953 362 77
26971856.545365188 127 97
26989586.025004093 66 66
26993989.046348210 153 70
26998978.155251190 404 89
27001482.502994847 152 67
27090878.068881292 419 91
27103928.821936805 311 94
27175196.718045957 499 89
27185806.980723377 198 62
27188470.670941669 60 90
27191091.394139670 243 68
27217339.157187328 425 68
27223776.335744370 110 99
27260643.713994045 447 92
27271799.143102325 273 92
27300189.387086347 427 73
27304525.379120361 198 62
27328966.509213112 230 62
27330223.186503604 403 72
27384469.999972355 404 70
27424868.918596413 249 100
27436602.658336077 38 95
27562471.702324200 243 70
27573646.735465080 73 87
27584478.706508007 389 98
27591789.607821696 115 62
27647296.542445693 179 77
27651020.259334173 262 91
27677118.735676430 235 79
27682426.765976980 267 94
27701434.056819327 452 93
27751827.720822472 77 92
27778107.151711661 63 62
27832152.918402128 255 61
27859083.945893515 263 68
27877489.421231102 273 77
27943318.947109610 399 93
27956259.111356329 310 65
27997214.152542990 512 67
28030937.120160799 401 73
28037593.805405915 77 98
28070063.733502343 284 78
28088141.820375338 177 92
28089257.897434212 431 67
28110731.054306079 351 72
28131318.562531658 362 63
28162006.151240367 129 73
28167422.650177922 180 94
28176677.509661417 84 67
28208465.050804988 35 68
28235858.541672274 202 63
28251664.500425689 414 74
28259479.648751035 400 93
28262264.455691408 236 70
28291452.428732846 376 89
28301394.810189333 489 74
28309663.242694929 441 72
28314490.926906418 195 75
28392028.380780954 430 68
28403864.406107150 76 94
28458343.846241441 282 60
28476747.306073911 246 62
28520808.364185497 38 81
28568020.049710579 224 82
28653537.540605072 41 65
