5 8.341003850 1.157978079 0.015457714 187098 13
301821.118574045 413.463826798 0.001042673 0.000557579 0.000000000 0.500000000 0.500000000
10
1 0.060273194 2.104481955 0.167274766 0.899898678 0.959868455 0.934376492
4 -1.000000000 8.417927820 0.543477318 1.997392588 2.130500005 -1.000000000
8 0.352980487 16.835855640 0.979618368 2.975763031 3.174069629 3.089773425
16 0.636247655 33.671711280 1.765763015 -1.000000000 4.728804499 4.603218008
32 1.146836987 67.343422560 -1.000000000 6.604929161 7.045085524 6.857983779
128 3.726084362 269.373690239 10.340913491 14.660135491 -1.000000000 15.221809190
256 -1.000000000 538.747380479 18.639506136 21.841018875 23.296517215 22.677813723
1024 21.821227268 2154.989521915 60.559934102 48.477778968 51.708366663 50.335107874
2048 39.332782340 4309.979043830 109.159337251 72.223349237 77.036355697 74.990442059
4096 70.897376560 8619.958087659 196.759806391 107.600065144 114.770596753 111.722545907
1652
0.000000000 261 71
264579.268588838 185 80
272916.079287498 331 77
285796.486319632 337 89
304348.634297509 415 97
372795.213191276 342 90
403926.189746547 340 68
422432.203205711 350 69
564794.052409743 300 69
914098.014413188 504 86
1379321.415334323 51 72
1443249.106175934 210 70
1508147.902804599 296 97
1754392.948605477 420 84
1862215.460141963 502 85
1893145.251854821 387 84
1947570.055504470 417 88
2018529.317080786 306 70
2141222.835730466 247 80
2144574.377801230 422 81
2178338.501990615 393 83
2190421.504362799 345 67
2383793.238093328 201 89
2512077.211501198 309 82
2531650.375411066 472 87
2756074.261326286 471 80
2843012.610765107 154 73
2983319.967752889 209 67
3010275.136825366 416 82
3061628.574090474 437 69
3093742.812119551 224 100
3131914.278216230 362 97
3141299.366734669 460 97
3396082.727026829 377 76
3452630.795735104 139 60
3492358.316637735 103 65
3542460.023143122 469 87
3563741.392393745 431 70
3594663.583790213 342 95
3776748.040998405 389 80
3810149.661475036 293 73
3870470.743752556 276 82
3944050.826394988 353 92
3994789.166594992 423 70
4018818.522144414 451 80
4058226.344637001 329 74
4412337.006368449 393 62
4441221.251648496 327 100
4657044.727684152 62 76
4752978.092237391 75 98
4780139.378239444 281 76
5182428.600427122 39 92
5263976.475316647 280 64
5478422.491740109 74 67
5610174.403700191 323 87
5738333.832454289 108 64
5834013.788717124 382 74
6019286.873475828 46 87
6065438.910056475 181 81
6069192.159814463 447 85
6263804.360397496 96 67
6412534.982572550 70 65
6429098.553622697 338 85
6449596.911274321 332 61
6519292.634208025 326 62
6579370.425290979 56 90
6693845.788754267 360 90
6723614.875209494 94 77
7141172.731712913 372 73
7552662.747926622 323 90
7568778.305550140 201 67
7664553.217421563 91 76
7725101.223015383 469 91
7765530.998960990 357 71
7774559.880344799 162 68
7965250.441215853 317 70
8009033.292797453 466 80
8389820.600375032 158 86
8889999.041934390 483 90
8904568.224110486 119 96
9043385.830268489 378 84
9050427.265100507 171 78
9155547.081068058 84 64
9284592.531445513 411 97
9658044.704799132 368 92
9834977.336926712 150 70
10107868.177639224 197 99
10305148.092056531 99 92
10415756.893071523 247 68
10501109.059328835 280 60
11195706.816760793 393 66
11246167.601888163 341 87
11408538.121081537 334 97
11570625.819822555 100 79
11838757.847393200 133 78
11912256.020605575 347 69
11924417.012021372 366 71
11935438.323900659 334 92
12185955.785051381 103 96
12435107.262463927 84 88
12920894.378821086 305 79
13071960.854674326 91 95
13206613.139400780 197 71
13409490.574228169 209 84
13454640.232225709 405 84
13601955.408649037 488 80
13731290.437421624 258 98
13795356.370809332 205 96
13973339.615373252 303 99
14084578.585895464 89 84
14282701.926298499 166 83
14371443.796220632 447 88
14831676.210952070 348 64
14870631.189458456 467 98
14887239.929942396 122 95
15010660.841384783 466 64
15055923.530363422 508 72
15390175.764705025 208 82
15413743.916303148 188 77
15452209.502845658 328 66
15485469.979233038 68 71
15674949.731546711 436 98
16134985.531402867 396 98
16180330.959630705 281 90
16286928.460417116 270 75
16485707.890794741 482 88
16571221.749728877 497 87
16605386.836240809 220 76
16692266.253124952 104 63
16742941.636302110 353 72
16992706.100789189 509 64
17033099.715706307 291 79
17247839.513769753 79 90
17296525.134661220 171 63
17321302.950130895 512 67
17654023.713221110 285 72
17705453.138251677 337 74
17763286.669402730 156 81
17848930.291998547 35 62
17863634.267492749 298 79
17934663.581675813 464 69
18240062.449849959 321 86
18267885.625823364 58 61
18270307.205370866 195 89
18386910.157838035 133 60
18412798.848093502 101 64
18470255.590654902 202 67
18659519.916556086 370 89
18704052.885048304 194 76
19036737.532229166 404 81
19228458.755034070 75 89
19288798.607179627 167 90
19324569.001604047 358 66
19414598.979154505 235 73
19526525.295512423 179 91
19565122.464562118 298 69
19783187.350502755 263 67
19998591.756607987 212 73
20354643.966835260 262 64
20363881.366834920 88 63
20364830.459876105 180 88
21027111.845165785 232 61
21031669.513352182 387 69
21035924.348850824 182 73
21111117.967515938 87 92
21322839.285222627 430 84
21385737.140619583 334 65
21548342.351441767 122 87
21729483.143733121 191 69
21884961.464514676 77 82
22304471.209386881 67 78
22443493.419802714 117 72
23001379.925854877 464 82
23048312.932679266 241 93
23117055.180508234 36 83
23137954.723202586 281 89
23346957.524833802 365 96
23518645.430884827 477 72
23598438.292965312 403 90
23609373.375133786 248 86
23640132.429090627 42 74
23960129.927696291 430 93
23982441.010008950 179 85
24122760.275843721 414 91
24346084.084583428 185 62
24421075.848058548 208 72
24465959.547050014 454 93
24518116.717275489 226 86
24544184.050481226 448 96
24624181.981161788 159 88
24793340.095186200 411 64
24899128.478326567 139 60
25011213.105203874 163 78
25084850.722459093 368 85
25517048.984430637 298 96
25699124.824708525 358 93
25851122.067065168 447 76
25943270.478692301 174 75
26032310.698763706 35 63
26336121.843085948 144 96
26368253.237622295 173 92
26427452.141822346 114 80
26611466.440323830 427 86
26812212.708042055 330 81
26886282.219139144 359 67
26937402.857471567 384 77
27275015.207578227 469 85
27488234.468669664 366 95
27494008.403737552 60 74
27718574.872685533 359 73
27819455.410710480 350 93
27963771.088177178 505 96
28182831.834698271 110 73
28280418.475546379 275 63
28413729.669059172 361 90
28604666.721844684 472 81
28616601.941261884 118 77
28875175.929848164 371 73
28941355.157774497 431 70
29007924.884607136 452 62
29022233.332586907 249 67
29164272.094985567 400 86
29248323.793895822 404 99
29339231.068602704 276 65
29582335.839067910 353 73
29620849.411230016 324 90
29869755.677299302 384 62
29876870.823781818 50 74
29960079.760522336 452 64
29997610.878046401 220 74
30485955.248219911 61 86
30580438.568972215 401 65
30884262.636585355 226 64
30905832.550819550 499 92
30970762.648545228 44 64
31015301.064147249 315 77
31230149.602766324 347 98
31372284.123497367 85 75
31418857.758824844 330 74
31462534.759540834 80 99
31682978.435111318 407 88
31834926.527093198 394 97
31859636.015111893 160 84
32098676.597898785 181 61
32169564.524206840 48 70
32202634.213690553 364 78
32407477.781926520 144 63
32576782.146895908 348 97
32737944.525532030 460 98
34021700.961186133 327 67
34359122.981218323 252 76
34407190.666915037 509 61
34644669.857177377 113 88
34695380.335469514 312 79
34754020.919791847 355 78
35282158.803227454 360 70
35331907.013135158 353 81
35438068.898065418 432 69
35605116.244627848 45 82
35626316.214625739 375 64
35673768.351747759 428 87
36950346.169102050 510 73
36952838.532950252 324 61
37218322.012387365 446 95
37301451.992269941 241 98
37309501.616952449 316 90
37512990.179234765 218 67
37900665.287860237 228 88
38189652.847605251 510 61
38400619.450049877 181 82
38463101.689538635 290 90
38691652.474601842 63 61
38741330.672435902 439 75
38813598.736490041 247 67
38862694.239415094 186 71
38863226.986779086 263 70
38989692.864124149 426 82
39309887.524553813 181 88
39379408.604404166 280 66
39486511.801216707 301 89
39516207.921693832 249 72
39878096.511091195 443 67
39909505.744515665 181 89
39911313.498293847 277 93
39964672.818073586 120 86
40142782.797334187 492 82
40555908.064098582 433 94
40572140.037382603 472 86
40682625.077761121 485 71
40843758.354515597 395 88
40864372.595598906 149 97
40995526.868691400 264 100
40998016.596561641 199 65
41227692.679708704 166 99
41297957.345071152 349 90
41441152.739460297 381 94
41628633.553463608 318 75
41653666.813065842 141 80
41777471.607442178 159 90
42170407.041538924 311 94
42276734.127701074 288 79
42899311.002093092 64 86
42974317.921457671 332 87
43150789.511309512 395 89
43338586.563943729 344 83
43480881.371230446 512 97
43869349.660839103 410 99
44021678.479517579 469 87
44056847.418111280 477 100
44171931.678854413 487 91
44273596.589621402 277 63
44545693.744363055 218 77
44563046.190649122 343 95
44686581.283980720 228 77
44993431.390054733 179 79
45006248.201454744 302 63
45347573.080884561 177 77
45650483.930004269 85 86
45658001.145101957 304 61
45693861.410026483 388 73
45830144.997634888 344 83
45995275.342853054 340 90
46008392.507831715 83 64
46707938.976388648 228 95
46963917.744565383 495 95
47094732.290688872 216 61
47243758.211008854 167 72
47262409.831144765 301 91
47369113.265680656 163 93
47597208.253967859 472 67
47658693.524983369 499 82
48038156.180828452 139 94
48189709.761963405 60 85
48197387.106592745 38 72
48603652.829156764 459 92
48822437.241990827 33 76
48949737.106872968 468 98
49283628.833519176 102 85
49497391.900149249 126 78
49675546.865709633 92 93
50164478.322250359 447 73
50180364.363157190 456 66
50283739.710420817 309 93
50453390.879469827 367 65
50570567.227849029 354 66
50858391.778496884 277 100
50909753.591257110 334 65
50909925.484535165 511 80
50971550.503699027 296 67
50986423.122838624 143 78
51036897.437653311 99 99
51137863.144301444 410 68
51350340.100811638 140 89
51391803.292625301 452 85
51506556.656739399 117 69
51790912.682367921 502 78
51836704.954652824 476 73
51984890.974943936 503 100
52021999.094431385 414 90
52104333.353893131 374 89
52225689.603646502 192 63
52319318.498888925 78 99
52442065.362789854 400 92
52451307.576418877 494 73
52484519.470844798 192 65
52562435.506244212 201 62
52706803.106000364 231 93
52755340.071890771 235 99
52983037.661352284 443 65
53262741.667916201 341 97
53481632.216256008 347 87
53714058.627769068 213 76
54078446.976917259 84 70
54155580.403868765 40 60
54162301.488795109 149 61
54230781.642365649 340 66
54478537.452624105 71 60
54554239.500275515 444 94
54595069.961389959 467 94
54799606.661964737 454 85
54946196.753143109 423 97
55004429.877515100 129 71
55115562.838552468 419 78
55284195.233393706 485 78
55952824.273090683 42 71
56017681.742286868 431 93
56031735.670897670 217 69
56385411.949130543 110 94
56439596.202111371 371 63
56529739.111765921 316 78
56593473.598963559 428 85
56815173.313323781 228 97
56984104.769124769 201 93
56993999.794345669 312 66
57142025.657150790 312 85
57319150.172374621 154 70
57515644.318521559 308 60
57676711.266105019 108 97
57765033.942113169 187 86
57835888.292120822 510 63
58184794.988690615 454 72
58343514.379036650 191 85
58511208.374993637 355 88
58548422.345022418 406 84
58669932.072170109 215 62
58859809.737799831 151 82
58919524.111801095 296 66
59282001.039567068 493 60
59425906.749936908 432 79
59685364.152542837 454 86
59749294.969667077 158 89
59795512.874748982 259 90
59834428.114684671 435 98
59884340.403902866 230 78
59911831.646741502 353 61
60128253.501829654 217 87
60266136.454096258 339 80
60332738.869079784 362 95
60368400.774517544 51 72
60392725.842108786 359 80
60406479.316964462 501 60
60424354.364899673 299 62
60500286.745525718 84 94
60561405.691318743 478 73
60585730.402626865 332 95
60590783.513577856 362 61
60805678.252884060 129 86
60853825.337007992 400 83
61238182.901823305 476 81
61412598.458272599 301 66
61631642.837041199 505 72
61825036.330636419 206 81
61886085.136644267 82 75
61916445.126582585 379 88
61986911.308424532 434 96
62041804.107538491 415 66
62220193.704658024 58 70
62239124.802955724 273 72
62300052.535128810 194 69
62610761.234492756 185 70
63189162.514540955 387 85
63237295.356072582 277 95
63372105.824338816 144 91
63699854.193628266 437 87
63751960.754106514 471 99
63927374.647095643 396 72
64169602.317707606 203 83
64210150.642902710 237 98
64427347.782099925 466 85
64614155.863696106 225 99
64656571.624392092 334 91
64784271.682818398 65 66
65009027.892514832 68 69
65507320.275597490 376 85
65561386.492216863 479 91
65953122.235071979 148 71
66054246.397679470 46 86
66174907.834575497 423 100
66275399.183598056 156 90
66290170.459314451 489 69
66326687.596018389 323 81
66565829.198858976 492 76
66762333.681596473 157 67
66824533.279101253 126 78
66936769.173091337 177 64
66943052.181149505 177 98
66970435.059153698 358 62
66980968.948338322 318 64
67248610.173874125 286 80
67462531.368377864 320 73
67634452.218029737 368 82
67650500.063864365 457 99
67698402.846270382 401 96
67807515.225082189 51 86
68114549.244744465 74 71
68150705.095122427 118 83
68286466.960260704 247 62
68362571.672570184 197 85
68503787.692691207 201 97
68655870.085155353 174 66
68708776.429582417 332 86
69157463.550843254 149 79
69804121.355071545 161 72
70148649.757449567 309 70
70402186.187918767 510 76
70557855.526685894 470 61
70784854.980271265 491 77
70802706.504244298 207 66
70828048.130050004 298 99
70847604.293399930 383 89
71083625.542212695 467 65
71231047.342885420 470 99
71598566.634584740 474 91
71733035.045434907 186 82
71892798.680486575 57 74
71923137.116143182 423 61
71958843.122019276 382 83
71964671.521969289 53 98
72000956.509463981 401 64
72044723.404942229 265 62
72274505.083455592 215 66
72275883.357155830 197 94
72351001.471609965 86 74
72355102.754489675 402 73
72361540.597962275 333 75
72470311.773191169 98 85
72562766.991920188 179 87
72819956.334491774 136 83
72910966.153733104 330 90
73090013.103948817 311 79
73109328.545289353 92 63
73189478.745788753 315 85
73346184.697622642 326 92
73455669.953238860 77 95
73648039.902288020 332 61
73651853.235871777 188 79
73752886.537884250 114 67
73781342.372882009 100 87
73880742.372467086 147 95
74278951.051769227 446 68
74586278.038837954 388 80
74687950.377237633 391 73
74886324.212612286 368 92
74941505.524582133 389 96
74981256.450767815 456 95
75304394.324473858 193 64
75376611.980164498 344 94
75573534.606457993 292 81
75806188.061660379 72 67
75848640.973255724 411 64
75849523.407094449 309 93
75969685.260416120 362 71
75972533.296352282 351 76
76043310.766740426 191 80
76161770.672817618 146 80
76294736.537495360 482 80
76298789.031598032 473 60
76521187.562583789 268 71
76622149.400206894 182 91
76733036.775283337 277 68
76743630.810725078 151 66
76748606.159780473 219 68
77266803.861597881 453 77
77446376.280373514 232 89
77490756.597529382 311 89
77512729.902605802 470 60
77642848.620122433 212 78
77774504.509451479 427 85
77832184.094227195 483 91
78041133.242048904 403 65
78274167.443902418 67 94
78536175.743718252 454 96
78839308.383302405 243 76
79013448.088462278 489 71
79069183.349802375 129 69
79081685.661100447 127 66
79248566.839808598 475 92
79285120.528296337 312 60
79437567.025246292 356 93
79537943.872231618 154 84
79966187.414429903 301 99
80020578.113618642 341 92
80124687.837982953 193 98
80333336.669381127 334 88
80525757.420876205 305 93
80795726.616186067 158 97
80888211.641508728 201 70
81363858.149679810 352 90
81508612.130883098 318 77
81565357.177375019 469 61
81812660.498321846 200 71
82028993.988234311 83 86
82086051.702406600 129 68
82426622.308623850 104 88
83000595.834008694 204 69
83114545.498332128 128 80
83214134.395904914 500 70
83401209.485992566 304 82
83452320.204603285 68 93
83521050.509730250 45 67
83576352.925877631 53 73
83741055.025227860 413 64
83889004.026842371 476 70
83973704.127275944 367 67
84090286.429294065 40 96
84095800.867862180 290 71
84141649.332619756 463 61
84482108.741520569 96 72
84551451.634206399 197 89
84640436.065563187 304 100
84952756.262287125 121 93
84953246.671676487 131 61
84990561.757797763 255 78
85320233.362297863 287 63
85485842.780934259 283 68
85570884.870158285 40 63
85660859.644952789 334 65
85765510.292531893 427 68
85937329.709601820 112 95
85939372.980619580 416 70
86422872.073306367 283 92
86451242.611044809 309 65
86521831.581991181 76 75
86577842.443658203 445 72
86658199.047886655 334 77
86848221.897537634 99 67
86906677.992962733 163 80
87113647.031772047 263 71
87132570.155623302 235 99
87138510.395998210 463 74
87560301.064834177 467 69
87758881.575515240 419 95
87828202.245263442 91 91
87896992.825242668 135 79
88000293.628578767 466 82
88187196.354858756 132 97
88398103.977005780 126 78
88446518.435350358 188 96
88549582.169067517 242 71
88690087.385513872 399 97
88758267.479995832 44 100
88800463.719106868 163 91
89272992.621680766 398 100
89543292.940064162 47 82
89573020.688426033 206 67
89579783.582407817 434 71
89607618.812327892 380 65
89716234.418930694 182 92
89769917.744836405 441 78
89788508.092436984 291 65
89915811.882864788 161 61
89966417.857858330 198 99
90160277.085830137 470 89
90235781.284765035 312 69
90325841.140594348 192 81
90719386.277713075 253 87
90728018.552739173 214 68
90825172.187735498 334 62
90896627.418989852 121 60
90904441.788049281 184 87
91040046.317191377 201 88
91102468.973755270 86 83
91510943.300349474 504 95
91613250.498976395 195 96
91696424.802916661 344 73
91748177.657415465 320 78
91979668.107928276 182 86
92033069.020890146 300 68
92281472.927266002 507 75
92303760.306845561 316 70
92377692.131427854 74 65
92417895.293274581 470 96
92697356.352229983 491 100
92776644.506806493 377 90
93145346.798973888 488 60
93158263.124111667 261 72
93256169.208452329 216 69
93261321.207860112 474 83
93287165.571701303 65 80
93288564.095179632 206 74
93358237.939200372 125 99
93797031.009141847 483 89
94027354.959734514 384 99
94067048.022532925 247 72
94128841.849945918 360 98
94160469.945585698 357 73
94633875.025487110 321 98
94707746.182080477 497 75
94768624.159794733 242 60
94778990.518062100 331 80
94994830.749131724 78 98
95103061.907696009 453 89
95113116.542605624 334 64
95185109.811063975 254 81
95339102.581267715 401 80
95585416.975315943 205 89
95691051.628012210 222 73
95764414.528561115 457 93
95850488.007793039 61 86
96068980.154714391 415 88
96129887.346121088 274 84
96382948.306698903 335 75
96405364.627118990 246 83
96634458.629983127 370 60
96708059.381207645 79 76
97136110.161480710 363 76
97378196.050149277 46 100
97462297.278392509 442 83
97493568.821476251 99 82
98362349.465792969 86 83
98628994.839506477 373 86
98716863.516439810 221 91
98767189.116773114 201 77
98864473.990984634 100 79
98928860.400346354 310 79
99169799.467675537 397 84
99451049.114520133 87 70
99662445.426176727 494 61
99791106.686338186 200 61
99844128.140369952 97 93
100062460.023130357 430 92
100081505.084428266 327 85
100125119.064080849 78 66
100315392.622072056 307 87
100506395.281670883 479 82
100560539.834175482 53 65
100622798.013699070 377 79
101077831.684831753 134 84
101117049.443446741 316 99
101137035.209378585 331 78
101565763.329932958 38 97
102096481.336742431 503 76
102137215.107485905 372 62
102318191.571814388 406 78
102476465.195698217 143 61
102626729.583885491 117 71
102667468.860238075 332 67
102714688.692325041 188 94
102764719.121431947 250 87
103457977.396439001 54 71
103521056.621476233 174 96
103900893.714045510 347 86
103910975.991381630 465 86
104496064.162724838 409 70
104520622.817376733 308 97
104532032.022529334 392 78
104546498.609776691 118 97
104774884.517803088 392 89
104790649.346405938 355 94
105001299.748130232 272 64
105154845.612006187 172 67
105168447.009383246 199 87
105261186.956743985 148 86
105283336.839744717 410 71
105554883.884508967 318 70
105677551.222860485 259 98
105709714.504343569 333 63
105835578.541190863 239 66
105874306.604605824 52 98
106126089.578602672 406 75
106338356.587264419 265 68
106343545.815714285 317 67
106459301.482974604 199 61
106467239.130065948 283 78
106570521.551749364 245 94
106585844.815841734 488 81
106669379.190723836 254 77
106767421.568190694 368 98
107165113.964451805 510 100
107303876.271257907 457 73
107306439.023391694 249 75
107383235.772492439 379 100
107396377.728893831 462 93
107687799.921342462 322 81
107726380.028896213 198 67
107807466.468842030 201 94
107828871.013629138 215 100
107876033.550182313 218 76
107938703.808046982 332 95
107953054.012063593 203 92
108008177.345132664 76 89
108055882.109913886 507 81
108097087.624928877 285 76
108140919.371089056 282 81
108167371.654994100 121 61
108394300.096078351 239 95
108472559.038006976 381 71
108554544.093460277 56 90
108672336.378651753 393 84
109016724.704964787 171 88
109076326.900002465 179 88
109232764.389327064 46 76
109657401.402893111 35 69
109673548.622306660 148 89
109793390.275368020 328 100
109807868.843194067 56 65
110191143.311989456 342 80
110278676.951149434 421 66
110291142.428573161 396 68
110406591.334962845 95 90
110664662.470211744 117 86
110682476.484165549 484 93
110940443.892203480 210 66
110941706.083911344 353 63
110946744.742781371 285 63
111236734.392601416 455 80
111297755.297701076 243 88
111311304.915232867 338 78
111347014.217629597 161 99
111362668.979745060 288 73
111363902.140093893 56 92
111390741.893860772 200 63
111581896.946080893 306 74
111717445.532949835 453 91
111720097.440008730 39 79
111962555.851292402 233 100
111996117.992082268 392 75
112016939.482016966 257 100
112044629.554117844 330 99
112264129.672378957 236 80
112379538.645356983 133 62
112459457.540952310 118 69
112479113.064512670 352 100
112482801.927727491 257 63
112499939.909538493 319 99
112548953.256424487 359 70
112585081.697277024 40 81
112612344.822288722 152 65
112891544.875963002 33 99
113032242.583898008 303 86
113068024.833941162 242 70
113082288.021053776 102 64
113290518.157742172 506 67
113607536.596937522 356 60
113612462.466858238 54 84
113694869.892138213 295 67
113748343.476331726 131 93
113901200.908160836 497 80
114038653.439939052 122 94
114048755.981911480 284 96
114192777.948522270 302 86
114254134.676093996 425 92
114353900.630008072 256 90
114394266.549371183 303 84
114422950.506483808 499 90
114458007.147621796 464 99
114476091.601236448 74 63
114577863.341979936 70 77
114741389.263657644 171 98
114928324.959532097 224 99
114996705.972047910 123 97
115058353.503757134 511 88
115154085.468293443 249 99
115221168.401501447 486 66
115254157.616178304 104 97
115524314.962770775 399 79
115592127.801866382 355 99
115768505.869985685 129 87
116077243.965284944 212 83
116126848.862490714 43 76
116180472.640551031 471 97
116441380.616130337 463 95
116511039.629129305 228 63
116622246.639446840 288 66
116749255.616647169 119 70
116794352.698647052 472 98
116968696.379367292 484 87
117085854.353729174 483 86
117240822.333037019 157 71
117384545.833087325 90 68
117563454.372514829 87 94
117908126.140722513 224 93
118093588.355636150 352 98
118095871.553837150 231 95
118115641.276178002 355 79
118127452.562419862 62 99
118277833.013562053 279 94
118325258.400829360 362 100
118559683.809433758 302 70
119314239.190076485 187 78
119476025.238538176 273 93
119569895.154283747 223 68
119857319.004865319 247 83
119868685.959646225 408 98
119959532.712266371 187 88
120000746.712070063 307 91
120362629.334140867 317 99
120752679.882928669 265 67
120836379.781004906 508 97
121041899.462928429 119 66
121049310.506005690 82 79
121378781.556319430 164 75
121776656.750220791 51 91
122051875.533302814 375 94
122284953.698633105 268 75
122525095.179184362 499 95
122728088.238252074 438 63
122806679.899842069 418 93
122859470.146545604 475 77
122955897.586342409 92 80
122980237.014711618 47 79
123258618.418934315 241 83
123436331.371750772 128 89
123446083.138583779 163 87
123521357.432725921 201 61
123587380.527453080 496 96
123723211.536157519 103 89
123861465.635225520 278 95
123918474.134911284 452 72
123954726.843166247 204 96
124257191.117683083 190 85
124342655.338551909 508 74
124347532.748175651 221 86
124413672.776200548 465 63
124414558.058042556 385 61
124421794.346000761 236 67
124574845.389907822 156 86
124693139.129048064 456 91
124698586.001536936 158 75
124858553.968902349 392 62
124912186.732993647 97 100
124958119.672934219 97 77
124995096.407537431 241 76
125214368.724004596 249 88
125257107.282699108 79 98
125387999.355709970 124 95
125524676.552231863 58 76
125692378.307807028 182 65
125718753.020671219 313 90
125755103.586867616 508 65
125813046.689980119 63 91
125846308.045904055 282 81
126025352.968169019 485 72
126097879.231374890 244 91
126739467.280862182 360 95
126796082.442135915 193 62
126988416.340634495 36 77
127453296.811597481 57 63
127568626.481226340 204 87
127609170.071752653 472 100
127652491.687192872 126 94
127724414.209635094 375 69
127904563.146054745 380 94
127928721.297772586 64 92
128349931.552263066 320 87
128555822.061778203 272 63
128683296.097302005 437 81
128748653.692924127 441 94
129020037.495470509 286 79
129232739.042778984 186 92
129420693.056166500 395 68
129519957.211223021 496 95
129540435.886104345 57 83
129588637.090421349 420 64
129728327.896696538 465 63
129825175.988180861 179 82
129853362.960415944 149 92
129910600.916452721 481 73
130073271.589802667 194 87
130101907.586187497 281 93
130201345.445215076 512 66
130348099.565963492 241 65
130494264.302397937 69 78
130881323.909214169 485 71
130946727.223711565 457 77
130980580.730822146 74 97
130986161.479111210 162 89
131004537.721308753 498 77
131130412.862790436 397 78
131207497.712244540 373 87
131207511.539550647 118 92
131226556.255384728 331 80
131327301.958609581 421 97
131391685.264504373 329 98
131403609.605652973 161 95
131418548.325227857 389 63
131429813.081452847 415 66
131711496.538416952 435 83
131883451.289523944 311 81
131960815.403252587 389 78
132140596.683961615 41 84
132288288.483296588 419 93
132468469.411426827 302 80
132535565.081408545 487 96
132542459.922095269 199 75
132601072.381095797 225 74
132645904.121468171 422 78
132760081.840509430 465 68
132958448.295697987 280 80
133101057.416187078 100 86
133190735.607317463 376 73
133282609.653240681 487 69
133289974.167176947 235 97
133448328.980169818 457 90
133452179.874566615 42 89
133659227.382357821 211 68
133664200.329785556 278 70
133710161.555286795 135 67
133768129.433203325 47 84
133770748.584472954 278 67
133847514.927656561 288 69
134349523.180175096 244 88
134434883.363143653 229 92
134438715.018803447 155 65
134461756.174900085 404 77
134581752.822985679 484 82
134652091.459303617 40 90
134803252.894491315 363 68
134980150.545713544 108 86
134990818.802715331 339 87
135068663.115229845 264 76
135262581.452180803 111 78
135722002.196388304 463 95
136006875.335804939 44 61
136028416.074433714 147 96
136108487.293283701 142 69
136138530.237457961 462 63
136227574.439594030 212 72
136415561.703786910 224 84
136428629.892103016 239 72
137226613.420375913 435 62
137420991.898124933 495 89
137447990.270009726 49 85
137598411.043904006 459 87
137747751.951662511 329 63
138027910.218947828 293 74
138042160.281985193 204 81
138334751.887462318 438 85
138334998.946962833 308 94
138365312.359486520 318 82
138591152.135063589 153 60
138685189.359963864 88 85
138709029.649404287 63 97
138883072.070523173 96 74
138987629.335940897 154 92
139088469.061711192 376 61
139238044.475158423 73 75
139398392.968333155 114 60
139441516.747105300 104 82
139892183.115246534 134 85
139973581.029313385 99 64
140613998.255328923 419 73
141106808.110072821 342 70
141124136.494460553 142 85
141457469.042448550 475 89
141727422.982361257 178 93
141847412.458589643 108 97
142220807.815411955 291 92
142270378.223895937 174 63
142760208.536467135 106 85
143002137.103303552 424 94
143002154.203729182 69 90
143052525.835320950 152 91
143069568.056854844 371 94
143487877.074770480 256 67
143548012.685485572 86 91
143576203.999114335 331 80
143670897.055631787 302 85
143675905.172043920 56 79
144682220.370938927 351 74
144754069.874640107 157 96
144811722.058765292 352 63
144822889.406763583 162 61
145331286.065344363 70 79
145460194.649586260 203 87
145509410.086068571 182 60
145620191.731148094 263 72
145681694.008128911 364 88
145755543.957546830 117 73
145802121.206465244 368 63
145811910.504361242 509 79
145849293.293525547 78 68
146064319.394531071 472 87
146207137.890364468 484 69
146312480.243488431 439 63
146318980.701900482 52 99
146370748.920440167 363 85
146490112.639131904 305 73
146573584.958335161 414 60
146608449.003171653 214 88
146715319.931458890 384 81
146929120.455195546 42 74
146951660.765394390 109 86
147283169.637465656 271 72
147881810.008611500 293 69
148057892.816075355 219 72
148143002.909020513 245 77
148198247.103541613 115 82
148268775.261484653 179 69
148376343.992577910 33 90
148883073.700425476 511 66
148913459.147134751 306 91
148928508.188874781 109 75
148960081.212482601 243 87
149299877.560780257 274 82
149710099.780712128 249 67
149881548.529597431 246 87
149907473.692115724 380 98
150020899.361123592 100 64
150109992.238908112 377 96
150685508.719129384 395 83
150841233.733183205 492 77
150851312.266871572 40 98
150906981.199857026 138 68
151024558.636506200 505 96
151035269.169994384 186 63
151173213.028309464 195 92
151301869.666767687 42 90
151346069.417998165 476 73
151514215.760685205 346 82
151587919.387187570 356 91
151630536.990790248 427 97
151635109.058431715 236 79
151678624.034418344 32 68
151703802.143352568 65 73
151734811.167516768 259 74
151760926.890391380 346 72
152090788.725390911 94 74
152423732.151242882 292 64
152466819.656805933 317 82
152514458.109016865 270 71
152561771.871377498 419 68
152688405.924683601 476 71
152702339.536016285 99 84
153229051.165986478 314 81
153272838.304346293 72 87
153567528.611493111 476 76
153867647.392047346 55 66
153919528.620546103 118 95
153938061.581169486 38 75
154492286.453280687 157 74
154654288.841186404 411 62
154749746.075284332 357 72
154777420.443062842 336 62
154883794.633220553 187 91
154927337.914410859 288 78
154995789.485674649 275 66
155005283.531510860 436 86
155092358.499750048 107 100
155229370.373101145 202 66
156414662.864542931 171 78
156559952.675788522 56 79
156579432.604130685 349 76
156614423.168361932 463 82
156730984.174505681 480 71
156797993.281080425 288 63
157044447.568863362 474 84
157119043.492459357 252 65
157123527.566012055 297 63
157125060.775948346 348 92
157257396.966859221 81 68
157297020.472040951 459 74
157549529.702026725 377 71
158099181.250922441 54 95
158419954.714692652 479 85
158545191.618818194 137 99
158874075.119649649 284 67
158960149.644550532 293 93
159042874.110228181 494 90
159924386.964433998 326 61
160140966.935389638 44 64
160236487.962603837 436 68
160335723.728215158 488 61
160677803.549314082 141 95
160699938.552330673 57 94
160867048.719327658 147 94
161391566.403341025 435 60
161466822.162314981 214 61
161493319.649677783 231 61
161524527.310857594 406 96
161766447.172304869 36 62
161846346.905458629 441 75
162306576.970382839 421 97
162458023.762826473 92 86
162730124.552610785 227 69
162747129.135418802 232 87
162911658.255913109 258 87
163374720.271444917 71 100
163383411.160594851 254 66
163496614.862749875 368 64
163509321.117100090 239 80
163663147.712720960 239 68
163745436.466949880 76 72
164101754.329304516 207 100
164365755.903787822 226 84
164392427.760955155 167 92
164464580.658637136 487 64
164473515.174681872 107 80
164950551.996371239 134 65
165095979.461953670 363 76
165229884.215513527 428 84
165273162.015648127 330 64
165475083.355329365 124 98
165527592.659853727 63 61
165750656.997328103 229 75
166221631.907157063 56 60
166378086.207615346 315 68
166456072.122661412 54 95
166470937.272778243 382 61
166503938.213501573 282 82
166506620.534288824 209 87
166740114.539419353 479 69
167194726.717740983 238 70
167244974.365465671 73 95
167320864.390366346 83 96
167513108.319327772 325 99
167708197.577950925 446 88
167833655.401153266 159 95
167839178.063606620 72 86
167891177.902145535 305 80
167920657.859388590 222 92
168027249.012583822 174 99
168288240.272137165 334 62
168703300.415975034 221 69
168803938.727001309 477 65
169128488.930130392 475 74
169481430.136186689 353 91
169697025.867201686 370 83
169698664.795911968 424 85
169711275.842981398 215 88
169743175.515559524 208 72
169819821.099521339 309 63
169935723.813674182 188 82
169941004.282322735 509 100
170265297.606823504 153 75
170715852.763837755 328 60
170757767.218689322 180 66
170798967.515843570 220 94
170867101.621224433 327 98
170930251.474754632 328 80
171201866.848721713 467 94
171288655.091985881 222 93
171544226.432907432 403 60
171674286.451617956 133 91
171750996.855977207 382 85
171799275.969361424 263 93
171846782.226852745 77 84
171887160.197537988 242 93
172065848.533562958 72 80
172276163.178663284 372 79
172391849.535060704 376 88
172709981.466303319 493 70
172850656.247873843 223 97
173304203.458880454 476 80
173386777.439918011 218 79
173471279.796459913 136 70
174078460.357927173 283 97
174179344.539818585 478 88
174829465.226465523 307 100
175082030.821586162 295 88
175097654.158754885 179 81
175117762.793032438 224 98
175138392.477608502 500 88
175341694.825895160 192 83
175372458.143663913 394 62
175489203.406092525 453 83
175710125.169497430 430 71
175932664.825598776 329 70
175946222.386090398 343 89
176383579.045156747 139 62
176792954.698613316 53 74
177000181.753635168 143 70
177072631.000043839 327 77
177162633.342903048 354 80
177452334.000629216 429 91
177597887.284418166 80 90
177618133.500039428 292 74
177944487.082356602 379 79
178193053.168434650 492 99
178381993.968777508 363 85
178489916.397032976 488 82
178528047.120264441 436 61
178582531.765744418 485 92
178588179.378700554 386 64
178606255.953556657 51 100
178881837.403466016 246 73
179026154.233328581 88 95
179189743.761888295 174 87
179222839.052932143 255 98
179357087.293711424 238 60
179563713.022790670 273 94
179755448.188324779 430 94
179855461.972427130 492 76
179989319.830307990 306 81
180027640.324346662 504 87
180246804.212261081 347 64
180312103.681922585 308 70
180416683.709934771 456 75
180420101.467164665 421 91
180507020.785643011 438 83
180650815.892290235 501 98
180732923.366039097 36 66
180862765.774790466 120 97
181053323.374861062 217 73
181184635.921846211 207 81
181339088.385198653 85 70
181405869.272098094 348 61
181420941.181670010 321 82
181552544.597434431 466 98
182020988.744313002 119 82
182034920.990776509 508 97
182505262.846091002 493 72
182781541.840904415 120 77
182858546.673238128 84 80
182890059.610800803 299 62
183090916.344625324 155 85
183277552.092959374 249 92
183816801.959832758 507 63
183837761.499229252 96 98
184101456.061341584 317 89
184262759.499177992 436 72
184338804.150988907 57 86
184590402.761047214 101 61
184659542.345406443 242 62
184686733.386326402 63 98
184786059.718025088 198 64
184835648.651375443 87 64
184973427.441163510 333 98
184983877.632971942 152 61
185171804.653046876 86 92
185230305.361125320 351 97
185248898.697842777 500 99
185345277.774074137 199 82
185354766.239835888 324 99
185462361.821568161 296 100
185567833.631765991 135 69
185943171.317599803 157 80
186115060.864763767 221 65
186243344.655708194 306 66
186259355.312001616 370 75
186425487.558895230 86 85
186464107.393233627 202 76
186559630.589154303 119 75
186690349.315293878 269 94
186697079.547045380 471 65
186787529.463167191 258 94
186885827.327566773 47 87
187055943.580346763 449 87
187719791.065408498 127 99
187872449.341478318 66 86
187990084.918022394 100 99
188070045.866950125 506 78
188085059.485212684 369 61
188350701.044839889 325 88
188487979.680284798 395 63
188566019.116680384 371 94
188844323.563337654 402 69
188891765.944377661 167 93
188934369.720764816 112 67
189153811.212908179 451 89
189218393.101512343 283 91
189355365.366762727 95 65
189916334.688289881 449 61
189956834.968262553 491 78
190546710.661990553 259 74
190587544.980930775 387 95
190595992.270001531 329 82
190634951.288890749 99 100
190989829.030945957 213 62
191287420.948790401 94 79
191388042.794554889 494 81
191452053.826793104 367 96
191483734.107927471 180 81
191533115.086420149 37 72
191558227.178069323 494 98
191899100.433315486 426 75
191968898.746765226 358 87
192121184.717132598 83 76
192417955.297979861 462 66
192682485.626019657 91 100
192697603.697601110 146 81
192799254.169792444 49 93
193321531.976114601 163 76
193401560.781340241 306 71
193578856.218414128 483 94
193697671.443950385 372 74
193839612.081797659 273 83
193867303.299268335 132 61
194016288.109018624 443 60
194142163.373188794 49 86
194184886.803289115 86 87
194289607.799614996 199 91
194452943.788500518 386 69
194543810.667149752 103 72
194652335.143166214 181 62
194935446.964496195 325 85
195057882.196295887 389 100
195179111.124548614 397 91
196575526.904573679 329 61
196616497.612814367 319 63
196717389.978400469 40 61
196751362.288908899 159 66
196847029.590112418 148 78
196991816.409364581 361 76
197020975.282749087 503 60
197226092.347851247 464 72
197558074.186867476 407 66
197571096.108043849 477 99
197619388.310676873 96 96
197755762.077714920 312 63
197887755.922923565 374 74
198051739.704729468 270 80
198185806.788017809 429 80
198210674.236518204 333 62
198494129.336833358 491 67
198661742.067224264 91 96
198699435.024214029 134 95
198782634.617360592 36 62
199196888.468355387 130 60
199207268.044804960 212 88
199227536.191446364 419 69
199576874.659000218 361 75
200059418.451886684 303 67
200343900.901231438 290 93
200427189.896866441 221 69
200523605.398676455 434 69
200543962.581399679 505 69
200751894.768285334 304 95
200980035.269453883 62 82
201128674.542431802 234 86
201149744.191900223 300 78
201308788.388454676 95 71
201714366.354087263 279 92
201798416.262003958 181 76
202297166.324535280 375 95
202619671.316058397 298 73
202772309.711530954 155 60
203106203.823942363 459 100
203261569.017258972 114 88
203470714.790581942 221 99
203518457.369466186 452 83
203710570.460089594 172 62
203866011.501453608 406 97
204078931.217369825 157 98
204138046.326898038 206 91
204242423.042890966 131 89
204368148.571473479 236 98
204522208.017568320 149 73
204550762.125164539 316 91
204565936.845366597 391 87
204645488.551870078 411 97
204697696.583094269 336 83
204762533.277342051 57 71
204865494.491072953 99 71
205312970.203066438 511 60
205539989.877438396 108 65
205622919.070469886 165 94
205728399.860918999 126 93
205808241.849875033 240 90
205933726.095066011 385 60
206379595.305879682 410 98
206455824.510147929 99 68
206578005.800362319 492 94
206738158.947096139 458 95
206738536.159819156 71 95
206855517.295352727 104 82
207192617.006187677 230 90
207494297.304070890 447 90
207550552.589245617 120 82
208022419.739364088 431 90
208027786.554139942 84 68
208104297.170708388 117 75
208116813.065739334 443 73
208167261.039774477 478 100
208246150.250341207 511 95
208289769.981653959 363 64
208350578.386458337 32 77
208589293.980039418 291 85
208744899.525873125 458 75
208901758.248684049 396 68
208926122.607287854 315 95
208952880.544485688 145 79
209464544.500144184 505 91
209753970.579081923 307 68
209980016.797228217 231 80
210336645.867477804 107 79
210355785.193805635 437 98
210651256.770993650 413 83
210726498.930387914 498 65
210970477.858393341 213 88
210997280.559956163 395 68
211072174.290910929 331 68
211404086.224986613 197 94
211430930.951441795 42 75
211525222.633547097 32 71
211605838.109009266 58 61
211745430.714545280 190 87
212302374.883677244 219 78
212401151.208565921 420 75
212411127.714866906 327 87
212706160.485175878 33 77
212749361.194368869 105 62
212792356.685101807 142 93
212794751.412580460 66 81
213053992.247161508 132 84
213066649.278926820 183 65
213165798.057744473 129 79
213255865.376591027 390 94
213309419.156954050 480 90
213345287.177807420 159 64
213538798.923265070 144 93
213619705.059884340 309 91
213655967.982603669 216 61
213657940.188156247 436 74
213680668.858537555 184 67
214207919.266797721 186 93
214474757.119872570 330 97
214602206.249897987 479 61
214769283.898484170 34 95
214779267.359820634 498 79
215202062.814027995 303 97
215229204.794171840 134 90
215249952.773711711 65 81
215270846.591151416 350 81
215343561.702451527 180 66
215445953.502029955 446 77
215507101.152195573 507 63
215543192.723330140 409 89
215790686.544781327 497 84
215923939.826540291 56 65
216828784.426854372 284 81
216979378.687255055 432 99
217028116.470116675 453 94
217086079.700244188 170 68
217504182.926289529 300 84
217575399.080579489 506 87
217678071.941045761 201 60
217706330.653142005 261 95
217947110.546302706 75 82
218031377.409609437 224 64
218054201.478781521 238 93
218101677.511485815 125 95
218178830.149789423 418 65
218200699.617163211 222 86
218230725.049424618 394 64
218295896.695876896 486 76
218550814.583038121 283 76
218583709.319376439 147 82
218843693.730042338 477 62
218863684.964923918 257 80
218898624.720450968 130 81
218987430.904706031 218 79
219243161.918256432 509 95
219247675.896788985 467 81
219376863.512221634 127 92
219450876.287971854 461 92
219503754.931947559 466 61
219668858.800305605 501 91
219708060.364579797 387 94
219709046.968934596 397 79
219712606.304728717 207 72
219799683.535341948 479 87
220002664.056525439 272 90
220106634.994287491 511 92
220130917.575594217 242 60
220700718.311082184 262 91
220760805.493810773 200 67
220873423.378413767 196 89
220914462.388010979 271 74
221073014.880561233 441 89
221159554.896455467 324 84
221322345.127990335 376 82
221389142.739677638 355 67
221449624.328261226 183 84
221776854.750906408 292 84
221777125.649443835 238 95
221914436.174942851 303 94
222105035.634213477 208 97
222107113.578060359 228 96
222132583.048807800 203 63
222161091.492119551 176 76
222218645.093043625 308 99
222336502.895041972 293 100
222686603.208465070 253 71
222722022.451617599 140 72
223191771.681545675 405 61
223198504.722980410 463 62
223496434.693334490 399 69
223499368.453993142 405 88
223873545.322557539 157 78
223912932.855075419 262 97
223997069.033724815 471 100
224079534.658474356 87 77
224499406.713522792 82 92
224647992.141107380 370 96
224921589.478981435 243 80
225116734.294277757 225 82
225365642.033742070 300 89
225505733.389249653 281 82
225662755.063895106 362 65
225735853.977980137 114 81
225847923.402253330 372 71
225850979.163449556 94 75
225895008.683534086 35 89
225917312.920659304 161 100
225954210.749057561 100 70
226026096.465246290 412 71
226133192.971572757 356 81
226401998.011433065 210 73
226411237.351971477 58 97
226446999.741424710 181 100
226928447.932435364 208 88
226997535.059384108 318 63
227006321.968857825 283 71
227045058.110437870 323 60
227089076.743986040 451 69
227553089.114565670 189 99
227557093.719254643 227 91
227581277.176669806 467 61
227623953.697051257 226 98
227709762.106526494 473 88
227740790.770159245 88 89
227835657.935766071 496 78
227847563.110542238 104 72
228027666.568789333 254 74
228095281.424863070 63 86
228260915.022453725 421 75
228323906.841280431 266 94
228458430.872381598 183 85
229071928.219647020 263 62
229392159.798299283 179 63
229398568.144807726 106 63
229410456.304673612 146 99
229603514.003456354 450 99
229911143.765388131 467 81
230204692.406324387 273 74
230314922.933772385 406 96
230361532.757489681 390 85
230436049.329330415 310 74
230577730.534085870 432 97
230729381.770410299 324 72
230854003.534553289 304 67
230922633.335657120 278 68
231119528.213249028 238 88
231186998.586392373 240 100
231294471.883817881 207 80
231342546.390802085 174 91
231391346.814870864 164 79
231607523.238391548 298 68
231722637.460957140 60 100
231968572.966650605 82 77
232096823.113890499 235 82
232155426.387441456 340 72
232254817.581923187 499 94
232435296.651818812 405 95
232476849.014061093 469 72
232839811.126756251 171 83
232996059.043418795 307 65
233105767.159489453 252 92
233596466.609834552 102 63
233621812.418112159 253 78
233678790.724214703 362 88
233729716.181070238 260 79
234028422.295199096 170 92
234066695.755940884 432 64
234111568.138725609 161 61
234233181.447380543 281 96
234665178.285730749 225 63
234713283.054991603 313 75
235119742.492113769 238 72
235161599.517922074 363 64
235326245.238859802 204 77
235350827.429013699 64 63
235491971.788787991 88 78
235708273.664376676 140 60
235855364.109928638 331 64
236138132.792189658 438 82
236497403.050988942 233 60
237192482.760588735 374 96
237377489.881499678 54 90
237378135.996099502 141 73
237565997.585045159 258 88
