4 2.993615339 35.231706816 46.431514273 653585 26
3990.715256810 159.726815604 0.029162332 0.005321594 0.280457150 0.000000000 1.000000000
10
1 0.337399154 1.810752219 0.266138524 1.275379046 2.822900084 1.493598791
2 0.608162288 3.621504438 0.479714936 1.858750521 4.114123579 2.176786221
4 1.096213087 7.243008877 0.864686617 -1.000000000 5.995965963 3.172470598
16 3.561606827 28.972035507 2.809375106 5.753956597 12.735699728 -1.000000000
128 20.857990439 231.776284058 16.452663629 -1.000000000 39.424690204 20.859636505
256 37.596547065 463.552568115 29.655941414 25.959354312 57.457948466 30.401048508
512 67.767810869 -1.000000000 53.454861838 37.833429624 83.739804292 44.306800369
1024 122.151541792 1854.210272462 96.352437920 55.138828951 122.043250933 64.573185968
2048 220.178267098 3708.420544923 173.675358498 80.359895689 177.867087514 94.109624513
4096 396.871530157 7416.841089846 313.049994381 117.117337418 259.225320358 137.156333441
1583
0.000000000 38 60
1384.557505474 507 65
82050.270475276 203 98
83983.654476960 48 91
93582.007476791 466 95
94071.425679157 168 94
106237.937603274 184 71
114848.908125299 336 60
130528.252185546 466 88
132222.977426792 508 95
169792.039087502 481 92
190872.702030233 400 60
201361.277351529 268 75
239379.473022748 95 73
245664.373083135 183 70
259949.218431476 417 89
279042.278981580 394 64
299505.803572443 462 69
327074.236940624 453 80
345396.854321325 93 70
345802.756149206 473 82
352267.575026629 494 91
392628.390870900 200 76
407116.668758160 483 95
409280.120705006 496 91
426991.172814665 289 66
452112.802609756 348 86
504293.424967656 462 73
521899.247375300 449 67
524203.599279096 510 64
555625.244232977 503 96
560559.600358440 483 96
561388.214541791 102 74
591610.506393035 341 95
630944.295280322 501 71
639817.951334216 102 68
646097.455995868 199 68
660724.350300279 169 83
685567.977265585 178 93
705023.329976242 134 97
713951.097610415 262 98
715005.272971148 486 64
731393.552674251 90 86
740240.898176687 428 82
752435.308965622 190 81
752799.330823852 361 73
799866.689124570 455 78
831868.819745848 174 63
842357.695568227 155 74
859935.232941159 454 96
868707.576350001 416 82
869127.330224387 455 84
886315.903941703 232 92
903829.990246429 364 78
914394.489404357 183 67
924304.334673909 44 89
935479.548719335 123 64
940675.540148819 361 85
944578.760448321 447 100
946440.373824072 350 79
955209.040837487 280 66
958042.641652252 219 78
960447.954259268 377 86
967489.555949696 303 75
979347.397397291 292 69
1040371.581001624 228 91
1040812.792345671 217 66
1042871.045179927 494 90
1060419.249341355 139 93
1069426.015737702 224 81
1074569.237587982 84 70
1100991.161671460 368 99
1104207.901488745 234 63
1121252.605712551 139 88
1148058.893977233 186 61
1153501.557638796 328 86
1170552.657744326 176 78
1181440.206243007 36 79
1183054.719400031 510 76
1192833.486623379 337 74
1224135.732513109 231 98
1228742.876410048 165 93
1229260.753004163 64 67
1248443.931018161 356 63
1256148.493783427 366 100
1258484.885140859 136 88
1268753.547281963 278 93
1302176.411407837 253 60
1303719.330206522 143 60
1304225.830985298 317 91
1304287.797799186 49 83
1311794.798138230 108 95
1323925.712256559 501 66
1326634.611246246 116 93
1352174.203869655 471 96
1358491.167807534 168 87
1398166.763181494 152 78
1423143.284598274 374 84
1444822.496946478 469 68
1483515.915945836 210 96
1483906.415454305 479 98
1499741.275053248 49 82
1499958.680576708 140 97
1502014.680975507 244 65
1503840.195333074 400 63
1513264.632676956 147 65
1525008.063600730 136 72
1525321.799816929 385 67
1540556.424519534 447 79
1556666.344826155 280 62
1629498.971027000 88 96
1636159.898816065 121 92
1646483.347790253 413 65
1661327.091462792 107 94
1662446.638736861 290 69
1666608.520379509 350 69
1697179.580522932 478 86
1705205.667769525 459 89
1772466.435777367 454 84
1789950.770485935 436 76
1802268.669128983 224 65
1806386.577715978 182 78
1815858.470993640 125 67
1831336.881606883 123 84
1857018.360953995 200 97
1869171.987057149 116 64
1871524.497575946 98 97
1877136.716267089 318 79
1883052.890810519 284 84
1883232.027771267 164 89
1887735.604617606 166 93
1929982.132374212 104 92
1935568.604734321 159 76
1937491.470957221 113 65
1944460.416241137 292 75
1962588.719496044 430 81
1966676.123307521 429 71
1993031.958517738 364 98
2002302.555962546 272 66
2005989.612775773 141 92
2033601.406582795 219 97
2049485.571508678 154 63
2070145.659045331 218 70
2075073.526252402 273 85
2132005.216238180 446 60
2137341.724614540 34 77
2141608.577319011 93 62
2148591.759848034 279 99
2237380.158898058 466 94
2259931.979803433 408 76
2286198.314296271 175 74
2308327.649270277 432 92
2367923.801272596 432 72
2370338.926149241 129 71
2377300.009962575 511 65
2383466.100694018 508 63
2396098.678577332 207 67
2407467.075645997 489 89
2410815.273533017 166 64
2419462.010453789 148 77
2422394.576630074 58 84
2454415.934021352 285 62
2460890.166429025 337 61
2467692.767851949 506 83
2471153.259310007 378 73
2500822.266061680 511 93
2537560.928684290 141 99
2570965.089757195 386 66
2576967.437385146 424 92
2605385.790227383 328 78
2623498.708248514 290 97
2629107.758886546 440 87
2648771.728858280 176 96
2650596.495085916 389 70
2655311.057539353 263 91
2685948.691909560 441 85
2710430.016162449 490 67
2748448.512023118 301 90
2748738.932880239 196 96
2779371.446407398 109 93
2805236.900945568 297 71
2809404.992251819 272 81
2809790.153548238 368 96
2822537.747506952 117 72
2836534.510119507 293 73
2839181.198902114 463 90
2849527.658991015 408 88
2882593.075853290 159 79
2912854.870027934 391 100
2919109.790019369 469 85
2919653.919408495 485 76
2920261.597755412 455 61
2933315.881600568 381 92
2972095.861632293 74 68
2999682.289543808 121 95
3014777.605008488 203 79
3014896.681502978 219 69
3019839.695610586 130 62
3021166.048576661 368 80
3035817.730982762 503 86
3051355.936255893 59 62
3069554.484789141 429 77
3070036.686252302 61 100
3071394.867764439 427 81
3087620.702404169 58 85
3093648.170379004 473 76
3095667.838457303 46 88
3156897.174691499 298 85
3169859.887727638 104 89
3198486.914879344 179 91
3211532.631639011 209 78
3213138.526005798 286 88
3217962.086936408 293 90
3252218.490564404 197 64
3258952.766578728 278 81
3272777.156236156 386 88
3298237.357275239 129 79
3299328.199535800 332 89
3302850.761301763 475 86
3339332.159544912 325 67
3351316.213392538 489 75
3411716.813222362 321 92
3428623.256971342 117 64
3435579.597852309 443 67
3436685.860490022 107 76
3443211.376333126 226 75
3455922.896879772 467 80
3463437.954714766 260 65
3483634.048519308 109 90
3487670.642451449 303 78
3519367.487935354 155 60
3527682.705304480 96 67
3529502.274390021 288 75
3541306.042252671 239 61
3541437.463004337 112 92
3541520.065526066 325 63
3555959.484462653 316 88
3559557.721870168 67 63
3581155.705141043 101 61
3608345.661791914 306 86
3616560.303440658 127 92
3634261.849886063 167 69
3641304.206581806 130 66
3655496.888043763 86 65
3660820.978516054 225 89
3679127.367535102 505 66
3680277.276873358 381 96
3685195.355659266 396 81
3690981.070044702 108 64
3695663.652974066 395 98
3698731.430404057 279 93
3732364.305551752 142 77
3749411.686481358 366 86
3752408.891757276 312 95
3765472.678137428 170 88
3787097.042137174 475 99
3791935.348215369 299 87
3846570.524131881 489 78
3875142.803604549 83 80
3906578.559934854 504 100
3906634.913756032 108 69
3909915.170503879 379 99
3975764.095960147 290 88
3993374.071005069 34 80
3999803.159642547 93 68
4002378.015564934 128 68
4064023.430596354 106 64
4098093.921475700 95 67
4129720.975649350 416 85
4131694.463934843 87 63
4141498.659420519 417 92
4150816.363229994 301 96
4158323.487897531 253 77
4166106.415449083 304 82
4203331.386994110 294 64
4228000.658573853 480 65
4234533.439983482 330 97
4243823.882425168 454 72
4267152.895634309 302 100
4267232.202324807 431 62
4341267.322598752 365 94
4354956.663893530 258 91
4364466.142312977 134 91
4370973.760795752 127 68
4395645.230116532 341 65
4414787.317835550 341 63
4433708.234359538 88 90
4492487.265306809 236 62
4499991.567079305 335 68
4506156.598546513 120 77
4510677.268444423 141 79
4514236.328547134 91 98
4577081.459065145 432 74
4591924.332073587 200 93
4594907.744380455 80 79
4612843.467039354 240 97
4624187.803549537 452 98
4635968.757886270 267 87
4642802.096014169 116 61
4652485.996709138 313 66
4654516.027384117 88 73
4658308.208241522 316 89
4679860.362617468 489 82
4758613.127785547 34 98
4759649.759159254 324 92
4765990.573988628 242 93
4807681.613144324 299 68
4816729.015995499 388 96
4832966.956238656 350 86
4846219.348992418 300 85
4874605.130402409 230 99
4894083.728312321 201 60
4898616.655290330 122 68
4931027.367489561 200 100
4938299.193488585 351 67
4943203.849266832 441 83
4943506.505141986 457 84
4947845.360695837 420 74
4948570.091725994 32 95
4963136.088305544 276 93
4964258.875036475 257 60
4974618.469656863 386 91
4979580.561749795 186 76
4999047.811160895 146 86
5000596.347693875 198 97
5025105.441847189 424 66
5028186.091518618 469 79
5049480.505670820 357 81
5066273.606774471 480 61
5072315.789489753 466 93
5096151.553347436 377 99
5104520.826186027 466 99
5119024.463518847 335 89
5135001.510976485 475 63
5139681.933886503 386 97
5152261.504338283 254 67
5177193.418069477 448 94
5196149.478558471 240 63
5214469.561964307 490 97
5216197.182551046 151 85
5230370.058476606 488 75
5235672.032757646 460 95
5243400.190796367 430 81
5258028.529107468 73 95
5295980.623643621 49 84
5305244.858935212 390 83
5305697.430995498 155 72
5315575.795598985 316 90
5316531.646337670 365 67
5321700.132781457 82 62
5323770.598772129 466 65
5345726.114712916 355 88
5377462.730078690 315 92
5383216.630698603 89 82
5440829.653838920 479 70
5465986.687183941 141 93
5481090.061125415 161 93
5489916.256610086 267 78
5502741.202606447 245 90
5503620.011926308 485 93
5507911.256624011 121 98
5530430.681271964 375 69
5531457.434342272 115 99
5548445.571047909 412 69
5556479.512981166 231 79
5569813.521180952 126 71
5603985.323752873 42 67
5606758.959062346 297 95
5612449.064021527 181 64
5612643.861422427 442 74
5612822.192698977 423 98
5620017.965766442 121 83
5624228.459757962 79 73
5636348.458068473 80 79
5641326.020943701 136 98
5671260.450060130 455 90
5671963.102161195 503 76
5672872.702663708 418 94
5672962.385610946 111 88
5677694.460618067 88 80
5707900.409526524 358 99
5717454.826701025 78 92
5731047.577595474 293 94
5736138.157409973 419 92
5739192.638917266 57 79
5740073.117223230 100 80
5753689.613866631 276 64
5762111.376915244 420 91
5762786.039209395 305 74
5804452.288052390 391 79
5825060.054163904 85 60
5835742.488455600 273 62
5840230.960107981 94 94
5843759.105236314 192 96
5845238.112475265 329 67
5849899.003577997 510 75
5851256.666894482 402 73
5855605.335229483 309 82
5858245.540718192 342 96
5858314.207604681 219 67
5893340.713515854 382 85
5894250.662152823 85 99
5911281.269571229 172 70
5957946.586561515 321 80
5960684.630368625 288 86
5975940.666640623 49 92
6000872.227757392 511 88
6039054.056436531 62 61
6064107.621735530 103 66
6066393.261733547 223 85
6123354.176173313 140 90
6123708.583388709 150 67
6141905.143880852 275 61
6149160.903298799 131 96
6187267.095111207 427 83
6194045.652005862 502 77
6200731.666932263 248 81
6209202.890746609 436 74
6213992.767124608 302 65
6234384.087462173 52 81
6253666.211556185 279 83
6278082.224419298 441 89
6292002.108140263 332 92
6310406.415969587 228 92
6321268.431114571 470 76
6325265.193998091 265 93
6336510.206510790 491 87
6348370.296017094 67 92
6390594.549597797 182 60
6395454.872586946 99 68
6406949.517365090 306 75
6409286.933297805 417 66
6412284.571473034 301 87
6416752.135812044 167 98
6420360.363114627 162 95
6429003.420908531 55 70
6433831.660908556 434 65
6450081.180305659 128 91
6464462.156957357 35 81
6469156.775889591 176 86
6472960.818401828 336 78
6518706.279941481 332 95
6519471.055751541 440 80
6526877.080799780 430 73
6545720.398982454 187 63
6548563.940715128 397 94
6551919.828337010 398 85
6562030.568698518 309 98
6582299.286130377 443 77
6591781.427616549 218 63
6621145.366510577 315 79
6624714.590849691 465 74
6641542.818733553 211 89
6668535.129340405 435 73
6675971.930687815 379 89
6683377.162092200 272 76
6707822.277446075 182 97
6721794.796166897 279 68
6734149.605487642 297 60
6754253.737036888 372 91
6784572.017348291 395 77
6789596.634037817 328 90
6837305.589054486 358 89
6838493.430965568 491 86
6839439.977315605 275 88
6849018.797209226 306 65
6895387.956367587 247 77
6896298.102132448 486 76
6938501.442718660 50 81
6946672.666901603 123 86
6956140.119946301 371 93
6959507.303172982 450 87
6962804.870270776 472 90
6990763.208855834 139 100
6992432.443902612 49 79
7001057.162211373 264 62
7001321.924451508 195 85
7106356.609987725 198 96
7132413.374648320 208 88
7139502.940477207 482 86
7152341.666916575 250 63
7185216.383544322 478 64
7196810.584515991 80 73
7219958.601275436 458 90
7222603.819534345 488 73
7253899.786007860 229 88
7257312.577123094 302 92
7259874.295328810 221 94
7262044.666199462 394 87
7287304.169370668 288 82
7288214.474627296 362 92
7325864.323797573 190 70
7329424.241062747 300 98
7329974.286787430 380 60
7342853.958349184 413 78
7351411.181709764 286 94
7351786.313001542 284 82
7384357.349580926 478 82
7385568.670050889 224 82
7436390.482582394 268 68
7445489.437125043 89 72
7451420.150091302 375 84
7454619.287959420 285 100
7456248.237968118 225 81
7459525.420157806 283 75
7462658.042007868 402 95
7478889.560498571 132 97
7502458.934699601 349 97
7504094.818022740 81 97
7504188.435299996 379 97
7507170.633554326 130 91
7512475.379391490 89 73
7535416.590393097 322 66
7555974.599278440 39 69
7615870.123674745 362 72
7625728.763142030 382 60
7652042.669153574 195 73
7701126.710913333 231 78
7760031.038346076 497 78
7781688.551945193 497 86
7824713.420812726 478 95
7839048.670106346 403 96
7863651.186642949 44 63
7870058.320825632 49 62
7881647.470320108 366 79
7903021.832251368 79 73
7919282.609384877 385 94
7927654.620166614 505 73
7940487.347335297 441 65
7968358.220974139 468 65
7972225.890422587 201 85
7993343.328473129 149 83
7994179.627479890 129 87
8026157.744198298 308 87
8026436.691505971 176 61
8030327.171158090 405 99
8040717.358044036 443 100
8054534.664911957 420 95
8074654.421147247 305 93
8085736.107837664 365 86
8093256.191557238 118 69
8151335.875990597 250 92
8151537.131176868 135 67
8181948.139440519 404 85
8206634.024655581 371 82
8228420.166104136 430 72
8231482.181978247 485 99
8247793.608045771 263 96
8247999.033645584 136 64
8256095.431226570 32 72
8261130.639011472 415 79
8268747.018357131 381 68
8271783.832307935 201 97
8282364.731553828 353 99
8295759.280600860 405 77
8298419.273686746 132 67
8353875.294140044 402 74
8361586.913338395 223 79
8420988.803862471 101 89
8436710.393951559 97 92
8468606.710735392 285 82
8485358.981233155 297 83
8520705.003753491 152 91
8521510.493686479 348 70
8549514.844712466 458 91
8555021.554790463 40 99
8564115.621525073 239 100
8566476.335383778 410 64
8572661.425793791 125 65
8572732.771151209 206 99
8601419.440845447 164 92
8608081.091974400 286 79
8621158.441973686 396 91
8638217.486853153 436 84
8638646.614964683 438 91
8664055.071998816 145 61
8687588.889793336 106 72
8688974.691251032 509 81
8698764.113455404 309 97
8703557.437763549 182 100
8710124.113416400 412 79
8763969.471496612 189 65
8785453.067591015 467 96
8787438.895489696 332 67
8813952.308511039 207 72
8814577.419298215 128 61
8823858.275277946 254 60
8834109.930038666 303 88
8835383.750213128 356 60
8858071.164374366 421 73
8894992.008908806 329 100
8932579.209286531 489 66
8934796.342462396 454 62
8967611.508093350 187 71
8972173.233884521 351 66
9019780.555637440 495 81
9052964.914066721 322 74
9054824.790085772 233 76
9070401.845639868 300 71
9128143.911746116 232 100
9136141.640404053 273 73
9145439.790447202 302 78
9177795.133976439 491 86
9183554.141462652 335 86
9216263.879296966 84 85
9225435.978402263 280 65
9240597.113816489 166 93
9263266.211290412 481 96
9266431.162886834 241 98
9284933.915380141 125 63
9294750.916469978 476 60
9308101.341347132 218 62
9308162.690765768 225 86
9328426.481958931 149 82
9366597.294131054 239 87
9387918.224264033 154 82
9402351.202696990 239 92
9435166.788891489 93 84
9461464.069682281 248 90
9469978.965312997 345 60
9473052.011572236 76 76
9475031.272998786 188 63
9478448.380613094 41 96
9485515.397562964 84 98
9491045.160561999 125 72
9492062.026969874 501 85
9492486.643221095 130 86
9498928.720746867 449 71
9532400.702329759 249 92
9537334.052314555 270 70
9549181.982614167 230 68
9569610.692524115 427 71
9592156.727230856 124 99
9597467.059020417 232 60
9620259.941670027 102 69
9634877.606733924 375 76
9650751.655352296 116 99
9656719.133137392 461 60
9657328.157471126 76 83
9669213.660237728 280 89
9679041.034370489 451 65
9720009.871918460 166 61
9720241.026464017 496 60
9758290.591641687 199 97
9804346.194036540 254 84
9804373.768868143 190 85
9808165.643235175 111 84
9808376.517889544 393 99
9809132.518246569 45 86
9811541.654154802 266 92
9829565.840455666 312 69
9837434.281749902 251 62
9850926.019362008 224 84
9871724.140184117 107 60
9882556.085934188 453 76
9948669.375253810 379 89
9952865.704629986 454 89
9968349.824519791 444 97
9981661.591039605 103 93
9989411.137567790 386 75
9993613.458208803 501 60
10026054.295470528 180 73
10045879.733877715 192 87
10046547.521542957 41 98
10047619.154553957 212 89
10051152.602927493 72 78
10067768.164887710 201 74
10087384.191184245 372 65
10108871.300309325 510 82
10111171.944670005 225 88
10118948.007858578 209 76
10134671.604075687 128 69
10170476.887866950 241 74
10180220.286265647 205 75
10192324.346051095 172 90
10199816.903992206 248 82
10280499.900445674 309 89
10318245.655495843 311 79
10327841.678281577 362 66
10341493.497333862 131 63
10365519.007494338 123 62
10397596.192372307 441 91
10413686.433024907 138 77
10426392.901197568 229 73
10440476.666086433 460 96
10450630.172641035 255 70
10451100.824660741 484 97
10456082.056240693 160 87
10474695.372439433 48 67
10521744.778338065 302 82
10526360.510160418 477 74
10541234.183055988 293 94
10562495.831363907 219 91
10566108.584425673 380 68
10602315.338250073 298 71
10611704.576226868 479 93
10638160.144938545 129 73
10639041.336027954 242 63
10671943.561760420 236 90
10672458.240563428 227 91
10685701.091014249 487 64
10688808.946393821 198 71
10689539.779356632 196 83
10693414.717896234 133 79
10742570.058462460 47 68
10757872.397704838 181 68
10798896.314458223 162 66
10812343.945366379 210 91
10825255.723858306 59 75
10833703.247777363 150 77
10833717.937063498 173 96
10862648.011781715 456 83
10877957.144148229 395 83
10900466.879623320 487 74
10938284.995089097 425 79
10950288.011395533 87 93
10973769.794777153 286 62
10991118.344984381 68 77
10991512.194846941 474 63
10992657.379901119 281 88
11016901.069203898 88 91
11021561.121868744 197 96
11026876.061822413 290 80
11038715.278588237 205 84
11039477.739200281 218 77
11048406.288931409 168 83
11062816.689260485 359 71
11063802.595635923 72 64
11069439.822964815 316 98
11077715.861940453 323 70
11111459.301627029 382 91
11133842.939213375 497 91
11138774.828999547 181 86
11139605.186255448 484 87
11142566.211369080 156 84
11167730.223621134 339 83
11172149.098848710 81 89
11176588.632589135 143 98
11195114.851654796 427 65
11226627.516069431 284 79
11239062.222640321 409 83
11278472.290840263 427 68
11283879.376007840 378 66
11300488.191796718 355 82
11342586.628592858 165 99
11343599.306372017 449 60
11352234.983123414 314 89
11362462.720281495 44 77
11383017.538802376 501 89
11396384.213452425 475 98
11428660.849082464 81 68
11439882.962950362 352 72
11440374.249042936 291 86
11447070.026265195 224 62
11447079.516387995 66 72
11450009.734842006 131 93
11454528.106639177 40 81
11478590.044076756 177 94
11479746.462130725 208 75
11495695.961114433 234 96
11496212.650298763 379 67
11506298.276065832 375 85
11525823.525106149 461 97
11528276.338057615 353 100
11533279.724396283 206 89
11534600.402523870 463 87
11535966.796747984 71 86
11544410.781292886 231 71
11563342.720378727 308 70
11571715.792037318 156 63
11581432.318054859 45 85
11595921.531465452 500 94
11605196.181771334 432 82
11613683.252973329 365 86
11619194.803922033 454 64
11633038.479014259 99 90
11636631.721361041 166 77
11643099.628973372 231 86
11648160.520303002 419 75
11658898.901866209 494 82
11682270.777510090 231 80
11695406.944978800 347 66
11740231.084593343 318 84
11749624.297969939 173 78
11780825.186181789 89 95
11782080.562210096 156 84
11818197.726406062 63 89
11828438.801942915 69 97
11828548.537372246 101 81
11840120.750042472 180 65
11862087.058059467 168 74
11872261.117379760 48 70
11882976.426085539 332 82
11890241.276013998 132 76
11946426.110360110 49 100
11981162.007472660 412 95
11994613.938632458 454 99
12002109.764611440 380 80
12003791.656583535 349 61
12057610.455433620 54 61
12073025.372213708 406 92
12082834.355045205 451 93
12128251.932585070 236 91
12135836.046494642 197 69
12157138.801906774 418 86
12192987.879332725 506 89
12195074.763976045 430 93
12203726.994719053 380 100
12232130.096210482 255 75
12232626.039772745 139 85
12236616.806036167 383 63
12248686.125967499 63 75
12276501.990821425 190 67
12310686.425487805 188 85
12328654.785308417 136 81
12329209.923747238 369 71
12340422.747606819 148 100
12355312.458540715 130 74
12384402.142821308 357 90
12388436.784735929 381 100
12397246.004237680 248 66
12410868.582172362 391 66
12418668.575579319 370 71
12427068.509911990 363 85
12427200.138008919 58 79
12485622.011264428 445 80
12516778.416326270 103 96
12541314.218194125 126 78
12544993.411530547 492 94
12558716.800843203 332 89
12566383.418834910 233 66
12567453.459301740 170 81
12569007.665351534 204 99
12584695.183590528 82 67
12588724.276482873 131 85
12589270.596806331 108 86
12602741.395356597 333 63
12610761.004779659 424 77
12633768.982630402 415 93
12654463.590581540 390 79
12660787.488470593 168 100
12663450.998482641 96 61
12681030.921544939 191 96
12685500.895705728 91 78
12696548.785020353 66 62
12700305.826680260 334 66
12726562.922456130 37 88
12784181.362134447 429 97
12817529.333713898 469 60
12822979.462175760 179 80
12850518.757367982 399 81
12867458.909320002 231 61
12892349.437630834 250 89
12928311.988307418 384 62
12940618.979154442 118 96
12948484.227032831 114 71
12981144.173532296 419 62
13002097.089036373 61 60
13011211.096097356 250 82
13017060.150280939 354 64
13018046.187489726 47 71
13043088.850752989 375 95
13045895.891267153 326 63
13051021.097988136 48 97
13088174.275050987 102 79
13114124.624985758 146 97
13126147.913316412 104 72
13138878.137589190 187 88
13147981.657059925 150 78
13178902.718001459 257 96
13184733.765051588 52 87
13214131.458968440 202 88
13215519.861960828 383 100
13221296.908524303 247 76
13236824.251092199 427 73
13250094.481474100 395 96
13253624.814840978 384 91
13293367.892371589 457 87
13300848.295526521 305 76
13319258.065665195 239 92
13319467.570581397 365 97
13327273.494739227 312 68
13332052.443369182 61 90
13339341.023197686 510 84
13341391.203924036 173 94
13349752.355890848 405 96
13365583.850906342 274 100
13389729.821196230 363 81
13412641.899764003 229 95
13417021.374494838 68 82
13427013.626629783 140 78
13430742.572288340 290 93
13484344.091566125 353 64
13511506.507019941 144 91
13529500.315380916 141 61
13576556.472193301 176 69
13585989.612412870 166 95
13594566.419119157 349 88
13599699.529336412 385 97
13611680.532742659 123 92
13623983.808490692 495 98
13635034.333624806 161 80
13656255.825189356 131 96
13690432.532029929 207 99
13697304.964148458 283 88
13711237.610857479 319 73
13737320.043552956 233 61
13753512.259098675 255 79
13756277.377899619 105 91
13760098.009231634 412 90
13766895.550059440 396 83
13794684.636108035 251 87
13804386.641501958 410 61
13805982.500031637 363 74
13835092.278445626 246 81
13844329.648516545 255 100
13854071.937298670 168 75
13855783.030982332 178 62
13856914.805236578 137 62
13867883.623220773 194 82
13887586.586965572 374 81
13908570.597212164 63 72
13929250.675724261 405 71
13930847.187210608 145 79
13938072.226494621 331 60
13978633.476837568 358 96
13996210.643687597 62 69
14009715.083914291 381 68
14017686.095845869 131 63
14043247.038433503 249 95
14066095.812893152 126 75
14123816.217229594 141 62
14155774.137363940 108 75
14187690.919375418 271 90
14207711.086226087 355 85
14221037.748823015 138 67
14234542.949519794 70 71
14239287.450459028 165 60
14269546.805658037 316 69
14279537.626786947 215 83
14280168.048527779 317 91
14286328.109928390 298 100
14287033.862842936 281 82
14288505.128485242 392 79
14291197.927603470 221 100
14295118.530478751 280 78
14320012.236542402 58 65
14345627.059342863 420 81
14355075.178221840 284 100
14365693.942614498 301 94
14396146.563384667 457 89
14429148.165076928 113 84
14431509.435559448 61 64
14448978.296705948 213 85
14450049.784949763 474 89
14457440.777760077 492 62
14481144.727595031 251 75
14489789.242777901 140 78
14492351.217124544 314 88
14507586.233572561 40 82
14516478.971047129 453 74
14519416.033970114 69 100
14542307.946935251 107 82
14583706.037879612 360 77
14612404.066122342 104 89
14613297.889205601 311 75
14631528.816159068 440 88
14637648.810392011 74 97
14650384.668565845 296 84
14652814.566232938 348 68
14682889.011292037 434 86
14703534.487011159 90 85
14728686.968609245 243 95
14736273.089480720 299 83
14736822.326330578 390 85
14740090.008233545 170 60
14783674.838257741 215 77
14789292.325702012 299 99
14822506.983821973 176 83
14841015.189450063 413 97
14843290.689096205 40 93
14848017.334065529 126 69
14855829.521656275 195 60
14859525.486369733 189 92
14865057.593791978 121 86
14888117.336662460 286 78
14893212.393143244 314 79
14912550.216087224 287 87
14918624.586771421 155 98
14943424.661002520 330 97
14962876.065836601 405 65
15001876.045742575 473 61
15044949.578935850 511 90
15046250.843511203 161 95
15046380.149365531 170 75
15046730.793050831 137 81
15052652.411407983 454 100
15057148.427308362 437 67
15061895.272094220 266 60
15062581.559502197 298 81
15063156.172665305 44 78
15076746.527582239 166 64
15093881.206196751 266 96
15096644.291721083 346 66
15100965.876734732 472 71
15104201.763379281 84 72
15104300.291025924 108 87
15113467.133991268 139 79
15125577.493371775 277 80
15129403.740529371 33 72
15131168.155826651 107 94
15143721.640285786 101 70
15144212.568711763 396 70
15172588.873000054 324 88
15222529.920699755 56 76
15239073.563532546 375 94
15252414.990265794 262 79
15267714.043201948 138 70
15267875.814662775 173 78
15274659.000408340 61 96
15335007.481603563 344 97
15344546.477471400 361 81
15364845.984154202 210 68
15365088.250133833 501 65
15376512.934454530 261 94
15388628.114770990 104 95
15398010.802082000 429 67
15402141.741868673 269 73
15409510.771821473 393 90
15422215.603390690 366 80
15435479.944346549 96 64
15451594.113535367 454 99
15469222.909454843 101 72
15470315.361593831 40 91
15495329.964613920 192 74
15508071.732246054 379 70
15508077.991542151 362 74
15533125.339594943 472 62
15561147.357433969 149 88
15561886.259068809 497 76
15569176.218947342 372 86
15572082.100846846 116 83
15579828.892178196 130 85
15583596.214617064 84 86
15599832.695274046 373 61
15608212.593600892 358 77
15619440.358541008 139 98
15636734.115445402 498 67
15650488.593954623 83 91
15651355.301027961 154 64
15696232.617237991 88 76
15699365.499841474 471 75
15713666.891353887 351 66
15718211.141377779 41 93
15726361.108392164 367 94
15729193.816940907 223 83
15759470.576210737 349 87
15776198.496183598 477 84
15777330.720421456 293 71
15815826.101894097 150 62
15835963.334552687 350 70
15836269.502758453 321 94
15851710.861305280 472 63
15867315.929780368 204 75
15883320.528585853 413 88
15906698.760205712 97 67
15907585.140434189 252 60
15913757.915544925 445 68
15924756.296519656 122 86
15960191.794232829 405 85
15974352.598911349 171 68
16054348.336937176 288 81
16056356.617737573 212 92
16070440.798977496 424 92
16086697.950552694 51 77
16096260.573107431 86 66
16106438.026505293 55 87
16116401.395139402 362 86
16120151.212870665 477 75
16120223.795635365 444 76
16132139.755288798 124 76
16134796.427413220 309 61
16136749.458000557 194 63
16138119.193748644 449 72
16141507.528603040 70 94
16163103.995845726 54 86
16171507.848896783 58 86
16183147.459558573 75 70
16185394.344287246 65 82
16218919.301024968 477 64
16226780.975217961 414 76
16227990.786914231 511 98
16252707.444642140 338 86
16253350.723000860 90 62
16256414.590578916 181 60
16278901.309234709 132 71
16280545.232919991 280 82
16329339.825599274 52 61
16353149.236089217 384 79
16375740.291271621 443 76
16404315.626860974 304 87
16449832.192162178 392 88
16459268.350959202 106 96
16460022.053748762 114 69
16484391.824475331 424 98
16505038.687328894 406 77
16506395.109194238 160 77
16523288.180482546 158 96
16542125.531344779 221 83
16543119.497001845 417 83
16551586.273684766 237 64
16563993.350392401 431 80
16567672.407170607 499 60
16581166.484198239 217 85
16618149.680213723 330 74
16622366.066413311 360 68
16624716.942644527 409 77
16627208.161770377 401 92
16634915.958529593 285 88
16655859.365586890 290 64
16713839.719769467 70 86
16717265.648439100 82 78
16727254.557663012 185 87
16735021.714580053 283 68
16746726.467922345 67 68
16760271.593702627 419 68
16774562.025803832 408 78
16774639.513605246 430 100
16790174.209139165 48 93
16793628.459690958 264 94
16834178.911814831 412 80
16870470.769029636 76 86
16875292.887456752 319 85
16878749.859330133 293 80
16889519.962018754 469 75
16901956.288630869 481 81
16911804.170579698 307 66
16914489.763341509 443 85
16926161.340065613 505 85
16940206.538857684 170 79
16948698.494427878 49 98
16963815.556845538 54 65
16969629.425840598 118 62
16974788.629619062 329 72
17005742.679940682 365 72
17009417.350300990 298 82
17016634.962741837 152 83
17050884.278710268 188 67
17066289.054846227 71 61
17067985.724367589 411 83
17073332.017430425 481 94
17082772.420565926 112 74
17097569.468086272 357 76
17104229.993725326 100 87
17114398.428926703 60 85
17121824.814664572 335 82
17160620.328272756 197 78
17166541.176033113 183 93
17190126.955370285 447 91
17199922.981463935 338 92
17232400.437947735 479 65
17238734.232479315 408 74
17241079.090592094 118 63
17253100.723201480 207 99
17273275.744025134 369 92
17283380.462254237 462 60
17297847.750678983 186 60
17298949.791728415 198 85
17300442.978737075 93 89
17325363.624879021 287 82
17332359.579684801 139 87
17341029.550870102 166 86
17346238.032641754 181 98
17350379.784747578 102 80
17359899.698200520 85 62
17378291.408341717 151 65
17388743.030746400 242 96
17401358.386594817 476 99
17427998.566020034 245 92
17432690.295883469 428 62
17445308.226875685 389 97
17454394.994753558 300 84
17468649.378170542 176 95
17485242.959910970 246 81
17501580.850211214 359 63
17513384.050415434 90 60
17518973.484861199 305 74
17525295.720990144 302 95
17566404.865918480 417 97
17576634.113847151 324 80
17588083.698377497 289 74
17619366.232564569 171 62
17631235.754439339 250 64
17640218.065931983 381 83
17648843.660854038 252 62
17671448.514966801 322 79
17672904.662275869 152 87
17693727.343577944 374 78
17694190.549568489 258 76
17697600.171388514 261 77
17705551.095556021 339 97
17725894.448115896 238 93
17741396.015022218 421 96
17790864.902820360 263 92
17800778.078940865 340 71
17851037.849711437 367 70
17883405.077083401 452 66
17894491.386652686 126 90
17906704.973772347 328 78
17987620.979986388 451 80
18018293.144078836 193 73
18036646.991519820 430 98
18037059.381509166 336 66
18045522.881072413 49 91
18046196.389069013 459 84
18049906.909862477 352 91
18052340.534301575 153 63
18101663.682457715 125 92
18135893.643162124 97 90
18156755.478696648 305 73
18160235.373487275 355 77
18218917.427410074 211 73
18265332.040232841 218 78
18279132.867254645 35 90
18300945.460094806 127 66
18303774.206843536 156 72
18307291.327239152 117 95
18308759.788607687 43 75
18310225.978988402 351 85
18320020.981632948 48 98
18328041.633879140 185 87
18344494.993338261 138 67
18352240.347384676 348 86
18361825.013129737 395 96
18363483.249010943 33 83
18380810.562574510 331 97
18390591.133026611 201 64
18401114.815605983 48 71
18405183.259780280 495 64
18408270.583625481 482 64
18427636.102471333 346 77
18442545.354676869 272 77
18485640.348064080 226 81
18535940.361795895 489 85
18539255.711151868 60 61
18539514.201697584 85 62
18542937.460028518 34 88
18550495.798606712 167 77
18579451.367026981 417 77
18591410.541722074 196 80
18606735.379886225 378 79
18614359.219730135 118 100
18673622.259345759 491 87
18673822.692222223 331 83
18685002.258259594 415 89
18736197.444312304 255 97
18736283.226019293 317 87
18737918.979521047 426 88
18739430.519896843 408 73
18741200.811722148 225 76
18771967.324659325 293 65
18790387.309238046 106 63
18808573.666384589 484 75
18814177.221836478 480 91
18842480.985981524 176 70
18850697.313240014 428 86
18871903.989733856 471 91
18897229.527104858 53 87
18920550.649231222 282 65
18922251.409265898 157 70
18936025.766324662 117 78
18943049.684558369 465 81
18954860.278483946 250 94
18987168.436204612 331 65
18998652.385391310 453 83
19035935.439799037 120 62
19036103.382281281 75 60
19059886.637541689 315 80
19089613.312869672 173 78
19144401.660312772 313 85
19147458.221818600 252 94
19160848.227082837 289 92
19191055.523063034 509 78
19194322.176485676 369 83
19200457.517851956 312 71
19214440.788439415 391 94
19254826.162571818 433 95
19255198.961145129 433 97
19256337.149381723 380 73
19258963.445443895 453 100
19290715.768570762 56 92
19308267.092236854 272 85
19324583.519295946 230 98
19329455.147901129 325 98
19339108.961135130 466 99
19358079.163360409 102 63
19366657.724750124 276 82
19387451.755224407 37 63
19393476.073288471 121 76
19403562.833748084 36 87
19425329.894241463 355 83
19453001.817247797 266 81
19462182.568968158 267 87
19463911.734877631 108 89
19473861.170474295 34 90
19477750.883987766 154 97
19485747.428511452 181 71
19523351.976869587 141 72
19526273.272275422 493 91
19540431.184130132 364 62
19561715.669733707 204 70
19566912.626767427 58 62
19579055.741609525 169 79
19583040.124173243 388 81
19615276.729876466 130 75
19671283.432848252 351 95
19679806.332459699 238 62
19683781.672251772 398 97
19684388.129810959 456 68
19707419.486396223 437 95
19717978.375946116 196 73
19718069.196208488 380 87
19721232.352461692 369 71
19725086.811452053 503 87
19746097.805867836 129 61
19771279.377992120 76 73
19777676.270424042 42 63
19781710.277187426 54 70
19788061.271939602 446 100
19869886.325003281 425 65
19881583.047919229 380 79
19890751.402184278 357 96
20004324.680212293 465 98
20032563.418237250 132 62
20042898.954511587 72 73
20065812.343496956 302 85
20078754.699206717 470 68
20081678.264034968 160 93
20100686.919878948 338 70
20115280.421244372 124 68
20124525.986839164 46 85
20202905.816594552 503 76
20205710.810179271 441 70
20210452.155998349 315 86
20225069.817140680 133 73
20246224.185167175 74 71
20263564.155474689 205 91
20279113.811467446 295 63
20292157.381420121 92 65
20348801.153299756 348 71
20369826.942287330 237 60
20404316.820074689 44 93
20416835.036994085 93 67
20439101.566724263 213 64
20441295.369452313 172 77
20464182.980172012 134 66
20514057.528255738 456 67
20534155.621860024 156 95
20553435.892056704 417 74
20553791.457429659 480 82
20559895.149253789 128 65
20582195.755777113 356 95
20618342.326978371 326 94
20620410.349918727 96 62
20625828.695917230 246 96
20640794.179143805 184 88
20661060.723044574 162 80
20672010.963315867 98 82
20672548.032001756 259 91
20699594.231163766 33 81
20699911.944104645 333 85
20728148.303747732 233 93
20732778.842204265 480 72
20755848.964007717 111 60
20775199.690409813 506 68
20776375.954391152 91 64
20820242.370455429 470 87
20823736.437796637 449 63
20833222.839942709 462 97
20845828.643501148 429 84
20880061.383421712 225 96
20880743.912876762 455 92
20901895.379101619 475 83
20920862.608740546 383 95
20924453.792911690 144 73
21008381.896527927 191 77
21011114.565153308 67 95
21013251.257823043 48 69
21019071.367217850 385 70
21026894.051785499 464 67
21050330.674243502 69 64
21063965.200212762 307 96
21076212.846667267 371 84
21079917.966564424 349 87
21085680.050284021 178 62
21095365.162912510 175 68
21097366.064517241 320 80
21102601.915399466 163 66
21110018.912787054 460 92
21110733.212050527 217 90
21113524.121001191 382 78
21129734.981094457 449 96
21144495.874456201 504 67
21145283.963578485 330 79
21150122.266096130 245 86
21158331.036250796 41 86
21160901.485471509 222 97
21165384.809496090 383 90
21173058.471219368 279 72
21180040.596133228 225 83
21185544.053232472 148 70
21189562.876404565 363 82
21195684.091924209 117 63
21203182.630220417 241 99
21207062.480399877 36 83
21213487.558770161 353 85
21223144.477200352 312 90
21228734.251606300 176 63
21231342.515186906 284 84
21256329.130234435 439 61
21264315.327267520 195 78
21310043.885737479 187 70
21319215.168944802 124 66
21320469.260421850 103 85
21335119.691447381 371 94
21346155.160537280 463 77
21351841.925331380 321 77
21355060.775090743 391 94
21356894.603408627 145 62
21378655.365830820 157 98
21392698.511165462 322 83
21403617.751687344 102 98
21424965.156242415 34 67
21442045.028501689 338 67
21464003.055938181 93 77
21482363.740706831 509 64
21487079.882340588 288 93
21490430.984734669 476 69
21501282.720134683 173 88
21508047.455615629 391 70
21508176.390983474 425 69
21509365.026521482 280 94
21538237.267770585 416 94
21569585.599941157 356 90
21612357.492303018 178 97
21620735.614989832 109 76
21623018.668264374 290 93
21630553.248196736 417 76
21632671.308052946 343 90
21632907.582060497 503 66
21674196.846786391 192 67
21693345.854579140 183 71
21712727.082677670 203 66
21714205.039854724 247 94
21717720.223871354 284 72
21775586.483394653 489 81
21779160.925027266 294 67
21802275.341803793 375 61
21807936.714446824 81 86
21858518.594367750 504 75
21884007.828402072 233 91
21899064.899262939 498 79
21925417.637282226 308 100
21943726.185362618 320 76
21969591.867006075 448 64
22007655.635522332 399 70
22010332.508141175 77 85
22092944.751826260 479 93
22093541.734649669 474 72
22102726.808512457 307 71
22131065.479135718 414 88
22139194.294670478 54 63
22143155.115180437 253 73
22153754.916396715 315 99
22175293.187179442 149 77
22176517.352884680 51 85
22184514.740394391 383 81
22253117.225405086 339 95
22295268.282521237 446 77
22298513.949079406 152 65
22300579.115118776 400 65
22336561.324168097 482 83
22339052.436161216 377 68
22347692.798346058 244 61
22358473.582808655 317 91
22360570.162760288 181 69
22370840.358666640 255 66
22387860.649732724 118 80
22399774.200363699 286 79
22427885.559636030 112 92
22430481.009217363 471 64
22454484.207525373 494 74
22466688.662639990 169 93
22484314.774738301 327 67
22508714.966651857 421 64
22510803.194269568 192 65
22513606.093644332 173 77
22516535.481164366 412 84
22525286.116637766 141 99
22540666.450495817 424 66
22542151.245839603 225 99
22570360.587818746 400 90
22570628.800423909 72 93
22589804.539497271 72 84
22595721.850913625 315 89
22603825.711548995 246 78
22610775.133822601 33 94
22616764.542256434 352 72
22634065.051771469 191 94
22650886.175003234 177 69
22654194.298336186 97 77
22661438.123386960 79 85
22679830.298668344 488 91
22696577.449340247 116 63
22716297.285223629 417 74
22717530.349075161 332 90
22719031.949126530 391 79
22732225.015906334 274 62
22747229.740040801 143 76
22753670.814841006 109 89
22799787.539113875 210 88
22805682.529948507 258 77
22807305.941644862 357 86
22831216.401158273 482 100
22832040.057319432 404 61
22851784.932990730 454 82
22882812.230117626 241 69
22892273.498072989 406 83
22903008.820788901 201 96
22912587.833430510 39 70
22915173.217980202 459 66
22934641.518757895 175 81
22946806.142159712 484 71
22955083.655024212 92 80
22968309.723431982 132 64
22985257.731366761 318 83
22994850.602627438 100 84
23023529.137879904 479 62
23036305.302693341 392 72
23044102.118130330 392 75
23045936.084286377 75 94
23053217.986670680 471 98
23091373.707959432 35 63
23111197.441609718 159 94
23129447.355237789 195 60
23174382.138519179 110 87
23177503.749210712 200 77
23177946.730187349 414 77
23193506.471520238 197 96
23195575.193497024 351 80
23211896.374071177 454 98
23212867.267913342 156 72
23245542.061994594 247 88
23259177.242633082 175 65
23261276.475737792 493 76
23262682.818238076 301 63
23271024.318286922 232 66
23276220.216363300 268 70
23306090.961718109 121 76
23318938.541910935 120 95
23336160.252157237 414 73
23388384.546594724 163 99
23408482.559759621 298 67
23426514.347578432 387 90
23436580.581008311 75 83
23441453.013705667 297 88
23449389.453706637 294 72
23522075.932782743 228 83
23530351.671514545 383 66
23552495.991581086 244 77
23621209.588035546 217 77
23638758.520983264 32 84
23655748.978792176 450 76
23655813.601854645 155 79
23662444.578535940 261 88
23687613.851991151 386 97
23722970.398375601 262 77
23753221.797665991 419 78
23758375.413760737 338 95
23780233.015694961 334 81
23789055.626549322 431 95
23839997.170646422 482 60
23865689.090957221 56 89
