7 9.713926049 3.025850298 17.677743434 425156 8
387.293563629 86.812364084 3.394851765 0.023171468 2782.592775625 0.250000000 0.750000000
13
1 0.050870660 2.593390897 0.116564917 1.466413291 3.055258714 1.992667941
2 0.091694411 5.186781794 0.210108370 1.977404299 4.119903818 2.687039308
4 0.165279261 10.373563588 0.378720532 2.666456849 -1.000000000 3.623373514
8 0.297916020 20.747127176 0.682644109 3.595618826 7.491439023 4.885985696
16 0.536993902 41.494254353 1.230466639 4.848559522 10.101929533 6.588571709
32 0.967932006 82.988508706 2.217917255 6.538103892 13.622079814 8.884446222
64 1.744698336 165.977017411 -1.000000000 8.816392230 18.368872783 11.980348421
128 3.144820365 -1.000000000 7.206034420 11.888580121 24.769748226 16.155058482
256 5.668541618 663.908069645 12.988883709 16.031312309 33.401092950 21.784501201
512 10.217551511 1327.816139291 23.412474904 21.617634045 45.040143324 29.375597314
1024 18.417146051 2655.632278582 42.201007675 29.150583102 -1.000000000 39.611910761
2048 33.196922797 5311.264557163 76.067355380 -1.000000000 81.898874875 53.415202333
4096 59.837484057 10000.000000000 137.111478452 53.006047091 110.437615561 72.028432495
408
0.000000000 44 191
1810.152234482 48 175
2456.744921431 33 129
3400.365752359 42 145
5040.725708244 64 164
5095.555059323 52 160
10810.271034751 42 164
11680.990078841 37 188
12235.866603739 47 107
12931.306835598 60 106
16517.443727168 53 157
17503.979503756 53 199
20054.098175913 48 131
20343.820441497 45 177
20502.187328991 47 117
20824.075353163 38 136
24235.400900427 19 155
25562.495088641 62 108
25716.825939322 41 164
26357.440024190 37 146
26633.394043011 59 162
28693.726336364 39 198
29486.569562879 45 124
30061.744446038 44 161
31749.548229551 16 135
32586.870121042 36 173
33324.169812549 30 112
33359.319832052 38 198
37770.828088850 57 143
39556.341484712 61 171
41528.908996358 46 194
41733.175191195 54 199
42795.845542066 60 189
44970.679004902 43 157
46429.709319163 61 128
46799.737642262 17 157
48893.346901075 31 111
50368.645066713 22 186
52150.885813638 36 192
53595.525388062 32 108
55340.606200331 51 135
56551.157513932 36 128
57118.839040638 62 132
58156.743084141 40 163
60683.506101287 25 130
62588.299436439 39 119
62602.895795854 31 137
63955.030457212 64 153
64499.156237646 43 133
65666.775253542 49 136
66511.670985144 24 156
66688.436075981 18 190
71380.296400449 63 185
71709.396771608 45 143
73083.062715613 31 107
73655.421787838 64 131
73971.628478766 17 150
74214.336989192 19 136
76454.510237113 62 139
76709.028812598 62 179
79420.423916083 32 194
79671.639239589 48 147
80008.349987153 16 178
81770.975996864 41 197
82354.311817132 16 199
83040.936818462 48 159
83398.443044675 18 185
83723.281294181 31 178
83743.030242724 25 102
87395.074473842 18 158
87806.713852297 17 116
88516.317876910 52 194
88697.768278828 47 158
91733.128416500 61 183
91846.894351580 61 185
96318.937920441 63 135
98122.356561854 27 183
102590.776002053 16 162
103092.807755252 50 191
103623.451138156 54 200
105145.050000122 50 119
108050.333747178 34 162
109920.750933332 34 111
110411.661486313 60 163
118579.381008991 60 150
119455.980068749 31 155
119701.449218962 44 141
122369.063823571 54 156
122440.728254298 27 180
122590.639907280 19 196
122922.284207587 44 124
123764.867093100 61 169
124710.192946842 53 163
125368.649046682 52 149
126707.270026689 54 174
127300.523549967 64 200
128557.299605292 45 165
129041.220372123 48 185
132864.229243580 52 106
132897.956331908 20 160
135351.348233701 41 162
135813.360301862 32 198
137323.952261294 52 125
140501.313328305 41 179
141143.655465144 46 161
141422.638134041 36 102
141425.387992616 40 190
141607.835550093 54 186
143060.202490856 60 158
143599.625857743 35 104
145262.878691060 29 171
145625.772034608 57 113
145673.284992943 52 148
146566.652108636 27 154
149193.206660672 25 146
151931.936595495 54 185
152554.468544643 55 133
155889.982438714 19 102
158054.893737672 29 164
160487.003729800 25 168
161122.001147839 23 166
163026.558850087 32 165
163995.054938121 17 171
164801.754016578 54 130
168754.702199800 23 147
168819.508757938 31 185
172006.203771740 51 167
173074.012517524 16 191
174834.615418261 17 192
175850.154065195 27 101
176358.627341899 61 171
176770.680453553 23 106
180395.310463798 44 126
180662.442947830 42 158
181160.493128429 33 116
182050.742309656 62 138
182818.198239312 64 133
184830.459228423 54 139
186465.738961970 47 108
186482.786928720 54 167
190776.861854027 41 130
193619.298760252 47 114
196408.062921755 43 140
197388.287146062 53 187
197536.377038827 45 120
199598.113293452 23 141
202727.545281588 57 170
206026.859425060 46 176
207785.655614512 57 197
207967.387620538 19 178
208370.401172785 29 125
209820.707231225 34 196
210608.188510538 54 104
212102.352534774 60 123
214048.456261585 56 169
214625.578347058 26 119
216219.398817211 49 176
216270.579202568 34 149
216418.544752368 20 168
216779.045569589 20 107
218801.143257479 46 174
221079.784094787 58 145
222434.347865262 62 112
222545.935559217 62 179
223403.283338286 36 148
225413.979938605 52 120
226911.775266747 37 152
228504.592265959 62 114
228772.379529529 42 195
228939.410641977 46 154
229314.163411074 58 134
230042.611764375 30 194
231912.818228397 23 169
235492.419864700 55 154
240927.685074277 27 196
243330.984198545 26 197
247207.034477871 18 157
248240.866618678 58 168
248533.596442314 20 151
251683.372053051 52 156
252865.480923267 52 130
254210.169991862 23 148
255900.930733472 29 198
256770.822847230 48 163
259033.211525150 48 139
259197.575801725 44 122
259316.108966236 60 191
259683.018873816 22 147
260658.068559926 19 192
260764.344406234 29 121
263172.944525726 32 187
263413.603958785 53 142
265913.945530124 51 119
266725.972268611 39 109
270022.110060249 43 100
274325.456004103 21 119
275675.109271490 44 155
277301.870045197 31 165
277801.359477445 27 195
277827.343002619 54 148
278468.163382610 58 186
278601.424268130 62 120
278913.332239842 64 200
279261.801307597 31 162
280490.538616457 32 113
282387.071498812 42 124
284778.512920113 54 105
286448.897351573 17 107
287391.302266461 58 198
290298.488937543 35 124
293038.254446477 60 120
293586.273768081 43 186
294383.449739394 55 121
297070.703234299 59 190
297113.365217236 39 130
297378.441643532 57 169
297492.944093873 58 146
297794.836765629 33 162
297976.267956564 30 191
298162.665204930 38 180
298258.345468243 49 130
298847.073987154 54 108
299145.606458825 44 174
299606.480559222 44 116
299949.242808854 19 120
300348.443565564 37 196
301072.162030394 17 136
301965.431969056 27 148
302277.140433169 49 115
305048.513523090 33 198
305294.722279085 29 122
305609.991133944 46 195
306455.761387639 46 171
307203.940673196 23 157
307929.493880365 42 100
308668.025340421 46 110
308727.696564334 33 122
309249.545571335 27 137
311988.262897413 33 145
312235.720996987 49 143
313071.707970781 35 106
313267.192493049 34 184
316047.480579444 19 168
317397.781688313 58 151
317908.952990460 30 171
317961.710869117 22 152
321349.963415204 35 183
322803.126454397 39 111
322941.187419291 54 193
328551.068931787 44 185
329947.115240622 17 178
331710.488854386 48 106
334706.177394792 27 114
334900.576276039 36 163
335152.454097683 44 161
335473.819160855 20 144
335558.058884432 54 183
336166.090255416 41 174
336333.809874858 63 168
337181.247429073 37 177
338140.366208212 39 188
338538.106061227 64 192
339760.484810450 25 165
340553.175509103 42 154
340597.577057695 58 139
342005.645582480 40 191
342781.299129199 18 168
343065.311845239 29 153
346448.922274657 62 114
351931.339577523 36 192
354049.808815289 56 185
355760.711140709 44 122
356151.259363842 32 187
357587.483934514 50 164
359253.579498156 59 120
359343.226365450 64 189
360407.022108866 31 151
360669.978282685 35 149
360939.016463498 17 197
361444.711576541 44 168
362000.484073539 43 101
364104.474706123 34 192
370056.765291494 28 173
371684.803728402 28 109
374271.826751783 17 151
374608.111554142 19 122
380022.608671924 19 196
380157.278554630 26 132
384308.966572298 53 120
384551.911425663 56 180
385544.547114326 18 152
387242.422561176 37 195
388387.505280822 43 117
390237.721990726 63 102
392082.419392414 42 176
394655.024256876 44 150
395857.276738924 17 117
396132.277664588 34 155
398317.847683691 49 131
398638.434181594 45 185
402064.672723489 61 101
402825.028980974 35 140
404374.799399038 42 105
405109.567084548 55 108
406414.168506118 20 100
406926.981443139 51 143
407938.084387819 61 196
410788.431341921 46 150
412108.959478609 18 183
413492.659748669 45 134
413692.940659172 56 132
415025.174772468 53 111
416471.709099979 58 190
417407.416407617 24 121
418478.550569012 50 117
419295.808963647 22 133
419763.651330437 36 199
421465.485567141 41 106
423033.743947357 40 149
423403.654042325 43 181
423591.620785872 56 129
424984.441795714 48 190
425332.617766441 21 177
426291.043304097 51 187
427889.877163648 31 178
428792.809555280 52 158
431413.943516276 62 132
434637.622182161 29 179
435206.022857793 58 139
435530.732813419 64 112
436014.874101613 55 195
436439.852281635 23 160
437054.121652666 60 178
438106.102274247 53 141
439417.502632132 53 175
439526.148691177 21 191
441396.072188420 53 152
441827.983648224 49 166
442278.451006872 56 194
444721.149527096 64 200
447569.129313044 30 195
447760.979023664 19 175
448099.944261441 48 184
448144.618238410 61 105
449288.072820382 40 135
456925.557992994 42 176
457244.033917245 46 116
457963.829068548 62 121
458502.343930030 17 172
459428.628307628 39 152
459537.592880744 41 171
459899.983706096 25 181
461403.206974675 64 112
461434.521826393 60 165
461620.924430631 51 164
462203.722599159 30 100
463793.859218400 23 133
463965.192235196 52 137
464053.236089148 19 104
464141.262845281 45 172
465172.547223557 50 177
468170.604427394 51 121
469831.325157449 60 106
470526.946304916 64 138
471251.471553443 16 152
476349.189442536 17 115
479128.331357643 18 116
479417.321588880 36 159
483550.800018518 28 109
483745.096190768 32 195
487187.279300662 37 111
488433.276545493 64 100
488635.127575722 23 117
491412.986351312 56 167
491563.651111454 56 136
492054.136311148 26 136
492094.459781881 31 127
492611.448378425 35 188
494092.794130100 16 186
494755.554121163 40 163
496109.651609767 59 183
496506.449827521 18 129
497342.353159400 64 170
497866.991254388 36 168
497989.698419705 63 160
499337.472160151 28 103
500843.859016500 47 126
501495.092142438 56 133
501963.659205439 32 171
504087.627993918 53 171
504839.784625052 32 136
505008.489273958 60 113
506576.389605206 25 156
510407.874264721 39 172
516433.771661694 16 101
516738.276499029 32 112
517023.508033820 63 148
518070.553913787 46 112
520132.905965303 27 148
522594.399006424 64 103
522974.390592415 50 200
527169.397458844 17 109
527818.712653269 40 188
528957.328181587 24 167
530574.376393634 47 108
530682.143341608 41 112
530956.411926710 57 193
533964.804864476 51 175
