6 7.663162437 2.702835486 67.776665174 974998 6
589.904725139 54.218111131 0.057810931 0.028619273 1737.751391086 0.000000000 1.000000000
10
1 0.310779370 0.681305773 0.332420920 1.128249805 3.487868172 1.171899419
2 0.560180102 1.362611545 0.599189016 1.444833156 -1.000000000 1.500730715
4 1.009725152 2.725223090 1.080038756 1.850248803 5.719853779 1.921831041
16 3.280606697 10.900892361 -1.000000000 -1.000000000 9.380150178 3.151665143
32 5.913296606 21.801784722 6.325077175 3.885683553 12.012190859 4.036012484
64 10.658722603 43.603569445 11.400957460 4.975994154 15.382773890 -1.000000000
128 19.212357354 87.207138890 20.550236370 6.372242487 19.699131933 -1.000000000
512 62.421133202 348.828555559 66.767914948 10.450020893 32.305164265 -1.000000000
1024 112.514150349 697.657111117 120.349228469 13.382263937 41.369891901 13.899995606
2048 202.806860105 1395.314222235 216.929595665 17.137285170 52.978153644 17.800290720
489
0.000000000 63 177
2181.480893433 18 167
2943.103460960 17 199
2979.056540448 31 191
4205.402021964 34 183
5046.365885536 45 200
5857.926108935 38 112
6639.323173336 16 131
7771.570231458 20 121
8194.607610330 62 198
9348.481339093 63 167
10305.886838970 17 193
10340.801279678 56 152
11494.976444652 51 111
15304.481564701 18 186
15815.822170914 51 102
16509.166487882 29 185
17168.439202769 60 188
17699.591489993 53 190
18062.924070271 37 115
18562.910780850 39 121
20835.794708166 57 137
21655.480638669 26 180
22046.793450265 26 165
22055.909527883 37 167
23681.633406878 44 165
24545.341734680 18 131
24860.559637640 57 183
26357.247794175 41 158
26902.623831221 60 158
26981.013434103 60 133
27490.824350028 59 104
28512.206283052 53 169
28679.462863543 61 108
29337.329330251 36 167
31059.440960390 31 134
33939.269236521 33 133
35042.972127133 23 193
35861.637163229 30 138
38392.792588646 16 160
38520.376427885 25 150
39166.372534466 26 167
39723.025555978 54 196
39801.886498933 36 181
41672.524532548 27 112
44052.572040586 60 100
44248.480274781 37 121
44657.563040762 46 129
48384.675449014 40 196
48714.072186141 52 123
50275.760078610 54 129
51456.732503651 49 122
51493.984224528 39 195
54014.333220561 45 183
56751.325206705 22 192
57212.190819534 63 122
57582.202664087 19 178
57763.554419793 26 109
58059.722173995 26 114
58119.124238283 31 100
59090.404427550 61 190
60767.737699554 44 103
60794.434762017 40 101
61254.492803341 61 109
61384.562572358 43 154
62554.426503485 44 174
63631.344018501 59 147
64377.984834999 34 129
64921.123169337 33 151
67535.734399518 52 154
68043.691104718 64 155
69131.105755061 39 124
69843.979142239 40 140
71966.599716219 55 130
72106.146384021 40 113
72248.398331022 21 133
73189.545434631 53 190
73673.621368027 49 197
74014.006049948 45 195
75636.006373874 37 119
76000.702436471 62 108
76215.294025133 49 109
76738.144631425 53 120
76842.720395222 37 114
76908.991431582 17 119
78389.762434997 55 172
79351.279932474 53 150
80429.749098702 26 171
80750.098566350 49 101
81755.441127285 23 151
83025.818173762 33 104
84476.277165877 50 180
85326.955265964 33 160
86562.382690668 50 107
86836.522931491 47 198
88172.676885798 52 109
88434.980916442 44 136
88630.567828712 38 170
88767.499336260 22 115
89431.619124304 30 131
90489.699680708 40 171
91374.529649435 41 162
95554.900847365 40 192
97583.305483782 18 161
100904.732508167 54 160
101498.389317006 45 103
102049.823980892 47 105
104498.993792385 36 195
106313.516446167 59 192
106588.077972962 20 142
109203.341615036 51 179
112130.591636566 20 162
114222.330472610 29 140
116100.201216417 25 142
116412.172999865 16 157
117363.706745812 37 137
118080.506694727 22 155
118706.638283101 37 171
120839.791513896 59 197
121851.267533552 63 100
122814.262650680 57 137
122992.347659683 49 157
124923.868778698 36 139
126414.393414676 28 162
126526.604954501 50 170
126555.407305786 21 162
127410.308381369 38 150
127782.230842630 54 199
128848.460115359 39 116
129442.548629334 33 106
129974.766355269 37 190
130021.733933151 42 139
130276.421676556 27 183
130613.574572779 24 105
131970.523095726 32 175
133033.395751682 43 187
133265.521901801 47 136
133518.108882503 22 119
134007.482094059 27 178
136730.199124872 28 127
138004.002239691 20 103
138721.264713591 32 104
139362.569563072 56 164
139810.880400351 18 183
140591.113142913 59 145
142362.335826366 22 187
142873.577604514 45 114
144334.689637573 32 133
145693.397056394 64 107
149807.927499854 23 117
150532.452318196 64 153
151436.718337684 26 127
154967.857927539 62 159
156096.444643180 56 109
156268.788978061 46 127
158385.863308526 37 111
158486.662071580 20 176
160155.468948921 20 188
160601.459917871 36 197
160690.504447471 49 159
161236.365884422 52 171
162399.532296515 47 144
163390.829349875 42 195
167041.388603524 22 169
167626.306038368 28 160
167723.109222749 61 157
168270.234282878 34 134
170173.291451977 50 100
170247.581919402 29 194
171251.390996476 49 102
171353.891153301 45 121
171545.127073246 38 200
171648.799514469 52 187
171994.895795495 39 164
172412.518966570 56 140
173707.833908545 34 127
174325.827955272 20 108
178058.589947473 58 163
178084.819306359 53 168
178537.305303410 23 145
179311.805177668 61 180
182510.561362182 17 160
182771.293268458 39 187
183853.830434459 31 137
184625.664048909 61 136
184780.043440791 33 196
186721.629782430 28 124
187461.060655330 37 106
188151.288836288 19 128
189432.381102053 19 107
189702.335445880 53 158
192650.963001733 42 152
195101.048877544 30 191
195557.319537446 23 116
196858.079160393 23 170
198535.038098101 55 188
199208.800156416 23 110
202297.584867191 16 187
202365.930779957 63 131
203123.487071816 47 184
203374.260322326 46 183
203556.720565941 35 149
204448.226724398 53 151
205547.056641860 30 116
207079.199061208 60 137
207209.160930013 33 113
207824.004123231 28 190
210377.906006554 31 104
210666.974848509 44 104
215730.500617506 55 142
215844.957297731 62 140
217677.848936590 18 161
218299.579038224 51 131
220221.877946220 30 155
221930.588576639 18 198
222345.627632659 49 188
222618.359251330 64 165
223420.220614825 54 102
228549.803303053 58 187
231514.836193140 45 158
231702.763152481 42 198
234203.885303253 37 144
234366.805457094 32 168
234448.661594414 20 110
234740.615158894 60 103
235739.816797515 19 134
236603.284152732 51 119
238772.051831015 36 162
240041.900200484 42 105
242244.674020396 40 121
243650.524839918 41 150
244699.233713129 64 148
246321.231932224 22 179
246590.908991700 29 143
247471.125009095 27 191
249613.380645489 43 184
250234.226920511 25 185
251995.132371731 17 117
252432.285659412 18 106
253437.115856216 53 143
256218.792445043 54 124
259183.356976059 30 137
259842.200386535 29 170
262633.212930322 53 174
264151.582172435 64 110
264260.628387800 20 179
265326.314172494 41 107
268058.881495447 26 104
268805.941137841 46 108
270146.145250413 17 137
270185.834538508 16 124
270970.436992487 18 120
271256.478142660 54 159
271641.472269514 45 181
271881.042191799 39 151
272671.541597361 38 179
273947.411470474 44 115
274676.145016465 62 187
275483.018453293 28 177
276590.625286019 53 108
276735.421008725 30 165
281414.200017129 26 138
283232.374314401 42 124
283362.885236670 28 146
283395.461047736 31 174
283407.503104630 55 181
283832.042182105 25 184
283918.111647961 30 198
283967.041787724 31 183
284074.064587539 48 192
284539.499535710 35 148
285210.660824691 22 177
285718.845999513 25 174
286285.439391949 57 175
288092.814600442 46 165
288099.268682237 54 176
289228.367228033 35 130
289762.339066102 24 153
290797.296602504 42 103
290966.956228572 62 194
292392.044860603 59 126
293475.375382483 47 143
293882.508825104 41 130
294212.796667888 38 131
294325.865587684 23 178
294683.801169388 53 125
296025.236063476 42 129
296167.574839677 36 183
296508.004936167 16 160
296791.682346537 40 133
298537.301933640 25 121
298616.969093628 24 172
299313.085564061 17 135
300128.506139179 37 198
301566.181831416 51 104
301725.816764470 46 162
302102.101640044 59 174
303523.203630388 47 164
303937.724074546 36 106
306022.920876290 61 103
306047.781076663 55 166
306135.318156311 37 115
306941.724373122 62 172
308094.917796172 23 126
309066.050983772 41 111
310036.401288419 61 144
310267.044128459 59 190
311071.996830042 21 199
311658.459003467 45 198
314193.174475509 30 129
314613.668045264 41 182
315133.971067580 29 181
315638.225789252 43 132
316499.370135268 24 189
317368.736604445 53 114
319010.437106095 28 199
319469.322659578 39 112
321573.358755180 26 164
322259.231966511 45 119
325065.212404815 45 132
325890.855504836 60 196
327489.207793874 26 130
327999.489578503 18 123
328819.679665188 21 116
328895.759312061 43 129
329127.587518867 58 197
329309.953839583 17 103
329879.679739448 52 122
331813.150672623 50 152
332257.147960051 56 199
332332.464319728 51 193
332478.482266219 16 152
332696.825300324 23 159
332887.797258376 60 198
334519.388398641 59 164
336872.254889902 42 176
337506.729929800 58 143
337669.403081071 59 185
338498.971659669 25 200
338661.412803009 22 141
339096.064646298 54 109
339424.135450168 32 137
339521.811909244 59 195
341403.989017439 24 117
342214.293235636 45 107
342508.229571149 31 100
342915.735001107 34 197
345224.032691137 37 110
345934.681362060 42 170
346824.138591554 33 189
347369.658658751 53 165
349252.829786660 56 182
349272.173745288 55 111
351625.376412108 41 189
354053.159885100 23 122
354596.607802254 51 168
356243.668008314 32 137
357010.855755565 25 139
358028.638048173 23 108
360122.663259041 16 141
361628.769216819 34 151
362533.064668175 62 152
366911.333537339 47 178
367578.500035981 37 160
370448.046528721 38 189
371458.718921241 58 128
371490.284204126 61 153
374394.308845552 60 122
376863.431317310 61 123
377543.067337348 29 116
382057.210428396 62 188
384779.060081231 48 181
385203.643486334 27 113
385412.518413066 63 184
385566.897696252 45 104
388220.776561715 61 118
388569.927396474 41 137
390023.806003357 28 147
390888.402874980 23 174
391959.299043893 24 188
392315.930180393 37 106
393461.451117270 40 180
393582.182613212 55 128
394197.823757222 31 104
396045.244176519 38 130
396368.241000847 30 104
397725.628411950 47 196
399217.510027941 27 125
401231.575215420 19 152
401803.033711343 59 140
403021.060782767 36 161
403123.092611345 44 152
404236.890761380 59 139
407313.324309933 36 146
407457.703354634 58 188
408482.159157901 37 113
408836.828002511 22 173
410460.200352452 47 118
411709.039495891 26 139
414192.505510224 19 104
414428.553089607 64 149
414748.813654981 43 176
415877.362564687 64 182
416544.389646200 48 173
420885.683435769 48 171
423219.604794328 20 137
425895.701340034 34 195
426550.959796018 17 199
428949.330914378 59 126
429132.397170112 25 191
430618.559367586 37 126
432380.774471311 24 193
433369.388654754 41 147
433781.488720648 54 102
434736.592051042 33 165
435924.220760026 52 174
435955.838594675 23 114
436354.561321200 55 130
436816.447113289 31 187
438630.779023600 23 185
439213.276398326 42 102
440846.927841817 32 174
443253.385565293 33 137
444599.717626035 46 123
447301.091505725 37 109
450250.691719530 16 113
450486.672763949 49 190
451096.908548648 54 190
451603.198635617 45 103
452479.223581070 51 131
453712.105835043 64 198
453941.337709196 27 195
454887.175192398 20 169
458032.181793149 42 120
460373.007705154 42 158
460633.134253092 47 129
460814.689555773 37 137
461042.048952294 17 189
461361.899773288 34 115
463412.776531528 20 130
463627.000078829 39 123
464896.788806683 50 140
465114.615878019 50 100
466478.071693838 16 138
466679.065013936 52 101
469038.586194446 27 173
469047.931763489 24 181
472221.097047294 60 155
473572.813178467 25 174
475473.343424698 26 170
477434.228777850 56 170
479079.009609839 22 120
481023.391824385 46 121
481259.359854306 50 177
481631.027901741 33 136
482363.837628167 33 104
482773.671658001 18 119
483121.514969616 59 118
483913.972675543 49 190
484264.283277655 29 128
486286.027958979 49 168
486336.036293050 64 100
486622.053696866 42 184
486847.642578514 18 177
487394.607696511 33 182
488579.000410297 51 146
488865.687633693 59 133
492992.093424854 42 161
494035.085371977 34 127
494494.284925151 63 166
495212.874508066 43 103
495313.087838129 28 195
495999.494467093 27 173
496639.816972134 62 145
496952.697996675 59 128
497326.815963912 31 167
497499.945926013 54 195
498139.211625048 26 184
500667.226946182 63 182
503460.387089662 46 173
504100.560310146 54 178
504239.245244836 61 146
507783.744984634 45 151
507962.037317372 57 158
509131.194374436 31 176
509232.185182094 37 152
510497.218075658 34 150
512338.591282477 19 124
512441.472273566 44 198
