8 1.823292313 21.623772967 0.121859896 578699 5
23987.032129043 141.239935133 0.067865099 0.006640421 190.566380174 0.500000000 0.500000000
12
1 0.267546576 1.350512494 0.070104713 1.739997815 2.704695268 0.272371212
2 0.482252951 2.701024987 0.126363810 2.349104297 3.651505317 0.367717923
4 0.869261390 5.402049974 0.227770884 3.171435589 4.929757241 0.496441861
8 1.566844460 10.804099949 0.410557229 4.281633519 6.655476125 0.670227111
16 2.824238589 21.608199898 0.740029785 5.780469152 8.985302983 0.904847910
32 5.090692670 43.216399796 1.333904371 7.803989639 12.130712842 1.221600449
64 9.175978249 86.432799592 2.404363864 10.535867017 16.377210022 1.649235901
128 16.539709283 172.865599184 4.333868089 14.224069858 22.110242950 2.226570118
256 29.812841285 345.731198367 -1.000000000 19.203371018 29.850190763 3.006006895
512 53.737674000 691.462396734 14.080778962 25.925734488 40.299597366 4.058294586
2048 174.594217924 2765.849586936 45.748585818 47.253965668 73.452722865 7.396917265
4096 314.706239346 5531.699173873 82.461868265 63.795766182 99.165703176 9.986294221
514
0.000000000 36 158
2007.160222408 49 143
5643.526731400 19 105
13568.032326857 57 138
14137.181127197 27 135
19426.573424496 55 195
21003.217422065 31 183
27917.068951511 37 197
34320.430699633 63 137
35328.329955067 32 125
40381.048600501 36 125
41772.455657604 35 116
44608.406695175 16 189
47094.110014538 58 146
56323.113861660 21 161
57203.612946694 50 136
63577.839598842 52 130
64774.458176892 35 127
66394.181832347 23 185
71904.399980488 44 144
73460.604774270 32 112
76239.276180680 42 176
76900.606183915 35 131
85928.963086376 34 166
109049.640525840 31 194
109912.846141887 28 157
110241.104031954 62 176
118166.263918876 16 170
121780.666786647 58 127
123998.911197479 50 157
128325.551855932 20 165
134049.416009725 29 148
135471.370481842 36 119
142078.459047000 45 138
146546.151653802 60 142
149203.198251146 21 185
161992.150761891 52 189
170474.986491654 24 174
170519.074039100 29 155
180191.761660616 53 158
183658.295652251 61 141
184483.884306421 52 157
191344.955698551 38 133
193095.639427784 21 122
193872.446672549 17 121
196179.006325986 35 152
197608.247692560 52 117
202657.993534973 41 190
203407.379216677 36 106
210752.206317238 34 170
217622.009138137 39 109
223586.425149430 26 154
225483.351838163 30 132
232286.926619009 42 130
232466.685932599 62 110
233042.490735731 53 130
237406.406077961 50 154
238326.784330574 22 147
243038.068506694 62 133
247749.479603577 35 123
257005.438747688 33 150
258511.125716479 21 198
261151.465033709 64 136
261412.576751221 49 183
262852.128838350 45 136
263305.187146653 16 172
264082.019060450 54 122
265190.520814362 36 177
266043.318379190 59 101
267439.846126350 43 146
269704.105106969 59 117
270650.282838907 17 186
273498.897802550 37 173
273626.000942593 49 145
277264.258734754 21 173
297024.525583572 61 117
302510.343503286 44 115
310256.265345972 57 159
319464.427625768 49 133
331354.133950661 57 137
338839.427817940 19 109
341857.313107318 63 154
344498.662417257 24 125
358649.943788236 64 109
359441.677426391 28 173
361092.654884570 30 143
361300.322375832 40 119
362163.024086787 51 192
365944.552563000 39 149
393933.456622213 55 174
397002.410780273 57 126
401641.982757481 59 176
403350.620998249 62 101
406094.816577794 41 125
411375.773391398 48 157
418448.431866847 19 109
419512.358460418 44 168
421702.940923004 40 122
426861.349940408 38 135
431505.484394835 23 178
433480.983379391 61 123
436281.617372190 25 132
442366.461299610 37 132
442932.365429857 54 146
458032.067631786 53 159
458303.897630189 36 160
460097.128880881 59 151
467418.291209211 32 166
474360.261237309 64 147
476365.312237793 59 134
481996.719269499 46 108
485547.374955949 18 193
488365.371155430 28 177
494374.749655073 37 191
496104.035001625 53 153
512127.553401744 59 110
513072.586548722 63 161
515883.085725487 16 101
517935.963456405 28 119
520612.704182968 24 116
521850.554865281 48 175
522930.971165681 50 178
529087.355016121 61 152
532755.346767420 21 173
550274.056150223 35 166
552802.389658468 30 171
554236.930724029 44 186
555908.571802416 63 159
567542.630077138 47 132
571095.394309624 64 140
576030.136915552 31 195
580226.287364281 32 144
581679.622576200 62 184
583541.705363935 21 112
587567.901627399 22 177
597096.179063894 51 155
598378.534904137 29 160
599198.872519093 44 121
601650.170073318 53 169
604968.414610206 41 129
609743.023157613 42 147
615955.579369446 30 134
617215.099835281 33 113
621689.097782377 49 180
626388.436057143 30 175
627145.647456049 49 177
627524.404831650 42 142
633942.188696947 16 196
636562.544164366 24 167
637825.248696346 45 122
638612.539001190 29 102
638666.182266673 28 195
643775.201722888 46 186
665182.371629841 30 105
669152.291803075 35 188
675153.480594901 33 182
676272.518781716 56 127
682851.628054636 44 133
694449.800925408 28 198
699727.858275440 25 131
700753.248779716 60 194
702317.105303637 40 143
703145.045586315 45 176
724305.397806009 25 142
725611.065519923 57 172
726669.750593727 17 200
730336.421479753 57 132
736455.584868723 16 147
737662.829834226 27 200
739922.069986770 28 155
748556.629464886 38 140
755651.070947574 56 130
756029.076717282 33 167
762450.320736842 55 167
768428.994581056 35 174
769234.902763092 53 128
771737.377516463 50 118
777235.850196917 55 143
779540.124620596 45 154
781031.422661045 17 108
783568.660476374 43 170
785279.859886032 41 111
789377.491950419 44 120
807982.234368975 55 191
810928.711513256 64 180
812681.528706782 63 143
812834.035546627 42 117
814956.598340153 18 194
830980.752593974 44 123
831878.418415752 24 185
838352.674446234 26 128
839574.044777707 53 182
840164.464860334 51 130
843025.031218985 45 164
850948.329577609 16 185
851016.197753678 37 140
852141.598853518 31 195
852687.093744061 21 100
861773.296410382 27 169
862165.886981548 61 109
869455.680620137 56 134
895028.783317425 64 150
904093.051229516 23 155
908145.474029459 56 182
912341.602405557 42 121
912416.061975088 21 178
913930.571146372 45 134
914197.143422406 39 144
925869.951618306 48 145
926448.319659042 22 166
931482.117192003 52 116
932646.680384870 17 118
943912.930758297 25 107
947978.755233906 56 191
948334.707457909 18 116
956068.490196763 21 129
962486.877100325 22 149
968259.355823434 54 134
968465.052231771 40 171
979428.059485847 49 147
981872.826569294 31 113
985099.558994661 39 159
987273.362125747 59 128
988008.573991995 50 186
991132.465682886 28 152
994338.248243994 33 102
1001236.836596983 37 121
1003657.623981032 55 118
1004591.908333105 53 113
1010547.501349956 35 197
1014015.836148798 21 128
1015771.122291655 47 169
1018159.781912654 52 196
1021708.776642495 46 170
1031655.101357567 20 146
1032205.030756037 19 166
1034872.349065288 19 141
1043490.237434376 31 100
1050223.559587555 16 123
1053887.784023521 17 111
1065716.023508317 28 140
1065859.486067095 29 111
1074783.821676584 62 144
1077047.407981340 22 135
1080109.476601548 33 145
1092148.538058141 30 136
1104379.840786560 43 189
1114208.294769131 50 120
1126682.741756227 19 185
1129383.820773905 46 177
1132311.042092558 36 182
1134146.863543853 27 170
1134603.963634334 59 109
1137598.387793783 20 198
1137736.120898653 45 174
1137744.278195439 40 143
1149692.412638186 42 150
1151795.354492498 40 102
1163681.538096213 57 188
1166500.262068574 33 143
1172782.819158623 24 104
1173633.087302597 57 100
1175200.024482633 46 126
1185318.994462303 17 130
1191422.555160460 45 118
1191836.988871000 20 126
1223639.831224803 23 192
1225725.936930923 18 163
1233707.273904396 48 165
1237875.782615678 47 192
1247886.029528351 54 166
1252023.618708197 46 192
1253830.789578564 25 166
1256822.245409458 23 137
1265037.807498954 41 151
1266833.329713471 52 136
1272757.742748013 47 100
1276925.799722913 47 104
1287975.635222968 57 199
1293900.705413460 50 154
1302311.402789045 33 190
1308414.696264012 36 149
1319799.220411982 28 104
1324494.271364078 37 156
1328243.414175871 21 195
1332064.242506966 23 119
1335654.145194790 36 124
1339470.339596318 35 163
1346454.948174951 51 174
1348582.969765488 24 144
1357780.701640091 29 130
1360872.949725489 43 145
1370952.205974519 50 165
1372115.931087120 39 160
1372589.245659750 29 154
1373590.687366784 64 156
1374670.272867858 32 180
1377023.820881993 60 150
1381309.310843620 62 152
1385901.452331646 56 144
1386679.771551500 20 131
1391348.856778064 40 137
1392440.686371580 32 176
1399551.828254180 27 100
1401375.963488297 64 161
1406603.686555323 56 197
1407846.363548185 22 190
1412416.715856539 48 178
1415317.162729047 23 134
1417524.937004339 26 154
1419209.787483303 39 192
1424468.652282501 50 192
1443272.423968545 62 164
1443418.316375183 19 151
1447138.690379030 52 101
1450358.022067087 62 147
1451305.281561731 33 199
1452339.947130027 38 174
1454760.047974983 25 110
1457032.867585327 33 146
1457156.681103516 24 106
1460198.414191223 55 191
1476641.879023620 27 139
1477834.453515460 33 110
1481081.651643131 61 127
1487063.673322858 33 147
1489134.264106181 44 117
1490010.606754845 54 108
1493820.103442411 56 153
1495920.685397278 39 169
1499804.052134253 48 116
1499856.453602263 49 123
1501080.709557004 30 173
1506207.950496520 64 128
1506859.997304489 35 170
1507486.216454185 35 113
1508980.511117270 63 158
1512351.064298040 31 151
1516617.115439978 45 110
1517735.946497856 52 149
1520789.752863478 46 152
1524799.648086527 57 153
1525268.350332830 35 186
1527083.695944619 16 128
1530459.132668469 62 125
1531629.337893071 20 127
1532725.348853987 62 156
1535780.763209939 59 178
1537929.637437645 33 146
1540506.814538767 22 177
1549279.421796285 50 134
1553553.644258551 53 105
1555278.478496780 48 126
1563630.626925710 47 167
1585041.351189116 42 140
1593898.853643182 28 162
1596100.107396251 53 197
1602515.412144213 54 129
1605806.325796743 35 152
1605875.802813113 49 156
1615863.034201647 55 128
1624950.537863764 16 173
1627694.389000811 61 109
1654168.883327641 26 130
1656823.648039119 41 164
1657138.978955983 21 186
1664094.637617548 37 117
1668302.028861226 28 198
1668775.060234408 20 171
1671886.301099245 47 103
1675457.157807228 35 111
1693663.630040072 40 110
1695471.423364030 48 118
1695637.650623529 42 156
1700160.352358305 35 191
1704918.037852694 61 163
1706610.949021211 59 111
1709882.474660447 55 104
1714879.479929113 40 101
1719343.553283905 24 125
1723650.895915546 22 113
1725389.613978955 24 135
1725496.790283239 53 111
1726738.780205983 42 187
1732863.124654493 57 156
1740540.333125331 55 125
1745048.236348483 63 171
1745781.125502480 24 125
1746922.693668396 59 160
1751087.358725650 24 129
1752017.122400564 35 159
1753648.539976304 19 107
1754458.948511876 33 171
1756854.509050618 47 143
1757206.791830774 53 146
1763520.040127500 52 178
1772990.077553009 46 171
1777700.399889700 17 164
1779613.156069316 31 164
1786493.840952191 28 187
1792451.870347133 30 124
1797009.119840961 27 189
1799155.035730518 63 111
1804763.647088914 35 107
1810892.689676322 42 193
1818752.311243291 63 170
1820957.928521966 41 136
1824258.374881467 28 121
1826796.450180798 17 190
1831450.297175667 27 103
1832492.059832714 32 107
1835423.206616580 38 154
1837497.998473814 49 158
1845140.170606781 25 153
1847385.047154571 63 114
1849369.827797642 23 173
1851672.548524495 42 183
1859312.562108770 32 170
1861037.216563497 47 119
1873026.411148894 61 149
1875093.432698790 39 118
1876954.794620312 36 142
1886936.554392721 22 166
1895324.608619469 27 120
1896518.432391023 23 141
1903773.740113118 23 118
1910944.326132086 64 157
1912420.996247804 42 185
1914336.055869663 64 170
1922214.425290003 28 199
1922299.895772365 57 114
1928227.842437318 49 133
1933647.111443300 47 116
1934323.070364819 48 161
1936658.400392862 31 171
1939716.624532848 33 126
1943505.577788036 37 141
1943653.543327273 35 126
1944031.246756060 22 125
1947757.340099690 37 170
1949289.067848811 30 148
1951521.800532677 52 165
1955385.034365048 51 124
1968416.103842298 24 155
1983957.827734005 23 118
1986036.391298402 29 137
1987433.203762860 21 152
1988778.001637838 33 153
1992924.791190037 36 148
1998378.175184398 42 193
1998650.854476729 28 168
1998863.747836293 47 156
1999382.873512639 33 144
2001620.410257912 54 129
2009552.467241515 46 113
2011907.586263948 61 161
2020013.649283094 44 115
2025133.046594699 49 133
2031186.601773686 43 113
2036832.140786560 42 145
2040979.813635121 35 167
2043972.290153971 18 122
2046455.620629498 31 107
2048821.077065535 63 195
2059244.904882539 63 185
2061051.208353627 33 160
2063784.703622490 55 185
2085134.321478951 39 151
2090855.905573522 52 161
2093534.370105621 43 169
2095346.662133082 25 121
2101591.254928867 38 177
2119201.711188640 53 181
2123932.944248795 17 158
2125639.958180996 23 181
2131785.347031587 35 121
2137731.794084176 20 179
2137836.127753394 37 108
2138196.307056435 22 124
2140593.078402879 53 195
2141503.670343051 59 148
2141540.951921299 31 117
2150743.941682130 55 198
2151288.003183717 34 196
2154689.850155788 23 133
2157817.998498326 33 118
2161412.917395141 51 198
2173160.609595964 37 170
2174260.085523461 31 166
2184387.356094590 43 128
2186828.749496528 55 129
2192344.284987096 32 133
2194757.449064567 22 154
2195733.740555082 26 153
2197216.614641347 37 104
2198057.756012156 62 130
2198098.970109444 55 101
2203283.514269273 33 172
2206723.488991221 63 191
2220892.364546626 62 197
2226706.725431067 58 183
2227332.601707782 32 160
2227752.602134465 54 124
2234028.125666308 36 147
2242900.351583451 28 173
2243083.935349890 62 117
2243570.891232040 18 148
2244292.146728684 30 110
2248424.693500079 51 119
2255998.440783946 26 159
2259803.652389874 54 122
2262866.890948660 43 144
2264102.221778376 20 120
2276599.985017528 41 122
