7 1.632171294 1.202926760 83.276754720 10695 4
505.854348565 13.013300883 0.415155226 0.088519238 760.047855727 0.500000000 0.500000000
10
1 0.082685441 2.310120023 0.332937273 0.917839516 0.661084860 1.678814515
4 0.268645791 9.240480094 1.081716390 2.265590599 1.631818654 4.143977586
16 0.872832749 36.961920375 3.514506920 5.592372819 4.027973232 10.228974128
32 1.573281837 73.923840750 6.334901976 8.786247999 6.328399928 16.070871234
64 2.835841967 147.847681500 11.418666672 13.804185880 9.942629543 25.249150010
128 5.111607768 295.695363000 20.582157242 21.687931847 15.620991618 39.669260424
256 9.213677732 591.390725999 37.099357471 -1.000000000 24.542338428 62.324879134
512 16.607662637 1182.781451999 66.871626167 53.534385535 38.558779767 97.919409577
2048 53.958455098 4731.125807996 217.266554411 132.144016995 -1.000000000 241.703794562
4096 97.260165237 9462.251615992 391.623165345 207.613144271 149.535843676 379.743902994
575
0.000000000 35 127
81.866267783 36 190
242.094531691 45 125
503.739160137 52 118
820.804098127 34 196
1034.347180820 38 144
1197.416949988 30 101
1398.522226317 25 127
1934.311087827 31 113
2090.882347836 26 118
2217.631284609 45 157
2305.822967599 62 143
2342.953144394 57 199
2512.235285115 34 134
2702.729408337 46 193
2748.408928078 43 148
3193.943215742 43 104
3466.193347749 28 164
3577.353555562 64 125
4002.099106131 17 136
4024.493410855 62 145
4438.158955894 32 200
4442.031870684 63 128
4573.387133556 51 136
4591.208477182 59 115
5047.268587504 45 137
5069.635560744 48 166
5651.403665535 18 198
6206.407359573 44 198
6364.049010931 26 185
6555.121683631 25 104
6729.492250834 35 162
6922.845694451 32 117
6977.697905855 45 177
7083.922328635 31 183
7206.518838509 36 169
7379.514742361 49 197
7493.924240518 17 184
7986.308811771 30 122
8371.896407096 61 133
8440.449236776 54 107
8688.055885040 55 119
8982.823503704 16 116
9298.509432322 51 142
9629.705802919 59 179
9764.269195634 47 106
9784.711243157 25 155
9826.955747101 35 154
10091.708825502 33 128
10932.254240563 41 128
10941.063340804 47 129
10984.912932191 49 118
11537.773553310 42 124
12044.700280933 49 198
12976.946424282 32 158
13012.988782981 33 188
13339.507584410 43 170
13775.611593523 37 143
14438.689659902 57 103
14481.253305633 43 157
14521.372155152 41 165
14869.613710937 58 160
14947.114805276 64 158
15096.440017576 45 110
15103.335354250 45 105
15148.479533084 49 186
15361.725746826 29 193
15577.828921181 41 185
15758.165035140 48 162
16332.013802027 46 100
16395.944623477 24 103
16654.157308227 60 124
16789.697375425 58 117
17603.077350278 37 150
17762.696813105 27 151
17903.150180498 35 113
17931.523520163 38 132
19064.888855439 16 104
19431.930526023 24 186
19496.246206683 36 160
19813.468314429 47 145
20062.071820664 42 182
20276.639813567 63 173
20710.072702695 43 138
21952.100668401 25 186
22164.677064522 49 126
22720.037036759 57 163
23301.627437647 51 162
23446.026407311 21 163
23565.752207526 64 194
23899.006084194 30 104
24464.291158117 47 178
24853.970442130 29 194
26138.274470319 56 190
26154.828083379 32 164
26265.901766697 43 148
26319.990474903 31 124
26967.263866171 56 175
26972.262866053 22 190
27221.008614574 54 178
27324.246108065 57 188
27512.445186719 55 158
27768.818832741 37 166
28377.981455139 49 122
28715.928311637 35 191
28721.051357932 30 101
28749.332382170 53 123
29584.602113978 51 175
30729.306157763 25 102
31647.639455329 47 133
31772.631583937 19 189
31875.273525310 41 108
32318.168964210 35 197
32481.224496722 22 101
33300.068552129 32 179
33972.442500560 21 139
34504.892375380 33 158
34860.191447634 24 164
35271.866594279 17 112
35357.213974191 62 186
35974.495410754 41 149
36735.716707246 25 185
37303.041526853 18 120
37411.950920149 19 128
37497.620942042 57 158
37548.834790969 62 109
37960.083145774 46 126
38094.334907852 17 131
38375.061486378 54 124
39458.504763838 35 188
39531.305464591 48 156
39694.315344806 50 168
40316.558070022 52 168
40547.641439551 45 199
42254.443942314 61 184
42392.555028981 59 141
42820.285844765 19 191
42866.553658178 63 125
43755.444082409 42 126
43919.676596887 54 117
43970.094414537 24 190
44560.133241221 18 152
44863.118504828 49 101
45723.351103510 41 111
45836.065489271 22 138
46230.292670230 24 106
46292.537119567 22 178
46315.457311248 58 194
46538.753669371 44 109
47114.307968895 64 108
47157.182346698 47 139
47157.567983852 44 156
47254.009872434 46 156
47325.981237000 60 140
47329.713361123 35 151
47356.308971184 54 134
47540.824344446 57 185
47540.826740622 28 164
47594.349612703 32 126
47828.154252153 52 133
48102.612966237 21 167
48544.625128017 60 153
48974.133300763 57 160
49114.290364775 63 124
49335.176299876 35 120
50014.491122031 25 135
50586.532414923 46 179
51116.230485822 26 116
52269.514256608 35 116
52477.810517043 26 130
52929.458709449 17 197
53136.305768110 38 133
53246.854606595 39 169
53339.641550914 17 129
53552.702815640 23 130
54146.235032274 50 189
54730.745409008 45 117
54815.432968709 38 190
54931.383692449 46 129
55397.390887720 53 140
55509.843304166 18 186
55780.192603123 36 113
55806.886626505 39 157
55950.303527989 56 181
56013.526557507 18 146
56206.856595371 48 112
56380.673106275 36 152
57155.379124820 19 147
57673.867740857 50 186
57802.202460165 22 145
57966.201746166 39 102
58288.315339437 52 199
58914.422744455 40 181
59190.661467531 27 163
59970.994421651 27 104
60214.073076472 60 123
60550.947858022 20 170
60561.777040315 59 118
60977.748689413 37 112
61167.187670130 40 170
62051.427894276 31 154
62100.093348872 36 146
62345.910682641 27 142
63223.336327354 41 146
63418.965764603 24 189
63984.174578815 42 150
64054.136451129 29 111
64578.036342882 56 136
64706.466484502 49 164
65163.335217458 19 199
65390.550997371 34 140
65614.515377093 46 119
65645.084426908 48 113
65726.208190066 46 144
65936.994194405 24 165
66211.577171898 26 194
66457.542527000 47 165
66654.947128307 39 101
66726.311090842 26 149
67258.605453918 60 141
70081.121916133 21 139
70767.848452825 34 112
71418.483749617 47 102
71594.262472781 31 125
71762.444164903 41 188
72021.763831174 63 130
72419.458129362 57 167
72653.873993985 49 105
72674.995311022 23 190
72773.508920971 41 169
73150.928325041 53 107
73267.460661897 22 139
74476.976744919 59 164
74513.962211627 47 152
75206.064692834 57 111
75215.121083767 48 106
75303.907450457 31 117
75481.043357230 49 195
76093.610046996 56 107
76347.507743103 45 100
76355.064216205 45 156
76509.920213247 43 116
76520.883995714 34 100
76665.903951155 54 108
77935.320150034 37 124
77942.588450379 35 185
78373.079949559 62 128
78427.275311677 41 134
79062.430392707 29 168
79241.030070509 33 173
79360.452736560 57 155
79376.285872680 53 155
80259.160387676 43 169
80370.217677838 58 185
80632.230529946 30 154
81658.388824634 46 138
81750.368301417 47 121
81762.360263772 38 178
82726.963092733 32 179
82949.455542687 56 111
83616.285917252 23 165
84219.122208245 50 189
84802.987269714 60 186
85015.764453603 31 122
85386.752657000 58 174
85696.082886515 30 126
86367.177198270 30 107
86453.268364464 54 120
86519.435354548 20 115
87496.991040886 37 109
87763.349188195 16 130
88238.497009969 19 161
88291.564778543 60 105
88464.677134553 24 102
89085.046679620 35 146
89200.596037255 64 113
89230.586375129 26 103
89287.835889328 53 112
89610.465156462 17 156
90018.364730700 22 132
90359.021658643 18 168
90529.808902412 54 139
91053.053980208 55 167
91059.781767410 44 103
91065.723782479 48 195
91270.739214894 51 120
91423.771691677 44 105
91424.252388971 59 136
91966.309258487 37 151
92116.911789229 54 155
92801.380344735 40 143
93314.521582409 50 116
93849.679740136 16 158
94278.967196044 34 126
95291.805059607 25 160
95666.301114135 63 186
96284.001482420 51 144
96348.958349898 54 143
96363.133032675 53 131
97419.716440176 61 125
97490.301867265 19 195
97510.815307527 22 180
97599.653790222 16 105
98072.924845484 22 102
98189.491413217 38 151
99088.602718399 53 119
99186.162837731 54 183
99366.657646841 22 174
99839.959419222 53 146
100002.558412749 25 147
100143.988143637 32 177
100290.860921562 21 199
100833.478899446 56 116
101170.429591078 22 116
101177.141617131 52 157
101244.057434742 45 117
101453.740619577 30 183
101482.018715503 20 118
102716.261898103 34 169
102792.851468674 33 175
102813.212974624 57 136
103351.809958508 32 193
103652.979219992 57 157
103804.679067714 42 112
103986.645781627 64 107
104808.114656114 55 168
105100.102840188 31 112
105203.291823660 50 191
105218.829638483 16 187
105282.134766664 57 194
105574.053215370 27 162
105699.765803984 24 124
106349.372936424 49 165
106930.079850654 22 196
107342.085601578 56 148
107939.272542269 40 165
108237.702710330 55 176
108407.825657566 44 192
108466.240478119 44 104
109526.723634286 31 169
110055.124513412 25 168
110139.003213176 60 146
110174.359422720 50 150
111030.141254799 32 128
111063.036390211 31 150
111239.280614855 51 160
111597.854252732 61 100
111778.300664019 25 115
113458.793739438 29 128
114101.503086193 41 149
115091.223751298 26 141
115206.814024199 39 140
115214.832074519 57 103
115274.852508419 58 185
115565.962028210 22 153
115709.213201508 57 197
116167.842907978 32 153
116170.035417745 24 114
116986.977233539 23 116
117402.943128241 25 194
117706.090913968 57 118
117711.147213168 33 121
117838.854506728 29 112
120085.962285157 56 102
121925.847339588 32 111
122417.722969693 53 157
123090.170862674 19 123
123364.002662343 17 199
123371.889248349 30 158
124226.377866389 27 174
124417.968045206 17 197
124612.127913572 50 163
126272.918306082 48 199
126885.085750594 54 148
127195.867479379 32 142
127400.090083389 62 148
127645.260920797 17 176
127648.379157072 19 113
128096.863471897 23 146
128327.535251297 16 123
128335.286786509 60 187
128546.790737054 30 123
128572.905022651 21 112
128785.370999099 48 103
128956.210020875 62 108
129031.482677120 29 118
129250.434893180 64 185
129404.123415396 48 136
129408.609145952 29 152
129819.231220490 59 132
130245.783531200 23 152
130451.411287555 61 161
130476.457959028 52 185
130567.508116541 37 150
132046.749004711 61 180
132603.099486886 48 125
133146.447829286 54 178
133152.769352871 37 110
134061.033004699 17 114
134948.532450680 20 191
135121.558413432 35 102
135482.595706126 16 185
135675.973707322 36 160
135699.976485486 25 114
136014.861414338 42 161
136482.480118413 38 194
137114.745619883 18 141
137809.363706742 45 183
137974.168650257 20 154
138016.942879319 45 129
138348.817790499 52 146
138495.424437013 25 144
138675.557397110 46 156
139097.620587893 53 199
139097.724562857 36 123
140065.373145746 30 103
140092.244555533 49 192
140294.991220222 21 124
140409.581874684 41 157
140729.159701085 17 198
141669.505435812 39 130
141923.033945792 25 162
142291.030701832 63 105
142742.317167205 45 167
143159.222080952 32 157
143541.721882061 62 136
144231.746998708 39 131
144260.121909783 32 155
144366.118673040 28 175
145105.808580408 23 102
145404.326281562 35 167
145563.009935973 26 134
146615.938338724 17 142
146816.394196921 25 124
147691.449872074 57 136
148118.326041208 17 166
148182.003473858 29 104
148524.260618262 59 143
148586.121532768 54 102
148759.060202986 16 141
148858.875994927 24 187
149065.963542848 16 159
149327.589346253 16 134
149503.404624593 58 136
149777.835772567 58 159
150459.248048141 57 103
150484.494135286 18 197
151299.590600010 20 117
151483.604068300 21 159
151494.692854684 60 152
151572.456776774 41 113
152394.196192513 28 148
152674.024558307 47 161
153071.479558734 55 188
153081.822311065 42 164
153287.710746116 24 196
153388.154931833 38 184
153641.779192859 53 155
154248.225465362 52 163
154793.768867839 54 110
154820.025953092 62 119
155307.637110874 61 102
155744.199058945 42 168
155778.599656448 49 183
156106.311323540 28 187
156112.144388867 37 151
157140.173159226 24 198
157604.395070722 61 169
157714.216986814 47 119
157939.974999132 45 138
158396.945286268 17 103
158882.351861309 39 162
159502.099001227 59 187
159544.617823714 40 111
159624.742649846 30 165
160408.820953955 28 185
160683.678196397 21 175
161201.868715542 38 187
162117.543926388 43 127
162234.970005606 18 110
162562.366686754 24 127
162814.141937635 58 178
162971.351026541 35 130
163220.607652433 47 103
163296.795246103 36 142
163932.827386407 61 144
163957.233579300 52 156
164214.472051066 52 105
164803.491689642 36 187
165218.002770865 34 165
165387.226785033 59 128
165518.796690245 52 200
166489.261780299 56 142
166574.881859669 60 146
166941.936127243 51 100
167286.384113145 47 165
167304.537434620 59 134
168103.033525924 48 116
168145.313944746 62 174
168199.948200406 21 170
168465.702092799 30 146
169175.598979176 57 151
169269.346312349 58 166
169495.684823260 36 193
169526.786667664 16 128
169648.957521926 32 152
169811.302540329 40 156
169828.240710321 36 115
170188.924859038 16 175
171027.984206133 22 185
171085.104185263 56 102
171162.680033011 44 114
171344.883344937 29 162
171345.856229317 34 181
171659.649549216 56 164
171688.339465412 54 195
172113.646975614 37 153
172459.616900210 32 150
172478.493386930 47 160
172497.605591319 17 135
172537.997454675 25 124
172606.948965545 21 163
173273.365719374 27 145
173277.829099016 35 147
173469.008252896 62 175
174056.402965538 30 177
175197.797170418 41 196
175257.163227237 23 103
175852.872694768 34 140
176124.887804655 35 131
176161.381448844 45 140
176533.302090627 32 146
176684.268340462 57 101
177480.114253668 34 138
178844.148721338 59 192
179276.762668999 36 151
179711.365155171 42 144
179845.241839620 22 138
180147.513332120 46 122
180522.849932975 33 142
181045.153521715 17 166
181094.506592537 42 102
181097.537405899 42 112
181987.021253193 18 181
182064.268107143 62 104
182259.189744005 38 165
182978.863080170 32 151
183515.295891931 25 175
183832.754624670 47 187
183896.164296781 32 129
184229.102791422 37 139
184470.932784133 40 168
184588.073117015 35 155
184980.647214020 23 161
185296.534475534 16 172
185308.736055191 60 180
185650.856098183 58 196
186057.910289166 48 100
186126.487859834 47 100
186356.789345370 25 182
186958.625065201 31 122
187113.526309101 55 120
187369.914550034 51 165
188193.688842817 31 168
188270.095207368 35 103
189424.090106177 50 120
189952.940373774 57 182
189982.489348663 62 139
190345.916061695 45 155
190484.337212304 44 130
190557.546279041 60 160
190591.938871806 34 179
190958.223644047 32 169
191089.969223089 23 200
191220.205015568 51 199
