6 8.668499284 0.074418633 47.230592830 51618 8
339.028403318 64.399337396 0.066765692 0.032410530 2139.889133579 1.000000000 0.000000000
11
1 0.356594903 2.760966717 0.182454784 1.560037345 1.004536902 1.106350926
2 0.642762642 5.521933435 0.328874916 2.427767338 -1.000000000 1.721729707
4 1.158580258 11.043866869 0.592797341 3.778149456 2.432820317 2.679396849
16 3.764238363 44.175467477 1.926004244 9.150045896 5.891883797 6.489050904
32 6.785043131 88.350934953 3.471624431 14.239519735 9.169090139 10.098415840
64 12.230046522 176.701869906 6.257606249 -1.000000000 -1.000000000 15.715395670
256 39.735538379 706.807479624 20.331022685 53.667522859 34.557510633 -1.000000000
512 71.623344693 1413.614959248 36.646687201 83.518679531 53.779222558 59.229972080
1024 129.101145077 2827.229918496 66.055687586 129.973761765 83.692509268 92.175095724
2048 232.704933448 5654.459836992 119.065437990 202.268269115 130.244279750 143.445083180
4096 419.450857844 10000.000000000 214.615562139 314.774706332 202.689255657 223.232660913
394
0.000000000 49 108
196.720697918 30 170
250.030492461 46 118
709.212925741 34 100
2157.747708484 60 150
3628.792113643 36 102
4459.299451929 41 145
5387.266143275 32 199
5749.834694379 48 193
6371.307972195 22 179
6945.740281715 30 192
7353.192140582 63 117
9258.390034864 30 115
10406.058020988 17 177
11845.759471416 28 125
12577.490277589 62 179
12780.604921888 53 117
13210.594153705 26 152
14414.214370934 58 181
14519.449972764 47 134
14968.215731212 47 200
17087.983328464 32 165
17325.051592720 63 156
17358.083798732 31 168
17559.689271469 36 200
19301.723136182 63 176
19518.485323218 28 102
19675.476298674 64 103
20264.807534021 38 145
20600.837078422 16 181
20890.000379359 50 164
21226.185808535 47 193
23099.410330812 37 184
25738.285507845 32 163
26004.823728405 61 133
26471.470845467 58 122
27088.672459007 37 135
27408.797590960 58 128
28035.324019107 59 144
31071.765268270 51 197
31921.780405316 40 100
32227.728455602 60 135
33609.912150714 44 168
34124.793537193 41 103
34129.168775044 23 134
35108.332780205 25 195
36227.521136044 59 101
36574.579322565 18 191
38084.632002540 19 120
38736.285016109 52 106
38947.825415080 35 118
39950.527565126 38 103
41433.658383947 57 140
43082.340711390 47 121
43260.223215485 50 198
45383.388058149 42 100
45935.327009216 17 132
46425.138835991 25 158
48610.398752983 41 149
49089.117840083 22 168
49355.574443546 60 170
50105.049096796 35 140
50391.467811924 44 165
50837.324986651 21 123
53253.270135254 25 105
55512.164011888 16 161
57769.045149829 21 110
57904.439488630 23 122
58740.892969453 28 165
59089.719151736 31 194
59156.867323632 31 101
59262.179239722 64 103
61037.580469590 16 111
62004.034076915 58 154
62060.242725123 53 159
66416.575801427 22 165
67426.028567820 58 186
69441.543959507 60 131
70603.013403822 28 190
73366.377356419 21 196
75481.143608506 41 110
77610.004413009 37 102
79892.926029958 58 117
80670.536376196 40 122
82038.549679883 22 133
84028.484742072 54 142
84061.614685254 60 193
88286.998884332 43 175
89012.787182238 51 200
90586.878042432 32 101
91329.145195051 40 146
93300.787129130 21 195
93411.347558560 19 104
93454.840582869 59 143
94241.322515525 49 179
94859.966023670 32 120
94993.753488770 18 177
95976.203062007 40 129
98657.852362961 36 151
98747.452251956 56 185
98947.985056178 28 155
99645.038810094 17 159
100138.276240675 60 133
100370.157040341 53 135
101136.858451127 28 121
102389.786944200 58 169
102797.143573954 21 172
103016.857150890 59 103
103328.909189455 33 103
105199.105793374 52 169
106083.886546709 23 110
108174.909709720 29 193
108355.146950582 62 116
108458.606088087 51 147
110315.066275500 36 187
112014.912813447 39 100
113103.286662969 44 179
116806.048713628 57 180
116888.436264310 28 114
117180.228115892 34 200
117656.483991219 46 143
119621.061368723 64 184
121369.363927402 64 170
121903.226663716 23 138
122375.185378356 26 128
123192.752107146 35 143
125192.009585059 58 183
126525.305636874 52 145
126532.210414610 55 129
127484.060574345 24 147
128193.727983252 46 188
128847.796220830 61 197
129435.103701157 58 140
130668.650798782 22 172
130922.397261079 43 170
132089.804127746 25 195
132310.500794548 41 149
132747.727020890 26 142
133352.346081454 42 147
133902.473474330 23 172
134349.462905679 37 150
134592.284012422 53 159
137239.097224215 51 127
137293.769468466 19 100
139235.007656706 60 129
139656.238538518 29 104
142874.568415921 22 141
143606.207674057 18 164
144104.625511957 22 183
144284.793542718 39 195
144932.456980385 44 139
145093.559909826 27 155
151725.021627302 35 154
151737.563511192 22 146
152735.287884126 24 178
153850.944794575 63 122
155645.906198267 57 166
155788.345269676 44 188
157318.831018178 34 147
158943.886378622 36 169
159074.637219409 57 149
159150.112463947 23 152
159263.434440183 26 174
159406.212472437 53 120
160348.935920827 19 138
161431.990246344 35 107
162499.501198259 27 193
162707.963039805 53 139
164571.946037943 53 111
165104.846627745 46 146
165318.874217314 43 136
166584.695744008 33 189
167148.263026203 51 122
167341.944327659 64 167
167399.914407108 16 100
167789.946341956 33 148
167939.510919063 33 115
170042.495980454 54 115
170066.249302619 58 125
170745.971725994 35 135
171110.674771019 27 144
171265.177241632 45 159
172759.748904887 46 150
174252.347097759 48 190
174508.283688056 58 197
176015.343499076 21 192
176104.334860459 24 171
177040.389837946 43 155
177528.047856459 50 185
178234.440292067 45 183
181768.248279604 50 140
181843.308194238 45 186
181940.920486200 64 154
182726.437435814 51 103
183011.865151819 17 175
183014.552124741 44 150
183884.671284513 24 184
184138.797600709 39 141
184654.831683903 61 198
185213.402538091 20 122
185325.065453510 25 143
187002.946433275 42 101
188002.419128759 34 196
188467.569671560 48 128
191506.175194405 64 131
191642.870677906 61 124
192251.668687916 42 177
193849.355627665 53 141
196130.627744889 37 103
196144.039409791 55 183
196346.487179292 37 103
196407.279825858 42 171
196710.339282160 52 122
198754.096963906 47 163
198860.971384766 28 128
199161.747989935 25 150
199324.980333145 59 169
199789.346032376 24 111
200598.535429471 47 116
200944.756421339 54 178
203281.997962668 21 101
203614.193554403 49 109
207466.737242742 22 194
208607.792018680 64 161
209179.575480551 60 170
209281.743073227 47 172
209584.208115214 64 165
210420.172660955 43 131
211304.137490228 56 121
211376.285359971 38 168
211728.954099710 24 132
212329.483999042 26 137
213014.642208206 35 104
215048.355260007 33 158
215174.917914645 25 126
215251.510455930 61 119
216996.410011024 38 164
217554.163239801 58 175
218247.487376172 62 127
218634.058887135 47 135
218650.850235283 26 152
218769.059202127 35 175
219542.893007159 30 131
220203.307369162 46 173
220826.478218303 30 200
221617.264536404 60 142
222650.604635314 51 166
222655.613258414 61 165
223864.444454284 60 176
225032.922103078 63 176
225378.291265677 24 137
225717.604676979 53 146
225784.485583751 60 151
226225.061618830 56 190
227561.745753252 36 166
228083.335625241 36 105
229236.923497807 56 116
229835.822950011 45 154
230455.513785832 42 137
231921.213465403 20 160
232966.012124339 45 163
235355.509204946 26 115
239777.591645104 33 170
240615.113765128 40 144
241439.731105019 42 164
241799.618094018 25 166
241907.088992766 56 129
242418.303310810 55 167
243462.575494300 39 179
243706.460553555 55 141
244325.320696038 23 106
244531.101242642 35 174
245167.159533771 17 164
246365.910030811 18 167
247066.826766835 38 122
248206.735211967 51 181
250419.394516609 41 110
250712.050704387 59 191
251217.266831623 56 166
253447.814153269 30 163
254383.971836244 18 173
255533.215970622 17 154
257953.249158351 49 174
259134.705965759 61 163
259208.069432832 62 178
259665.837489215 16 163
260173.182624082 40 126
261257.296590027 40 134
262050.756190497 16 185
263345.071197323 47 198
264015.861070267 45 198
265711.415118640 40 183
267514.138129567 31 178
269357.502690271 40 172
270294.847503120 29 107
271358.570667722 29 131
272724.447624600 58 167
273414.843797115 45 152
274867.401527166 58 127
275301.734763834 32 195
275555.273590570 61 133
276540.244652898 45 143
276675.337928950 64 170
279577.937604750 40 109
279639.264902596 25 133
280185.986642195 54 104
280189.434493335 26 200
280849.338622370 18 172
281499.020127132 52 116
281677.204154047 31 173
282886.807073791 26 172
283160.778446041 35 112
283693.171222562 57 167
284090.513621935 36 146
284546.008433213 41 112
286348.316106539 28 195
286390.290806802 20 146
286526.469573522 30 182
287220.071833547 43 183
287859.893169839 46 192
289404.861097919 64 186
289859.898178905 31 118
290120.147577343 59 154
290527.317769797 63 187
290752.244049257 40 137
293076.455949748 17 164
293186.417463239 27 138
295143.644964622 20 187
296347.335301757 36 144
297137.766653248 47 131
297617.649097689 44 160
297889.251562817 61 167
297921.593270223 42 107
298742.191656199 52 104
299320.169729287 35 121
299639.894372766 62 138
300294.758209042 51 196
301317.581728267 37 175
301466.287651616 22 151
301633.584709480 62 119
303653.548291702 51 122
304477.065738266 56 130
304547.520266824 60 190
304627.790309739 18 124
305723.727430526 20 119
306351.642633164 64 103
306612.107014313 30 167
307022.828859031 33 118
307105.287862161 28 122
308232.295928364 47 164
308760.062051576 42 118
308995.842184013 48 164
310764.596306995 21 108
311637.265685245 62 131
311829.978806013 20 190
312360.411335692 30 150
313143.184830591 37 136
313787.203959957 18 150
317535.430165466 56 195
319310.094019528 60 132
321054.863542861 18 178
321953.588338257 60 168
322298.770995255 20 176
323235.299888946 35 148
323937.754475881 37 172
325766.932466841 54 196
326024.755902933 25 129
326645.460421443 32 186
331734.571395255 43 155
332382.628652486 45 190
332631.855414445 33 177
334325.911864153 58 195
336576.524917999 26 156
336987.437651307 59 131
337234.373701027 31 167
341768.076499234 17 131
342557.248404770 62 101
344807.710185994 56 111
345628.007347326 28 134
347240.306234914 49 129
347785.851769391 50 144
348244.481462808 59 181
348382.213645728 18 122
348501.905306251 25 175
349051.386393890 47 129
349971.772610713 44 110
350972.974447573 53 100
355339.037744787 50 101
355901.127330950 57 124
357701.863450228 61 188
358963.164103754 53 115
359397.409706471 19 182
361647.562787449 18 159
362014.403956609 29 134
