7 5.159810645 34.603565342 0.882059104 76217 6
1298.705769602 135.702472369 0.028745629 0.010646529 2163.789819540 0.750000000 0.250000000
9
1 0.375607915 0.742937813 0.289630153 1.412047901 4.593973766 0.612479596
16 3.964940923 11.887005015 3.057354229 8.932526574 29.061190292 3.874507564
32 7.146809681 23.774010029 5.510883826 14.166270776 46.088717159 6.144658269
64 12.882131063 47.548020058 9.933373195 22.466569347 73.093009198 9.744935226
128 23.220053160 95.096040117 17.904914375 -1.000000000 115.919650687 -1.000000000
256 41.854167305 190.192080233 32.273624726 56.506603598 183.839269483 24.509892159
512 75.442175292 380.384160466 58.173238430 89.614941598 291.554337886 38.870723324
1024 135.984590764 760.768320932 -1.000000000 142.122110450 462.381797858 61.645849844
2048 245.112350668 1521.536641865 189.005409273 225.394269287 733.300449379 97.765373988
507
0.000000000 59 102
1635.992159266 21 143
7255.878261229 62 159
8019.786379300 44 194
11168.536756049 22 126
16274.935982375 34 110
16990.570751258 21 128
20472.821289022 24 173
23710.834388195 32 137
24752.761379626 37 136
25913.850672164 16 150
26498.500078641 62 135
28203.781221921 48 172
29600.026945021 18 111
32545.030950750 18 102
33180.681880550 53 124
34150.204415337 30 140
34966.025742086 20 165
36431.704550890 16 141
37589.291185164 42 114
42866.391097560 42 151
49663.097437931 33 165
50586.828916831 23 132
50990.755202189 17 149
54479.663362568 19 170
58935.396593007 61 182
62399.782949826 58 123
66284.249854727 55 128
69417.740753176 44 191
73123.889582039 55 154
74213.205330038 45 123
78413.672936265 62 168
80100.747132617 48 119
81218.227647779 17 127
83814.245233308 57 105
84376.750566600 16 150
85237.035829813 46 176
89392.618352711 20 199
90078.182694261 26 152
93232.092780910 16 187
101521.504469952 48 145
102020.059824361 46 131
119778.809052995 37 107
119877.815935388 62 179
126404.762171298 24 195
138342.085232672 19 116
141834.287584748 64 100
142633.125794174 22 148
151918.715757519 19 107
158019.627821912 26 153
158594.858794383 61 192
159211.952670494 64 195
159660.275294719 23 108
162579.089627147 46 164
163029.280344778 33 188
163406.579353176 38 137
163705.347279406 61 186
165139.365011121 20 154
166306.205174094 27 103
168996.072633308 63 176
170310.633964476 47 142
170891.164202797 42 190
172456.838099451 26 166
173372.034667969 44 154
175432.363525269 53 110
180094.121403459 48 178
182725.793568023 19 102
189821.607602895 27 100
191598.641133098 56 118
192243.316375755 58 171
194101.426047832 25 165
197269.703312543 31 153
199507.524098614 27 170
201567.965996198 28 148
202714.258108670 42 185
204593.477533320 54 104
206442.305610750 28 145
208467.125439363 25 160
213182.450769788 39 160
216905.236244201 48 141
216992.613494201 54 124
223414.978941001 31 187
223578.284959846 25 157
223923.316685455 49 137
224891.733590276 22 128
226146.695168935 26 167
234189.498650465 46 192
235068.661019315 58 194
235905.785655743 21 188
236129.003061629 38 107
237708.426320650 33 162
238240.544521825 58 108
239260.865696047 31 134
242921.936908794 41 132
247731.151583222 43 107
256314.701799910 33 171
256369.164107146 40 108
257836.896779978 30 135
259583.580595145 45 146
267827.534798344 22 130
267996.898169827 46 151
271998.605243109 36 182
274297.165894257 28 191
274868.718743659 38 155
277718.813440710 54 100
277747.691169374 53 199
283370.291281885 61 135
285138.722738536 51 136
286739.851411693 61 112
287877.558119923 23 105
290520.373809862 46 109
296476.930367939 39 138
300250.352530319 48 109
302737.161692513 26 132
304952.179104754 32 193
305094.495513111 23 173
307523.857400798 54 181
311288.343969894 31 156
315668.317384082 39 145
315908.056911912 27 182
316180.342216445 26 145
321800.384434266 55 140
323533.534360746 26 140
325218.178963281 56 154
328545.146107741 39 147
330208.345845710 37 133
335152.104008713 57 117
336798.494395743 33 125
337634.352251945 51 121
341003.899448028 52 198
344987.844648875 48 159
345597.332212523 64 118
350502.460436678 45 190
356005.267028197 16 184
362804.423833096 51 151
368673.561930605 32 163
371852.292346646 27 115
374062.464040062 40 115
375707.645252246 21 189
377646.107441679 39 148
377984.517814853 34 104
384871.870765726 36 156
386247.019896729 59 144
393723.703767179 20 128
395189.740950567 31 120
401143.230801825 47 115
403700.722912173 39 143
406885.779153489 48 133
409571.878011693 58 130
412189.679129669 18 197
413574.829838262 18 145
414490.614614933 52 126
415393.739844792 58 114
420034.298766413 51 139
425170.729206546 57 129
426887.015681639 47 111
427204.369942557 25 189
429121.507884545 57 177
429949.668320883 50 197
429955.703156153 18 166
431768.972593640 24 145
433572.627251824 58 167
435754.583786465 29 145
437917.075813979 40 140
441412.835021149 42 160
443477.206157449 45 192
447354.382157230 47 158
447642.728790027 21 179
450480.855534959 59 198
451240.342640921 46 151
452017.083880494 21 155
456103.276325890 21 146
458175.479591529 24 166
458704.196237698 50 154
460860.607082224 41 116
461977.573701938 47 176
462017.445207305 36 111
475067.478097213 17 195
478309.123292135 38 136
489841.879322121 43 141
491332.023981733 21 141
491493.181900208 44 200
496080.140437714 20 177
499858.498765995 49 161
507368.874341706 24 112
507782.025529614 48 145
510135.588486998 20 126
514718.498746848 24 115
517182.395178639 16 176
522077.746587149 59 164
527710.716589025 56 105
528847.151232862 20 194
529376.160183504 24 176
534241.744385572 54 180
539910.733340130 53 126
542899.283205754 24 129
546480.045214780 36 188
553640.109630539 48 195
568504.337773306 26 193
569098.793554912 58 168
570021.606530618 50 150
570715.547036527 34 163
579235.572633028 43 114
580743.593747215 32 133
589248.358350249 21 135
596624.526721876 61 111
597607.742690251 31 125
598538.432998053 44 131
598651.621602778 24 135
599037.490915525 26 173
599465.184649661 54 138
602545.698332847 44 168
604213.712489995 63 132
604927.386666351 54 186
609198.407055008 42 177
612082.295876558 59 130
613112.168366878 46 142
615073.297374336 48 173
616033.716239447 51 118
616539.305959768 20 200
617075.960780486 17 199
618753.738388343 59 194
625941.143333686 61 169
626348.374827280 35 127
626918.304560583 22 122
634182.429790034 29 143
635610.950702664 23 128
635909.708187789 62 167
637720.776479921 23 178
644041.425134930 19 145
644549.970729658 52 154
650435.562933773 22 161
654697.538200074 19 170
656802.215674112 37 133
656898.708823266 58 101
659012.032043157 37 199
660150.487383088 39 176
661864.120408212 63 151
662201.912770272 40 176
664020.733545315 23 112
667250.600168121 22 109
670349.173359000 21 137
671545.383843494 34 182
671842.039279802 46 165
672239.426706342 38 138
673063.523817058 30 142
673741.506921757 54 114
673875.122399621 44 143
674349.149969704 45 159
679427.125618948 20 176
680419.185330728 46 116
690128.455595964 54 149
699803.408668309 53 156
701948.608267263 45 172
706289.108173688 47 106
717504.471270572 42 144
725810.436053767 24 155
725908.441899642 45 125
726161.544897550 43 129
727181.022368392 32 147
732624.961590815 17 100
733094.820604592 21 118
735119.022264700 29 196
736662.426258408 25 159
740146.224373435 42 140
740357.259374210 52 136
743715.196927377 48 194
744226.319979254 49 104
744406.511609977 34 125
745986.719219824 64 132
752158.951351341 45 167
752302.791401005 64 169
753478.221332479 61 158
755187.598197201 24 119
760225.984434366 23 173
760639.011408197 32 140
762719.779335086 40 183
765323.657869812 33 180
767070.433098958 19 148
775817.989109813 59 109
777607.230232490 64 168
779456.680547378 25 101
781744.228122538 18 135
782862.574244238 62 174
784384.839442480 44 130
785115.105438964 17 192
787263.835624841 64 146
794532.838563831 58 168
798800.048731707 23 155
801663.703224174 42 105
802962.123952441 20 107
804381.908534071 16 146
805100.842189708 64 120
806018.644072321 22 174
811747.501738945 52 174
817250.101507006 61 171
825969.492137628 63 139
831370.229218280 52 138
834024.886641319 38 129
836177.669023486 28 138
838670.373371539 25 147
839613.193892364 43 127
844720.670723131 53 162
854637.551547839 42 142
855147.616394168 56 157
855209.947775378 51 112
855942.109607229 46 109
857537.078516538 19 141
861417.708062392 33 155
865368.497329459 40 122
867933.812660257 56 179
875828.293274408 59 150
877187.304608236 62 169
881172.526142578 60 136
882521.781488569 59 140
883379.083976656 54 181
886545.704776379 52 105
888070.605624005 44 159
888394.174062024 23 168
890561.054468514 44 111
891803.214546253 29 183
895266.939583521 31 191
902713.879100930 45 108
906390.997735376 37 183
909463.982079620 28 168
910141.816112741 42 130
912324.382877172 41 187
916149.933762967 52 176
919413.724288751 44 183
925230.909476199 20 192
925250.002752923 44 139
927962.818769846 24 156
928081.324822510 18 158
941741.620271718 30 145
942967.268663941 31 176
946887.067143507 18 101
954382.203096514 57 129
964022.244710610 59 118
964693.817323597 32 102
966888.697757788 32 122
967432.290185133 52 181
973403.717319162 18 113
987534.369154434 22 143
990892.527205352 31 147
993316.815998873 41 166
993884.417456217 51 158
997017.679562027 22 154
1001703.545400773 29 164
1008055.867307966 52 105
1009542.684953695 45 164
1010372.125705364 57 136
1014470.947726482 28 138
1015437.897398833 54 180
1019835.749802645 16 113
1030239.982736434 52 138
1030329.121120509 51 198
1031332.136885445 44 198
1031830.866319728 46 119
1036502.701573699 57 115
1044091.971594258 37 161
1044375.379781152 57 112
1045524.238872347 58 137
1050995.524502173 34 136
1052006.618899904 44 130
1055656.433033084 60 135
1055791.313123714 37 180
1059410.220167502 30 130
1063355.676002166 52 192
1064007.057158093 56 121
1065374.706131093 45 135
1067040.124594938 46 157
1070039.483444768 28 102
1070171.111928825 43 190
1073829.226920199 64 166
1078711.059200458 54 119
1084294.640216638 52 162
1090442.895963934 16 160
1094651.994738015 59 180
1096921.955464831 47 115
1097082.040107290 18 166
1097671.939977463 21 100
1100034.079695454 36 129
1104046.131169367 48 150
1106253.158149672 26 195
1120220.103025447 62 143
1120932.349291718 39 112
1122340.465697574 24 129
1125212.804164313 52 166
1126242.884622538 39 169
1126786.574142114 36 166
1130004.832695714 36 185
1130359.698379262 27 115
1133943.066501632 53 104
1133960.189042748 33 182
1134986.740847291 34 161
1140358.396996404 22 170
1142841.421917873 41 172
1143888.475658632 30 160
1146896.965948644 40 137
1147190.076846397 27 155
1147610.574159330 50 134
1148612.228323066 42 182
1149173.969338010 33 118
1153898.484409003 25 126
1158772.563007951 19 196
1160294.365655651 55 110
1165100.262607847 34 158
1165135.832589531 24 193
1168883.346561869 52 138
1169212.513008484 24 188
1169673.124832181 45 108
1173518.093365544 17 187
1175187.935573238 44 151
1178480.768585925 43 116
1180133.202064215 39 145
1186125.148545266 24 120
1188354.504734211 45 110
1191482.199063589 29 129
1197036.155972496 62 185
1197456.862302655 32 112
1203688.741710806 52 123
1204651.613871735 62 117
1207402.736552406 62 187
1210615.132160376 38 154
1214813.588476596 22 150
1216545.473303759 35 199
1219106.850350068 48 148
1229413.559396839 49 172
1234887.490462014 56 198
1235317.755783284 29 143
1236563.149122508 60 192
1241768.784021570 25 128
1242246.913064258 54 113
1249052.913000913 63 173
1251838.650469208 41 182
1256662.759522820 48 145
1258400.347494215 64 192
1264236.606864259 39 113
1264747.919984353 52 166
1265416.794835016 64 100
1266295.479428672 54 156
1268021.623033667 41 163
1270498.534959398 32 131
1271329.777327124 17 172
1271587.660346651 51 140
1271618.156677315 58 146
1272716.610331902 44 130
1273552.947510360 41 149
1273656.380134521 41 174
1274343.157421457 35 197
1275341.132410589 24 141
1278304.629507034 56 167
1278491.752331060 40 200
1279948.290651990 33 178
1287933.104891354 64 166
1289281.274419022 20 111
1291481.695169809 35 155
1297230.607144593 40 117
1302778.578402590 33 136
1304742.548732494 24 129
1313042.039339192 59 195
1313803.374737067 51 119
1316248.836263528 37 113
1316371.991290113 53 146
1317628.229690148 20 142
1322825.521782985 31 177
1323126.471481537 58 142
1328173.460507812 50 174
1330106.760742109 57 140
1331922.693142449 46 139
1331940.657293693 21 102
1332894.786479781 16 138
1337736.361937204 62 163
1339127.573580333 50 166
1342262.309788543 18 155
1347422.772221511 50 138
1348317.838361280 57 190
1348668.461578353 59 174
1349275.136738673 60 175
1351137.590669790 61 179
1359136.330734591 25 162
1365722.334212702 17 198
1371916.604407083 58 129
1372543.267327084 35 171
1373005.407936933 19 169
1373346.798488734 53 103
1379380.163800388 61 187
1383563.582863699 24 107
1384731.861988741 53 129
1384823.693164519 34 171
1387544.746928046 51 137
1394543.282209974 57 113
1397340.708339361 56 132
1398820.383072269 41 103
1404790.148638619 36 159
1404884.050103956 16 128
1406024.152519972 24 149
1406499.776346529 42 179
1406557.015037321 50 153
1407316.289183355 31 111
1408730.700389535 39 196
1410500.708510142 37 106
1411291.086554562 53 128
1411683.401966613 63 127
1412441.818349924 47 148
1415982.409054867 44 159
1416235.706096887 17 199
