6 2.319812814 30.536126112 0.398817093 524630 3
6070.265624612 253.822331870 1.403890865 0.009582219 388.631401923 0.500000000 0.500000000
9
1 0.278153767 2.475442073 0.244094140 1.687432077 4.699147578 1.926606887
8 1.628963806 19.803536581 1.429498953 7.162146266 19.945088597 8.177301185
16 2.936208767 39.607073162 2.576673186 11.596194235 32.292990510 13.239826350
32 5.292519019 79.214146323 4.644455802 18.775338528 52.285415079 -1.000000000
64 9.539770429 158.428292646 8.371635880 30.399054182 84.655047019 34.707783470
128 -1.000000000 316.856585292 15.089881419 49.218952497 137.064551842 56.195193958
256 30.994805567 633.713170584 27.199525220 79.690153201 221.920511929 90.985349921
512 55.868165712 1267.426341169 49.027169374 129.025917762 359.310361088 147.313912759
4096 327.183129108 10000.000000000 287.119909574 547.638336205 1525.058931889 625.260005761
382
0.000000000 47 108
2262.027554774 33 100
4438.937129441 27 108
8543.869498501 22 117
9429.680118470 28 161
9634.690982385 20 176
18672.392208497 28 170
19488.447451438 58 185
25035.511594016 58 192
30736.050622029 59 105
31600.595687854 31 151
37824.095078432 46 122
38120.615905887 24 144
38995.847096880 37 195
39522.654888502 50 144
39946.495930826 55 104
41259.167632461 40 181
49405.559354594 59 194
50184.119122887 22 104
55058.869998050 53 181
57225.718950755 33 174
59537.066753725 49 197
64697.274725925 35 112
68960.318381847 59 193
71048.631416114 49 178
72701.500787026 24 103
73013.346999871 37 162
87352.496432890 46 149
105480.439330816 61 123
107325.809873452 35 160
107657.572166354 39 164
112987.787892016 39 129
115138.874379594 33 129
115464.886774793 39 100
116033.232521800 42 163
119798.173138432 61 173
121241.459974284 25 132
121374.081040964 31 160
122162.976129216 17 141
127818.760257724 31 112
131577.959652741 23 152
133798.172862682 37 199
139155.713788661 59 125
141228.240007311 64 188
142902.506671940 28 148
144095.972842553 48 136
145145.801485862 57 197
155146.618300411 23 155
155526.873620928 53 178
155968.292597059 59 190
156005.908612132 61 195
157475.461111605 20 135
158673.556594030 17 195
158820.943393131 23 184
171821.967332879 44 184
173271.245377176 28 188
178177.433944791 34 158
182822.767757520 48 195
186617.107617637 43 116
186744.880549239 51 177
187116.914965518 16 154
202527.201397564 59 123
207774.773814723 60 118
210801.089429437 25 145
212622.963056406 25 167
217095.262470221 42 150
220410.596213294 61 185
224145.686526873 63 191
228830.122394676 52 151
229115.626008487 55 123
231193.283936386 27 167
231260.681230936 26 180
233067.747471254 43 140
233105.225898797 54 197
237769.734921426 42 199
241103.415679414 55 181
242054.167543012 61 156
243920.606867534 48 100
247136.562342373 31 104
256341.754286035 40 105
257291.149161370 31 115
259486.270889679 24 103
265665.661529422 30 130
266530.134604889 25 117
266735.450288833 45 145
267140.654756166 41 144
267516.980089443 39 128
269660.862630060 46 137
271921.835516263 16 179
272174.267876950 28 142
274858.421412505 17 159
277042.715637998 49 176
278222.788899634 53 124
279257.361480441 44 114
283184.143052075 27 164
287041.961405667 38 161
290426.128428923 19 102
296696.950070816 34 112
299736.374659975 22 196
302978.946681427 21 141
304624.209423822 34 155
304712.017135872 37 152
307435.614572543 37 177
310141.547870613 53 159
310872.362242551 56 132
318750.375925497 63 129
325241.904339294 63 127
327933.667045507 49 124
330943.228339066 60 100
332403.560575625 54 141
336773.529798777 54 131
341067.281491066 21 144
344596.888051462 57 136
345553.026679085 42 122
349266.364076719 39 197
350288.147706834 34 148
354481.220633584 37 110
361262.178026982 20 107
373142.115454672 48 176
377350.997142649 55 197
378602.482802932 45 171
382259.420613170 63 158
382588.314253342 42 191
388291.975265757 16 156
393976.848943368 59 119
397258.530307849 39 156
399021.600688816 38 147
402490.199086526 49 158
403247.429054953 39 149
408824.619896043 43 195
409197.985820596 29 188
415674.366360916 61 118
417865.636473279 52 118
418780.401983860 24 123
419635.746372790 61 117
420279.850968634 33 108
424339.261485615 28 194
425630.817326332 39 160
432143.608464156 18 125
444917.067758595 33 146
446213.570400094 50 128
451075.078575769 62 103
451253.219560671 22 197
453370.177510290 57 116
458155.366620508 31 154
458913.794826479 24 138
459586.538048589 28 175
459786.397237729 37 161
461649.125015794 39 148
462687.249910273 46 134
466517.271532129 59 167
466892.626834161 56 106
472744.698235183 24 116
473587.057751811 48 133
475329.419058848 44 180
478860.446637544 45 160
480997.173130242 19 109
487430.720165981 26 123
494163.372022344 43 126
500879.320979498 25 100
504796.655182511 58 153
505271.771169434 46 106
506068.327078583 43 182
506101.295658541 46 135
506438.235962031 42 145
509234.958706431 48 138
509320.822821723 29 113
513981.828231846 44 154
516652.492556736 49 155
518587.987444580 24 183
523272.834181662 26 156
525627.497115546 57 147
528737.907311409 40 128
529492.296558170 58 192
530562.003427335 32 138
540602.893075447 41 190
540718.192570408 16 135
540765.264472015 18 164
542341.951693368 24 153
544597.930159935 29 104
550303.371055333 50 169
559646.389689629 59 137
560865.750730954 56 165
565545.882921148 36 155
569011.927582121 40 167
571099.873903398 56 139
575889.089220318 36 167
576391.193657946 53 121
579884.156597501 20 190
583677.048736979 35 167
587962.313532316 41 135
590067.429542972 29 159
595024.066372579 43 100
598751.640110292 50 165
605141.036283713 35 145
613716.322137650 59 190
615353.924309469 63 101
617341.019366319 21 140
626722.411593047 37 168
628527.145569888 38 195
630609.003493313 63 157
632300.738980390 64 132
635398.978775618 45 141
637345.552019223 57 106
640011.564334563 22 141
644135.168883322 59 152
644748.737500838 41 113
649894.769114707 62 127
658083.403656916 50 166
663956.244531040 23 195
666562.397373849 23 111
670160.198095857 36 180
670773.531265321 28 198
671237.599132593 44 187
671423.287332382 38 135
671584.115871412 64 118
671871.268639345 50 111
676877.331243484 63 143
684220.226077711 62 129
684608.791778204 55 136
689369.039412325 48 110
691848.693279315 30 142
691980.515699522 43 133
692310.275800828 60 130
692911.420920982 31 170
696948.869512051 32 188
699269.206855047 43 196
700421.707253392 61 139
701717.709310291 58 185
704156.202750438 20 101
705070.434882791 39 180
707314.929677311 42 156
708789.397480837 22 153
713054.149235277 18 124
713645.185027720 27 168
714094.872479399 19 185
723485.695743327 56 167
724488.916272695 31 111
736647.175796179 58 119
737635.111065547 22 193
746400.984725007 55 127
748726.365752037 30 107
750751.351017737 34 147
760432.063582908 34 170
760496.734389114 59 155
765527.851379754 34 158
775697.838293834 64 125
777258.521748420 19 162
777701.365441891 29 100
778719.540515182 41 100
780520.688946158 42 150
784204.188997485 30 160
784387.692284354 64 153
789357.064304983 45 137
792952.902620315 35 184
801799.072949563 64 154
813722.133034531 31 194
816819.267864574 47 159
818239.194908399 37 164
819911.059193901 62 116
820081.876729926 43 181
823346.903059705 37 169
823376.548446211 39 114
826509.462818872 32 159
827217.356562309 23 106
828171.994592606 16 179
845234.354924909 63 174
852905.100716711 38 178
853586.717008694 43 146
859128.531333645 37 103
860092.967350176 33 114
860813.036169152 48 118
861611.242857877 43 193
864232.074021187 46 145
864797.452092069 39 175
865476.824079233 25 184
865950.302231502 34 117
867705.541717946 55 199
871859.442897831 20 178
872519.946719346 20 120
873440.829838889 41 141
881028.790565809 50 155
882918.715599118 36 100
884563.451902377 24 129
890026.700916910 33 173
894030.431369725 39 180
897807.976803171 37 143
915647.165203651 16 144
916258.060931594 44 175
918666.460224759 57 100
919271.810322823 53 111
921765.144570078 19 132
925002.961470444 49 161
926012.327318878 41 141
930229.183554269 56 138
935281.419934256 43 139
939194.943912001 30 181
939438.624675872 51 172
951170.703990392 46 190
951558.512280486 20 134
956274.712068396 63 196
959009.768902781 19 124
961996.777777020 27 137
964983.319607571 17 144
969278.179955479 60 200
974808.820689511 31 114
974945.449520242 57 145
987608.448995446 19 116
988965.991261282 32 123
989036.540254697 21 156
992391.395126615 41 158
992624.416500515 30 156
995149.736883013 54 188
997322.284839608 60 131
997702.332362360 62 140
998639.186475001 54 189
1003239.991686022 24 163
1004376.621592621 31 137
1006462.136768166 47 163
1006503.062432026 40 114
1006517.130232139 22 106
1010841.512420773 32 111
1012289.916930257 50 175
1012862.999626096 51 169
1014539.936448022 17 169
1019451.576162444 63 131
1019980.110162062 39 141
1020109.925698834 34 105
1022271.422882804 39 105
1022331.817902080 17 184
1023019.940099334 48 108
1023875.754748711 44 120
1026527.575847917 54 114
1031924.002827003 48 105
1032645.460025131 31 153
1034787.976272927 39 166
1037412.869994862 59 158
1037528.887795000 49 129
1040747.455829291 39 152
1044185.631786022 24 149
1045028.682286905 52 186
1050107.280026003 38 109
1054511.871905254 40 122
1055420.872780542 23 128
1057149.896377706 25 162
1060586.808031099 40 111
1060667.184746283 19 170
1063770.435244811 49 108
1065046.825637997 31 142
1065854.135250542 43 187
1066067.505562751 39 111
1066964.948917287 64 138
1071762.114676975 59 135
1079695.364929622 44 143
1082070.988709649 32 180
1082147.757063514 61 166
1082907.073521775 34 123
1083161.622134825 64 140
1084632.133336866 49 182
1091847.094250053 19 103
1094297.846188386 51 117
1097208.804623911 49 181
1102690.924706773 57 103
1106565.972604320 24 101
1107982.999461512 46 119
1108859.334086110 48 116
1111373.897425218 25 191
1113574.132787974 30 158
1120462.168548167 26 183
1125198.002345876 48 167
1131117.244891968 20 175
1132540.081435193 52 128
1133625.687924998 34 134
1145463.744236127 28 156
1145734.771886917 24 122
1152820.513640876 40 161
1154849.262392699 30 136
1158254.536498785 34 172
1165601.440921086 51 139
1169030.969474411 45 183
1170667.121258858 45 136
1171626.991809623 38 117
