6 9.833791486 1.820591517 0.453008175 648432 6
4457.398149162 167.027018596 0.027353874 0.014627740 500.179218278 0.750000000 0.250000000
12
1 0.220887650 1.277196173 0.389215591 0.555287920 3.090246028 1.905092069
2 0.398150193 2.554392346 0.701561464 0.789041647 4.391114462 2.707058681
8 1.293593795 10.217569385 2.279379921 1.593174435 8.866212987 5.465892324
16 2.331704012 20.435138770 4.108584416 2.263836354 12.598529603 7.766811643
32 4.202898639 40.870277539 7.405727211 3.216819781 17.902000370 11.036324816
64 7.575728685 81.740555078 13.348830149 4.570970639 -1.000000000 15.682170632
128 13.655257964 163.481110156 -1.000000000 6.495164169 36.146392797 22.283729394
256 24.613615114 326.962220313 43.370477108 9.229365253 51.362560362 31.664277056
512 44.366064016 653.924440625 78.175325115 13.114554268 72.984118270 44.993655404
1024 79.969871438 1307.848881251 -1.000000000 18.635250521 103.707476459 -1.000000000
2048 144.145767257 2615.697762502 253.992380641 26.479936327 147.364124257 90.847855436
4096 259.822878847 5231.395525004 457.821501105 37.626917176 209.398452836 129.091123554
536
0.000000000 52 145
671.650167548 59 166
4599.798569720 51 136
4619.615672829 22 113
5094.020173442 40 174
5633.812538582 49 141
7559.944380695 27 174
8808.962725129 54 114
10466.264387748 18 168
10693.703935367 51 194
12586.261150609 24 153
15298.630810478 42 134
16528.925217275 64 100
19398.706131506 22 148
21234.287184618 41 161
23171.383331318 49 190
23878.928176006 41 126
24707.022037877 39 188
26921.436311785 54 155
28496.435558135 40 150
29336.350810301 30 102
31548.915006930 39 136
32937.203833909 60 107
36078.769422107 52 142
36669.476932515 37 109
41833.384103738 31 132
43020.134479467 55 184
43106.699226100 60 129
44664.833899580 39 109
45217.365139201 59 136
46223.913670189 33 160
46509.434153885 31 176
49769.538414827 29 134
50658.023079241 19 187
50692.992601401 31 130
57473.281570129 27 128
63595.012312496 25 132
63690.296648415 41 173
63930.850603718 36 132
66890.436957404 17 128
67968.010810467 43 169
68490.759208859 53 147
76117.553904715 24 183
82715.558191219 48 126
84790.524865458 28 173
84888.290981184 63 158
85017.088755097 36 135
88838.569271153 17 105
89430.468828055 64 176
91503.308018338 40 159
91647.780699604 53 159
92346.917587939 33 149
94979.730395194 29 157
95439.477297547 35 198
101742.669068382 61 117
102258.046238988 18 128
106643.772519949 25 115
112499.947655279 39 164
113963.740814363 38 144
114339.043318918 58 125
114824.802658482 32 126
119005.247561502 30 145
119344.053138746 19 149
120660.258018326 33 163
122500.230841888 36 197
122649.195291869 41 130
125764.702262558 59 198
126391.545882090 29 161
130311.129276493 28 139
135001.744111572 22 121
136199.019374826 41 188
139583.691431282 43 196
141552.176474788 44 182
141728.100131445 52 180
143638.175916917 29 190
143822.241458777 28 100
144899.194498238 43 110
146432.629496893 38 132
151382.570197677 50 196
151710.298991990 25 127
152087.680433069 44 190
152820.604872520 46 180
156177.104520522 34 130
157484.025059154 48 190
166145.697966091 36 192
166370.446240377 36 175
166856.191832313 43 152
167799.230624430 34 188
175133.703119300 45 157
177160.803705916 49 136
179144.893223302 38 173
182043.628870959 21 181
183388.035759633 24 165
190025.933293708 35 143
190151.537207509 43 106
193375.831909096 17 168
195071.816444281 37 103
197169.876746522 21 171
197232.291258792 55 101
197948.122226614 57 165
199033.837081889 55 184
200454.294863861 48 164
200986.900902497 48 164
202022.801878344 21 176
206868.101084494 54 163
207508.190603560 19 197
207767.497464521 39 161
210525.540623930 22 100
214626.170130049 51 121
214711.583247568 35 107
218682.396511137 34 173
219608.474406076 40 152
221304.668588696 31 111
224751.895188883 41 192
226963.163652104 17 164
228197.961679282 17 105
234136.871743540 62 142
236415.644192150 59 198
238474.951762506 46 144
242264.241287581 44 183
244732.017213843 27 200
250012.208367997 44 147
250143.067807497 20 163
255526.851549672 27 134
257245.580298253 23 186
259943.217228729 52 154
260736.481420558 64 196
261105.123039329 27 170
261943.413498264 22 172
263162.405860945 48 117
266490.613196406 40 126
268029.642569846 31 178
274942.217797092 54 175
275443.329093311 37 174
277646.583994626 24 196
278632.830684412 27 190
283460.353305940 36 167
285927.081547560 58 117
286436.603516799 47 197
287054.505359233 61 192
288174.788058367 41 129
289872.824728142 58 155
294528.488768396 53 150
302561.005796249 62 115
302671.546143314 34 108
307502.360041918 25 168
307702.618683635 22 123
309366.538918590 49 191
309708.104787624 54 142
314874.972610232 22 102
316586.916355436 38 174
316908.072714899 59 115
320519.416339829 48 157
321276.247314669 52 191
322409.936783030 44 123
324757.747240101 56 178
328026.981864994 61 172
331922.383823654 34 188
332092.544246971 35 143
332919.672211714 56 192
333907.991311226 50 186
334152.454213093 20 184
347115.118719517 17 108
347949.824960556 58 157
350472.132608407 24 130
353476.003877410 61 141
360117.022001417 61 164
361364.445970389 62 120
362950.248057567 59 198
364347.918077787 59 135
364787.156892782 31 166
365112.090481989 62 198
366014.183978272 57 139
371866.686451000 29 177
374546.688037909 21 138
377317.268305510 34 114
377428.685476782 64 180
380813.468713595 50 120
384839.150363210 62 194
385328.177420464 27 145
385402.362429840 59 148
385419.418020865 59 124
386038.066787659 27 193
386096.719585498 52 162
387810.546574806 31 154
389674.804781017 60 128
389775.820351596 59 136
394163.080676459 59 120
396634.590059431 56 165
396800.230408403 51 170
397395.945585132 35 111
398646.830325274 53 175
401052.457430802 47 186
401598.521943041 23 199
404453.618519074 39 187
404665.335197829 57 157
414842.452507484 21 107
415392.019072922 26 113
415793.959392415 47 161
421314.613624710 29 127
423395.759083440 20 148
423461.842346757 58 151
424443.686474593 37 159
426490.911920302 29 158
428807.203053436 36 149
429152.480487946 30 120
430655.992660386 45 162
432055.768136558 60 105
432738.728738519 41 167
435794.628466502 40 198
450479.113310456 63 177
457794.132342564 63 178
461541.652800185 32 182
462931.287904857 43 187
466877.577469819 21 126
466962.239268272 62 198
470258.331930029 50 158
470270.820472757 31 185
472734.715532657 57 171
474368.904143356 51 127
475064.747511877 32 180
475193.729351404 48 139
476844.770498480 51 115
477373.455124352 41 185
484269.542140184 52 143
488419.959256569 53 116
489737.975961999 20 161
496811.946664830 40 144
497835.353947660 29 195
498519.384031599 39 141
503119.697594157 60 181
504206.709049302 26 196
504436.954833075 62 108
505162.833003159 44 114
505879.600593366 40 128
507656.661103394 50 110
509522.721187100 30 122
511635.967711564 22 121
524134.355592061 18 169
524538.229225459 33 149
525518.090981359 58 125
528078.377213758 49 194
529024.161771485 24 152
530852.873979072 39 148
543098.888343944 46 194
545890.555957233 33 126
547468.767969093 52 126
547903.468770029 39 141
551491.817126907 38 168
552560.181627201 40 150
554120.548513771 47 137
557295.850239447 42 167
559413.135261693 33 167
562616.780301231 61 198
562933.369457777 27 156
564286.831533844 55 114
564835.061875394 64 104
566895.959637654 17 148
567205.071753407 60 122
571281.076669286 28 161
571778.677221429 42 191
573398.931051269 16 177
575251.749518076 60 131
578122.244664335 42 183
579806.231496925 41 183
583436.764526417 33 195
583544.833236664 38 166
584450.298449236 53 152
590723.662820927 40 179
594299.366619137 57 200
595097.347815993 51 181
596627.919914981 49 152
597696.570378028 52 157
598892.908257718 36 176
602371.348321515 45 155
604786.933900306 57 117
605151.987893209 28 152
607908.982455625 31 187
607977.862557401 23 119
611959.846825778 44 104
618083.801761526 25 180
621283.360805750 21 116
631576.666822804 24 193
632318.547978922 56 129
634675.237721204 35 174
638802.955731481 58 183
639217.211619556 40 183
639526.421204458 59 128
643743.779569830 21 102
644326.263762128 35 111
645003.363549641 40 124
645386.030931169 24 152
647063.014014791 60 162
647344.083885658 47 140
649382.550900831 61 108
649523.220933062 35 105
652861.785392561 46 117
653165.795741019 45 127
657746.488525976 29 175
658053.421514609 63 110
659423.533800586 47 184
660217.915626272 43 197
661185.766482405 63 112
661605.555829707 34 142
664022.706722762 58 125
667447.627098455 35 119
668568.443045215 34 195
670016.149179148 25 110
676038.809368068 27 145
676707.696747862 33 117
677340.281291387 57 146
677488.049072158 40 151
677514.930423447 20 110
679296.987208769 34 113
679764.454322568 26 117
680644.567452492 20 168
681099.060656865 22 189
681923.219060529 58 161
682688.478551958 47 179
682718.044218748 39 198
683930.173394871 30 106
684183.674064809 25 143
686356.839872492 35 140
689532.051571692 26 177
690279.538111826 48 198
690832.433644673 60 162
696294.747320342 62 102
697787.160094103 58 188
702851.442106156 48 119
703921.925929927 46 196
704114.227299762 46 198
705748.695874101 43 164
708569.923786499 23 167
709190.169039004 25 187
711192.780862659 39 200
711884.287056696 54 200
715792.242580907 21 109
717996.519136906 55 182
719717.586328275 37 141
721968.943307621 37 130
722854.722833493 26 159
727474.755148635 40 174
731793.279317620 20 160
732174.086595620 27 128
733068.778908768 23 169
735069.534010036 39 120
735238.179889551 45 198
735598.235543948 46 150
735635.658687852 62 193
735720.875109149 57 148
736969.711369957 29 141
737956.155423327 49 134
738553.867222445 24 174
739322.341866689 57 150
740740.025204460 19 193
741933.888095766 35 103
742357.730925751 57 120
742901.826904400 34 118
743203.783117544 62 182
743298.564284010 41 101
745854.526932758 17 117
749892.629085685 51 198
752740.183719505 42 163
753235.222773860 54 129
754040.161086740 60 126
756918.297319023 49 128
764541.482572244 62 166
765660.644272520 21 174
768480.870434352 25 112
770253.670251591 46 154
772149.364345009 22 152
773473.964836141 32 112
776608.629808847 60 146
777978.609600764 58 167
780332.536949373 33 192
784270.338282035 52 120
787134.148878074 62 174
787373.874264514 51 139
789452.026474160 38 126
789917.863473671 55 103
792231.748569661 27 134
793557.887252525 18 130
794720.989079299 26 138
800128.962620646 28 134
803804.051906987 48 178
804799.109283134 52 185
806426.605648037 42 101
806770.306508271 36 194
807102.237172434 37 197
814979.487994420 54 143
816191.562106698 27 120
816224.631072293 24 178
817514.857782422 41 144
817524.165732514 47 142
818081.741685411 25 178
818841.642189313 35 189
820038.763991429 33 171
821647.183996474 20 111
823572.385151702 40 177
824625.604136530 33 122
825404.532773661 23 181
827187.677317686 50 102
828085.593046328 21 145
828539.583846384 18 183
829863.458535571 29 199
830663.940241641 44 173
838313.164518016 51 171
839192.682003530 57 119
845792.775734291 35 195
851201.623866074 21 146
852049.818677148 49 131
852304.649198755 16 185
855607.122678434 32 200
855758.454557892 34 167
858858.189502209 46 176
862802.085899554 62 149
865296.406210859 64 181
865828.719881250 52 190
865917.200056585 51 118
871954.232741444 19 122
872067.353771316 57 115
872212.496343179 41 103
872929.742616145 63 184
873046.417519687 19 199
874874.766774757 35 116
877609.381713598 27 134
879118.378008159 27 186
879548.438132315 41 195
885638.979205753 20 137
886281.445578639 61 119
887824.883274934 34 142
888568.781790935 26 152
889110.205472334 55 180
891132.003964844 18 186
891434.013349955 58 106
891523.785636040 59 173
892340.704371405 39 184
895106.778959008 36 180
895916.437855454 48 125
896258.879410781 58 160
896384.451464379 37 167
897172.790327865 17 135
901699.055025732 56 198
902196.955246055 58 184
909649.341516064 22 199
909671.824816008 38 150
909887.061350660 26 119
910940.643115618 60 101
911542.682144646 64 116
912897.021100263 47 116
913766.129037119 49 176
914345.769033015 20 143
916664.712565214 53 117
918282.305494919 21 129
919475.796879816 19 153
925776.586130003 37 126
925995.094763453 42 109
927087.140032128 51 125
928517.059488943 57 138
931546.038023642 42 129
932183.495939314 60 124
932440.206793443 27 102
932941.443577669 59 106
933393.973601820 59 191
933883.121697902 63 169
934510.836615785 51 123
935656.901788491 52 132
939728.554577076 18 160
942392.131040648 32 147
942547.816189844 24 112
943751.884873730 60 191
947123.875596073 45 172
956666.424922622 48 101
957357.130653570 33 116
957478.163384808 45 153
966526.407403461 25 107
968043.853273917 39 190
968248.389411409 57 155
968788.808154715 43 155
974404.845970984 18 174
975291.464598277 36 134
975536.196505647 38 120
977030.793554562 46 152
977816.482332640 63 172
977837.522547488 43 142
978187.039580919 48 146
979700.717988838 61 168
979752.984200555 39 126
980979.438137106 57 194
985559.385936405 62 152
987661.444898982 32 116
989644.470959014 20 139
992077.744506220 26 195
994396.313946821 64 191
995826.419058050 22 189
997347.636540630 52 155
1003508.287838139 26 192
1005389.177165900 26 174
1009596.854285576 50 146
1017149.200158333 32 136
1020562.886846271 46 182
1028431.915377218 61 113
1029163.593491003 38 198
1032655.702687546 33 118
1036100.332708850 36 112
1036612.830666141 17 134
1036628.327392305 16 170
1039120.515657785 34 128
1040448.180081267 45 167
1041436.982126674 25 131
1045274.322175445 49 169
1050316.996549600 33 192
1050383.628915761 62 154
1051916.355293140 39 199
1054129.711368944 49 112
1057172.026136815 51 155
1059056.271256752 35 112
1063402.661226380 43 154
1064694.706241854 17 199
1065448.523673549 47 171
1065887.328695153 26 163
1068864.201886522 62 101
1069877.432969451 27 196
1071008.933908619 50 168
1072911.508783963 32 109
1073579.680988815 26 163
1075523.306543217 50 155
1082513.052948142 61 178
1088949.102168825 18 123
1100760.885788034 57 187
1101976.111858541 16 140
1102521.300544741 49 146
1103201.391396266 62 137
1105840.519511061 16 112
1109608.723840302 38 145
1110153.167707278 55 127
