8 9.207031778 12.554749121 0.200839957 663792 9
40459.373707518 181.904347220 0.003682130 0.003663811 505.869747098 0.750000000 0.250000000
9
1 0.221875893 2.216530803 0.215368160 1.266895854 4.746299598 1.418319579
2 0.399931503 4.433061607 0.388201308 1.865269774 6.988048113 2.088213196
8 1.299381287 17.732246426 1.261269770 4.043366688 15.148072059 4.526643701
32 4.221702255 70.928985706 4.097877572 8.764852354 32.836649578 9.812457479
64 7.609622221 -1.000000000 7.386428115 12.904623631 48.345891863 14.447028376
256 24.723735538 567.431885644 23.998575748 27.973500684 104.799944403 31.316989142
512 44.564556182 1134.863771288 -1.000000000 41.185804779 154.298530590 46.108473002
1024 80.327653750 2269.727542577 77.971602643 60.638478338 -1.000000000 67.886196625
2048 144.790670205 4539.455085154 140.543885904 89.278941492 334.474694835 99.949865872
1577
0.000000000 512 80
365.478255225 437 115
2029.766971122 78 93
2562.866520016 216 82
4499.284262336 137 120
5609.364365255 216 90
8886.858895151 271 111
9084.894938852 71 82
12259.945844849 144 104
13647.860730521 469 114
13825.231759671 467 110
23090.652723579 241 105
26328.366968829 374 97
26800.442128397 394 120
29624.103856695 483 107
32879.554069606 491 96
35243.672911661 497 80
35568.547115348 117 113
37903.184405220 454 89
39867.187625713 365 81
43491.034267232 472 100
43513.826028998 509 118
43890.771096105 196 91
44169.620121636 113 94
47195.757273935 136 114
48345.531465374 128 82
48650.766834872 240 84
48712.614733013 202 88
49395.650620567 126 116
49707.446137494 281 86
50459.481900308 473 91
54009.658595867 83 105
54206.735675384 80 108
54911.923270705 493 116
56033.840520515 66 90
57943.609702811 213 91
58766.982808852 264 81
59849.674992210 152 89
60013.400648986 347 99
62361.664584080 243 86
62888.704324537 86 92
63020.679130378 348 91
64467.500048997 201 87
67326.583230007 462 116
67694.707225083 110 93
72110.662180089 450 90
72339.336004140 461 90
72759.256591139 203 99
73242.652080310 321 85
74452.058506085 125 93
75643.734435189 125 111
77695.939279302 313 92
85015.541436778 271 114
85451.964318872 303 89
88106.186193254 414 111
90345.759247926 112 84
94031.689724934 382 84
95776.436189977 299 97
97450.963521800 346 86
98228.535543207 315 112
98237.993296372 146 89
98745.217087329 269 112
100130.996323812 489 87
103080.753202900 403 110
106165.557521133 198 89
106583.334144410 369 114
108876.438988164 499 118
110845.247922630 411 114
115159.633629215 348 120
115364.782420577 487 82
115836.523418998 485 85
116193.298696364 116 89
116430.313261743 482 84
118392.126034558 110 105
118531.451839096 338 90
119550.634472289 111 80
119619.750546104 460 97
119922.899822343 196 100
119964.078524095 215 115
120124.016882279 502 118
120628.534570271 413 116
125276.860845035 195 116
127432.384008007 221 88
128041.264972840 398 85
129053.908762894 483 119
129486.335915680 437 120
129842.137137703 498 109
130822.461648006 200 84
132921.392454304 508 106
133154.636756357 466 85
133482.039213269 299 80
133533.925171397 69 113
138064.504247783 133 112
138760.985111661 76 89
138976.712688047 344 93
141403.851489606 151 102
141527.449268134 65 102
143653.859131570 288 117
146085.815443192 373 95
146586.134357115 457 109
146719.030183089 313 81
147028.830983002 430 95
148530.392979656 306 114
150390.283308141 448 80
151650.013718281 267 108
152635.956644015 304 98
153009.941550995 351 113
154108.595976573 360 82
154771.007933949 480 84
155268.588069903 484 85
156827.342814041 487 99
159649.375217855 146 88
163052.342169077 253 96
163117.823089155 131 80
169874.658723719 200 109
170028.675072163 364 102
171799.086524205 276 82
172245.536988774 460 114
172754.375971882 469 80
172805.121370822 113 108
177661.898744072 411 87
178412.508204290 98 97
178452.044093984 234 85
179412.201753071 70 89
181507.315621005 243 119
185167.480181464 89 87
186788.184356356 510 109
187059.364222741 355 93
195897.735015352 483 98
196018.952156064 471 112
196224.300576233 130 118
196751.712081800 465 90
196938.005087029 328 102
197081.078878419 82 94
197473.084403458 237 103
197671.481940055 376 107
197812.663585339 132 80
198842.238213826 287 92
201069.082949540 128 106
201515.381624507 322 105
203991.668371178 416 84
205885.748664264 199 87
208326.467580160 65 108
208551.001147057 484 118
209949.620787957 489 118
211110.939491077 141 107
213207.771915665 373 93
215882.824333821 459 86
216762.732381583 395 82
217573.242457991 347 91
217750.346431696 246 114
220217.319779268 324 107
222369.856678294 309 101
223654.579640111 254 82
226459.304136891 190 96
228068.224727008 187 88
228084.612422435 395 115
230785.222546299 99 97
231522.843685132 310 90
232331.329544390 136 100
233700.275060571 186 94
236398.258788613 162 83
237101.246896958 183 110
238233.948189611 496 80
238438.259531611 178 120
238928.624780407 430 108
239380.198325349 342 108
242302.502799123 169 106
242605.531884468 466 105
243155.460932831 505 104
248469.971479936 386 92
248977.556564003 319 81
250063.508528290 502 83
250523.486134396 200 82
252528.531662203 194 104
254791.480684911 119 88
258275.218291614 97 94
260314.011042866 439 96
260766.637195100 484 99
261128.658286975 395 93
261212.718631401 216 93
262085.977511923 105 116
263200.802871589 91 112
263419.030462826 181 114
263469.713205456 105 97
263576.349195318 497 97
267651.589601702 66 99
267809.715424626 486 119
268634.835470441 351 97
271285.123888157 403 98
273593.882482666 454 108
274457.721555897 103 108
274781.469772652 207 80
275523.287316931 194 112
276371.622134584 344 96
276946.333668251 154 107
277882.524292015 311 114
282717.099600964 367 110
282862.424481608 324 99
285131.771439856 113 97
288881.550517971 138 105
291370.956866695 415 104
291935.169273711 460 92
294249.108629957 390 106
295686.332842125 308 92
298156.078815669 239 81
298196.371980577 333 115
302056.528017633 172 105
302235.074231044 200 104
302684.467547476 198 83
303318.128227272 156 111
306803.876481056 180 114
307509.499954489 456 86
308621.345629704 344 89
309119.775667103 226 97
314048.837879553 460 99
317702.564967622 344 118
321016.655029228 121 93
321097.136533929 399 91
321574.283213714 498 94
323214.972555943 475 84
323470.854058582 306 83
323779.432425679 320 97
324135.762564175 432 115
326378.188843554 302 108
326523.603175516 272 105
326665.123494378 229 95
326875.984423130 502 85
329619.124774037 124 99
330113.475909302 235 98
331915.053399473 381 96
334329.455150378 273 89
337035.321033318 197 105
338053.353087952 119 120
340559.617419710 213 116
341498.878599570 493 101
345577.229279364 153 110
350111.164395909 342 113
351410.213742907 283 85
352424.739076609 288 114
352480.422273693 447 93
353649.390472310 83 86
353739.253630475 426 120
353785.474070598 280 103
354170.961984728 266 95
354501.027970130 313 81
360832.810940126 141 104
361208.565754701 127 106
361610.475089255 445 91
363736.877808453 329 95
366533.258274354 273 111
366838.521913493 100 102
367281.158464973 92 90
367923.652531619 302 97
368255.308009071 511 92
369093.239641093 239 102
370601.825419685 392 110
371843.895229337 344 108
374211.650717720 411 87
374338.029750280 387 110
379000.638728750 256 86
381605.169620754 271 94
383769.467788611 177 118
386267.829149554 402 101
386550.078172708 400 116
386717.908303683 402 104
388455.002900729 270 83
388528.570590435 319 120
389226.644864397 196 96
389661.449088466 192 91
391140.059370340 343 110
393057.434362229 302 114
394021.804623424 478 120
394237.963649061 112 91
397753.773028423 495 90
398376.122082520 299 92
398548.050341951 447 105
398778.556677153 293 89
398929.806104693 86 120
400156.690905500 494 98
400693.833429690 443 82
400851.962219775 105 116
401008.401736054 349 111
401512.946459972 169 116
403511.460091748 71 104
403601.085380005 266 86
406380.502722226 356 101
407566.041074358 280 110
409704.840251558 300 116
410753.954128186 313 100
412144.454602203 369 96
413700.871836607 117 101
414101.420229432 107 96
415223.831517736 165 96
416338.676837806 473 102
416810.495220915 330 115
417634.836449059 78 118
418731.361347979 186 90
419575.591881361 279 116
420060.749857695 120 120
420733.122193744 358 95
423939.485485121 148 80
427130.423734241 487 110
433216.853151794 371 120
433560.115496583 444 85
436668.536975699 303 81
439180.102059800 404 97
440583.498999639 243 105
445824.590948801 248 113
449497.855427478 340 118
450003.859278099 329 105
452216.251078139 92 84
453182.325380204 159 102
453453.277441635 242 84
455124.670292336 475 115
455373.420079746 241 103
455426.667197503 295 114
459692.390321281 335 97
462631.154592027 300 86
463989.246950310 318 92
465882.610645355 202 113
467749.091250511 391 104
469225.724139449 181 90
470376.853483985 301 91
471624.257942915 249 109
472358.766273518 118 99
472400.938800169 243 89
473614.394908283 329 95
477254.956955679 126 109
477833.137041676 476 112
479138.580071101 234 111
479656.585813006 294 99
480836.960546253 199 84
481462.730957708 449 89
481577.636675932 373 92
483531.175150580 472 118
484509.859490115 472 115
485108.131465693 88 87
489211.220537803 383 93
490804.316841653 86 109
490914.508518017 239 116
491083.878750842 166 84
493651.643776848 308 103
496410.739858285 189 98
497451.477382481 253 103
497599.793131099 389 112
497852.281766233 118 95
500303.753958492 240 108
502101.127294883 323 93
502287.107484763 272 109
505110.128762905 392 119
507736.680400020 254 101
508584.281441755 228 108
509495.148862940 290 118
510305.175211237 186 87
510680.297818699 117 84
513579.478330365 185 101
513865.013546468 242 101
514816.197118271 487 91
515915.918185347 338 110
517447.376322830 151 115
517765.432481167 314 101
519459.604158788 188 113
519690.168139784 430 85
519741.060511460 196 97
521810.438982885 406 105
522899.013043712 388 110
523551.054827855 413 86
523761.458591270 85 108
524089.368131159 350 120
527106.511328564 120 112
527373.605281653 287 85
528008.150003275 189 87
528377.424008918 434 95
529429.472052019 412 94
532663.072882122 117 120
533807.501415547 144 117
537340.782103181 106 97
541439.411790239 307 97
541500.879460210 82 112
544384.144226397 432 105
546904.710288085 81 90
547139.304634255 179 85
548152.733136225 323 94
551563.714707631 144 97
552093.353263241 352 86
552459.686572303 103 97
552935.588345948 319 96
556664.481829532 427 111
558722.372323983 460 117
558864.100171414 204 120
559798.098271325 116 93
560487.507776848 485 107
563903.339526173 399 115
564737.611008779 146 113
565150.466498642 100 96
565587.530888244 232 102
568022.826772358 351 108
571146.947664816 494 111
571280.958582812 454 87
573300.190229122 415 90
578158.780594370 213 89
578277.490245412 104 118
579188.759858417 335 98
584839.089968133 271 110
585840.981836540 152 100
586074.454938002 444 119
586518.446701056 113 96
587095.165375825 382 104
588345.790003427 399 86
589307.663428068 381 116
589352.575743303 217 82
590319.186168214 419 90
592605.173532121 498 89
594227.608939196 213 112
595156.734590342 141 88
597337.305491754 160 102
602470.122916639 302 118
604724.876283140 433 84
606460.674073535 109 84
608969.455880641 459 95
609451.774683030 81 102
610057.944974507 202 86
611178.087770374 433 107
612601.268911093 305 116
613713.499021699 100 84
613971.905914233 142 93
614214.930733912 183 112
615092.683840655 455 114
617096.161215494 469 98
617885.348512743 459 85
618711.521999463 414 107
618842.233077349 387 114
621436.502849621 313 90
622318.881052925 98 109
622785.975259254 388 120
625545.186405376 429 119
628661.217941683 312 106
629208.325645448 145 91
629403.044394633 431 112
633670.229904657 247 104
634062.921338921 399 86
635056.409703568 441 119
635289.691550569 362 85
636721.585184265 321 89
636815.829951990 182 114
637933.951238979 291 91
638281.452065007 94 81
639621.636091375 342 90
639870.622337250 163 90
640727.727204073 425 97
642370.865931752 449 91
644343.241217874 499 94
645517.715499620 67 97
645680.330223149 413 87
646121.114381368 345 102
651055.356224657 240 108
652608.159191819 121 105
653138.438552257 374 107
654700.468531206 224 107
654924.134659582 432 106
655190.337000037 467 97
656943.598039960 322 89
657147.068573876 249 84
658039.324879704 169 108
661130.401060863 152 88
661482.153351684 385 81
661488.729334258 398 101
662373.076143677 474 101
664081.898037825 223 112
666370.345752006 291 91
667902.825595657 488 112
668310.062376148 294 105
668793.954999121 146 115
669249.002584322 372 97
669326.810960950 435 83
669897.079366912 457 106
669937.661972418 410 110
670058.801711142 138 97
672448.640005297 153 109
672753.803921245 170 87
673784.062665948 367 95
674452.225656409 418 107
674610.261315727 504 86
677479.167401270 415 98
680655.367334264 162 105
681215.713797367 187 88
682767.088482159 507 99
683996.735601848 238 105
685962.559302275 243 116
686176.119293816 79 109
686926.956250106 463 120
689421.546869056 140 98
691592.511552828 475 81
696237.914217120 67 106
696371.504007390 136 103
699475.574463162 120 104
700158.926358867 332 113
700827.906867826 297 89
702550.365213786 107 119
703755.229014921 413 119
708076.399925673 414 119
709631.209462727 393 95
709997.057257607 510 117
710365.129572315 210 116
710875.258436849 110 80
711324.223224482 411 114
712002.126193362 491 119
712824.856248416 313 106
714090.957861428 70 106
714584.123620379 203 118
715665.147157186 192 111
716166.803579408 127 82
716573.743987083 512 115
717678.066838800 348 82
718284.876507428 274 104
721456.073166321 174 86
721520.442895177 402 105
723393.614305457 376 101
726334.922892446 389 84
726643.647953816 278 81
726760.715918335 417 111
729718.708155984 392 117
730577.643082888 110 87
730907.857024092 445 90
731222.392145783 489 81
731311.004038895 448 81
732198.187151879 499 101
733639.026638337 291 114
734729.063147917 191 114
734861.089768208 477 118
734932.321745338 445 104
735424.911863777 133 104
736721.763983467 121 97
737987.022433942 422 104
739134.560041312 121 120
741145.938428907 143 100
741459.581566361 342 114
741837.444339590 207 95
742240.455924609 151 84
742536.595619790 354 106
742596.084616215 126 113
743074.250882198 410 99
744069.477523074 277 115
744915.715221159 424 111
746498.269496057 320 98
751004.045805905 285 88
751087.593955114 421 116
753099.446695883 77 105
753400.021043858 200 86
754848.195194680 372 86
757627.884262064 501 92
758264.955881211 479 102
759400.359615656 275 93
759826.932547185 162 88
760001.732310766 104 112
760415.439964016 142 100
760516.343834787 332 105
760842.229003251 358 96
761081.652127953 136 113
763563.845634877 462 80
765373.677204416 189 105
765720.492935813 145 117
766395.535658571 132 117
767461.400480112 418 104
767761.046222969 134 100
769172.319521318 131 81
771530.267065006 269 80
771888.779498662 129 104
773682.920069146 357 87
774197.305457693 503 111
774571.415814500 172 96
775044.839442982 222 104
776191.703663293 182 84
776275.012639533 339 118
777176.850926784 285 118
779209.544170860 71 98
779387.362582010 92 86
779417.086994815 359 96
782731.465582872 410 92
782784.186849972 240 80
783108.662107624 485 102
783536.009822811 109 103
789826.428668949 423 111
791331.116107475 363 118
796231.471517383 355 99
796969.943318368 473 120
797203.921014200 357 110
797279.048290409 173 85
800623.030673022 237 114
802098.253687896 485 115
803246.622219250 437 91
804488.505814159 443 95
805969.484572513 313 119
807242.951233007 291 89
809247.556068192 238 80
811753.855531115 359 87
813018.292065655 510 100
815998.893980168 139 107
816692.119429698 340 110
817364.321908854 184 95
817679.654275392 185 89
820015.953853491 182 85
820184.727975339 287 108
820544.274526570 144 88
823155.872583414 267 89
826057.946153526 472 113
831498.863395832 401 81
832309.715775818 134 94
838399.800549817 302 100
838844.840579574 97 98
839524.787703883 288 118
840118.929658601 414 89
847613.996889721 462 89
849524.640694801 361 109
850178.454822039 505 84
851071.658529292 345 95
852642.781323792 394 86
853558.317749999 160 110
856709.346675289 355 105
860780.551117417 208 119
860982.349600131 418 80
861968.271588765 512 91
865000.373781030 89 117
869700.796688741 290 82
870977.883221051 124 103
871653.050329578 427 117
872610.983254430 396 84
875643.236667318 84 113
878023.007797719 132 107
878633.767655545 402 112
879355.307281767 163 108
880926.486961004 115 105
882137.993850782 511 118
882225.088014489 486 110
882264.042622212 159 81
885424.960499869 88 114
887049.553516367 121 108
890317.102014545 182 112
894271.413831918 306 100
894503.119386393 207 80
894697.276534216 357 95
896072.878308631 316 90
896146.401975925 488 115
898715.264192438 293 100
898861.789445070 487 93
899143.584838446 87 107
899371.130622566 83 90
900206.400792586 231 92
901727.770031671 365 117
906579.875428949 212 94
909487.184613918 373 100
910079.659589137 79 101
910098.112216251 67 85
912807.098619910 150 113
913103.171277835 169 83
913242.157330128 298 109
914016.408447161 78 88
914673.189557787 251 96
916108.289585115 301 99
916723.440736614 404 81
918477.270853106 89 101
919220.700950710 269 102
923117.659826301 312 118
923209.512322036 449 109
924056.762627266 258 91
925450.417587779 304 85
928418.546441103 507 83
929650.369793313 184 98
929863.320411778 191 80
929935.573377934 493 120
930908.640136699 168 89
931528.324022120 248 95
933358.516434580 322 92
933727.829412030 186 98
934412.632690206 145 96
935258.517716390 267 97
936486.446532525 396 97
939572.118561598 447 111
939841.036315179 342 90
940588.209321265 203 87
941610.657261829 126 103
942511.326999194 466 87
942637.042456125 440 96
943203.626401595 253 86
945051.109724511 221 86
945191.386263298 282 87
946516.598927016 258 82
946918.641566794 151 112
946956.254922626 275 88
947555.209807856 252 109
951140.002657857 329 93
952005.567177592 490 80
953518.987188298 394 80
953559.926963762 473 116
960030.424157263 367 81
960153.884793151 178 107
960226.849452870 133 102
963417.355345272 374 96
967708.716537364 300 110
969360.200949826 93 108
969364.659166713 434 81
971324.256985904 414 110
972211.231480172 402 93
973228.018992692 105 106
974796.570492360 95 81
975966.415930605 116 85
976029.513671861 508 97
976606.298380227 362 87
979038.509336824 419 92
980825.290406846 188 113
980900.903209944 270 113
983319.574153087 407 83
984871.407145561 88 82
986285.157578990 325 90
987285.120887423 463 104
991633.553458350 404 82
992209.644002454 322 98
992580.616474121 294 89
992831.271481966 478 97
992956.504928579 133 104
995697.143317936 205 92
996090.004705243 138 84
997441.590567357 273 110
998309.001969329 246 106
1000945.571716873 386 85
1004390.535803199 485 84
1005141.459930277 161 92
1005703.096073524 370 92
1006035.591481559 374 83
1006476.871855331 270 101
1006513.566696395 206 82
1007100.380956986 369 117
1007150.223908022 332 95
1007164.741146824 104 105
1008846.042403155 322 114
1009385.481593484 96 81
1013048.679983725 423 119
1013720.716380319 97 101
1014057.538308549 450 100
1016002.313272550 188 99
1017538.045751922 303 94
1018389.642345810 359 111
1022541.808178414 387 112
1023947.003067736 283 88
1028172.707896919 265 98
1030021.089859621 265 101
1030620.893088278 193 114
1031274.794604114 376 99
1036255.022285129 370 85
1037961.085981714 199 115
1038110.200395511 170 119
1040046.726241487 333 119
1042387.689483524 199 93
1043346.709948587 304 120
1045117.497177594 84 117
1045985.279584797 421 90
1046658.711359211 377 115
1046726.828900299 127 83
1048951.910425918 482 83
1049513.044519963 262 84
1050120.764644859 386 80
1050274.890747189 106 96
1051778.313710227 438 96
1055344.887683452 450 98
1056579.599497961 151 120
1059237.960290874 372 120
1060035.067109152 169 109
1061115.914709248 151 108
1063134.912888248 492 94
1064225.031868548 347 112
1065127.495340167 266 116
1068792.885974376 236 97
1071343.669450659 181 119
1071726.611229400 308 80
1073657.207514703 413 94
1073830.099979310 457 95
1075633.846878118 254 108
1076451.760427559 329 104
1078148.444374538 446 87
1080857.258145814 70 84
1084004.738425260 318 91
1084410.056948285 68 103
1086362.395996476 391 120
1087247.978568028 185 91
1088024.266438674 387 88
1088502.711699237 99 107
1090268.885258868 320 105
1094472.870332823 389 93
1097227.623884578 188 92
1098099.630686532 255 105
1099749.692463757 102 111
1100123.431487883 490 115
1101109.975170502 509 102
1101805.863967555 342 94
1102146.993156318 504 93
1103005.388900708 389 117
1104059.705607927 121 97
1104623.655569537 71 86
1105292.301275114 189 112
1107422.706910018 65 85
1108278.928978816 114 111
1109904.941088134 212 103
1110467.152665880 374 109
1111051.299790300 435 112
1113891.899595740 350 93
1115302.343800906 507 112
1116527.634158713 146 98
1117424.816814705 463 95
1117642.321799117 403 89
1118564.738099821 189 117
1118566.812312542 203 119
1119630.997842838 486 92
1120193.632444551 272 98
1121260.283406343 142 104
1125419.116204754 418 93
1126102.289238837 507 107
1126458.553874117 359 111
1126849.397974321 388 94
1129791.480619512 154 116
1130702.388662138 93 90
1135790.060960548 310 102
1136808.785243662 349 114
1137014.325311527 505 88
1138634.318671169 275 84
1138990.567514676 270 81
1140672.818776646 377 80
1144239.453831440 277 81
1145899.604110724 231 110
1146553.425713358 163 101
1147495.255218314 372 92
1148996.451908868 500 81
1149847.387363690 208 110
1150244.095598415 105 94
1151313.528144577 232 107
1152978.452737148 345 87
1154309.902831807 502 84
1154388.773139949 79 88
1154790.641481532 153 85
1154872.826039332 93 120
1156497.727989655 130 100
1158360.082374490 74 118
1158567.059913583 379 101
1159065.371104990 502 119
1159276.286470689 420 102
1161765.349774314 174 113
1162744.027121341 344 114
1163087.897358984 245 103
1165734.076141432 404 117
1166538.512044250 98 96
1167219.896151105 475 83
1169276.503706402 438 101
1172300.186765653 186 89
1174091.363592651 211 113
1174164.585367344 180 116
1174353.741842263 386 89
1174965.028169258 290 98
1177247.518638074 337 84
1178152.460198892 170 96
1179905.137582387 191 80
1180025.150614788 432 110
1181572.237376270 140 86
1181814.996446041 64 83
1182020.694439279 235 98
1182279.325632266 495 101
1182460.856966319 92 96
1182493.757429454 259 88
1187585.952505549 90 88
1188881.601442718 317 83
1189009.900432687 123 98
1189266.733637182 510 94
1189531.246333525 461 85
1191181.650456466 245 120
1191894.363077941 512 104
1194194.643848221 411 93
1195310.150450218 381 120
1195504.244400747 349 87
1196059.971075371 458 113
1197695.790288606 462 81
1199230.549822043 454 96
1200300.733498203 207 85
1202863.121135672 115 119
1203023.614416790 305 95
1203523.319399464 468 110
1204620.039149107 170 116
1207603.469777802 370 105
1209749.723535831 498 82
1211706.305420934 281 114
1212495.446987045 332 100
1214720.092279573 278 88
1216027.118231665 369 101
1216258.475613823 168 113
1223186.708195063 180 104
1226469.035057257 275 110
1228831.002641684 260 80
1229378.219307126 300 82
1233089.477883178 402 115
1236640.286313307 291 108
1237587.959926229 319 115
1237790.388470346 263 106
1238286.849419662 424 98
1238904.147669492 479 117
1240824.871087052 433 116
1245329.986916352 511 118
1246808.722424476 434 104
1246826.543055736 402 118
1246840.959239649 389 87
1250870.982243011 503 100
1250992.101702359 257 119
1253509.891792184 266 109
1256039.600282182 181 115
1256377.206183755 338 81
1256643.087031767 403 116
1259506.524926618 78 92
1262640.332560247 499 93
1264330.767416855 129 87
1266615.248125908 247 100
1266685.993729411 311 98
1267626.234506514 290 105
1268721.222767025 173 109
1269540.811913881 481 97
1269734.215403015 370 98
1272613.183434754 245 107
1273506.379047972 362 88
1273846.342032447 123 85
1275770.738440705 387 109
1275863.730328802 498 84
1276582.436808270 178 112
1279486.355224248 90 111
1280541.607354451 280 115
1280589.437800996 430 105
1282546.323893768 227 115
1284546.413231970 206 85
1285980.047293034 263 102
1287309.926328695 501 96
1290241.766872740 172 99
1290401.881714927 65 88
1292208.819017617 144 111
1293430.026345022 216 119
1297153.056577775 129 80
1299355.557368823 370 95
1300276.050466702 68 104
1301427.867856317 346 81
1303444.381763562 83 86
1304964.823663995 459 82
1306710.549608073 87 102
1312375.326884654 226 94
1313506.026217075 233 82
1314378.748863847 273 103
1315040.639463642 162 82
1322226.514560548 158 115
1322677.955597407 432 82
1327615.369763288 369 99
1330840.186282187 209 80
1331280.144639423 69 113
1332820.788277647 484 105
1335073.586842373 313 98
1338594.412248681 277 82
1343480.645861363 469 113
1345438.707589957 143 88
1345595.101170516 261 113
1346825.865936959 262 117
1352029.812064729 454 81
1354751.632322216 155 110
1355526.631442693 111 107
1355564.336125896 96 80
1355638.649219943 360 104
1355658.134297701 327 91
1359659.607562663 202 87
1362143.482937705 406 105
1366470.591184739 222 99
1366743.984201658 86 81
1367106.987352208 214 84
1368937.668104132 405 84
1371090.129163267 356 98
1371252.486367526 249 84
1372281.930359740 140 101
1373483.807290899 103 111
1375758.298405663 181 101
1377334.684766922 98 118
1377426.597517687 391 112
1377586.544760324 394 100
1380204.760526944 120 85
1381469.538577529 112 95
1382473.483330798 264 111
1382912.840951273 226 103
1383108.961556692 213 116
1389212.148930692 352 103
1390977.114458361 459 86
1391180.710104947 69 99
1392603.175556896 499 105
1393864.451048528 282 84
1394032.956860347 167 113
1398097.566790652 317 104
1398177.979066684 379 91
1399134.377051110 155 88
1401270.353513185 437 92
1401550.715260074 341 93
1402183.752861252 341 97
1403184.669220900 382 119
1403422.047121048 391 94
1404976.073772184 498 102
1407323.505880644 355 118
1409307.291145253 452 95
1411646.735854781 362 105
1413004.761854236 247 81
1414348.920573673 302 112
1414613.002480682 427 115
1415324.261831489 426 100
1415983.127510129 448 102
1417425.641010171 386 104
1419356.437903673 231 112
1421612.023260001 136 86
1421924.767275385 401 83
1423050.310910123 376 101
1423142.715546970 366 81
1424262.677901374 216 95
1424607.712562156 388 96
1425843.157182514 343 120
1426838.026487169 360 108
1427893.499536422 472 97
1428632.324032829 385 86
1430442.820484324 448 84
1432915.259500749 83 117
1434524.745889811 501 101
1436112.089738111 196 115
1436327.264186166 194 107
1437641.913661667 110 119
1437776.250122654 287 118
1439878.354259754 313 108
1439967.333465833 505 118
1440003.492106246 296 104
1442633.841574735 65 80
1444309.045929662 499 82
1448159.252166233 343 84
1448434.384708661 279 92
1448618.723685798 82 110
1448654.669608695 181 120
1448749.889508252 228 108
1449543.462017654 510 109
1450400.577168183 270 114
1450526.700233557 433 117
1450726.886934112 79 98
1450852.412870663 232 87
1450918.235979836 483 118
1450927.157475573 433 106
1451794.634117023 446 109
1453205.546603949 258 80
1453899.013868229 128 116
1453933.684363010 387 91
1454045.818873849 243 100
1458123.067677647 324 113
1458985.386866086 160 104
1459160.219285988 185 82
1460218.103159236 85 107
1461164.257616226 456 90
1463296.648441931 401 82
1465102.196214855 254 91
1466078.866842079 285 99
1466234.101857438 429 84
1470549.604389552 310 90
1475428.451730296 91 93
1476618.536134904 211 107
1476717.585401614 141 84
1484360.919641923 492 84
1488215.308007084 389 82
1492110.521113098 226 117
1494921.485073246 464 95
1495344.338050781 383 97
1495379.800953300 342 88
1497900.127329256 116 109
1498186.868550340 463 93
1499909.302355124 451 112
1500116.049872492 345 114
1503593.416425403 403 96
1503896.604530444 243 85
1505263.140508821 64 102
1507301.614017606 138 102
1511897.498854132 422 82
1513337.748952165 415 114
1514624.924639944 120 89
1517667.745479903 450 106
1519418.019469411 480 114
1521446.028202360 477 97
1521794.986475064 504 104
1525422.578713168 271 118
1525748.355714642 304 81
1525976.882743254 397 88
1528313.898827042 479 103
1531057.408986259 351 87
1531802.154116678 283 104
1532204.296749941 290 104
1535092.510262615 410 87
1536720.880989264 289 102
1537858.369186254 288 82
1539868.310863236 324 118
1541426.226722462 179 95
1541500.648724066 144 81
1542958.864139977 431 98
1543883.295430105 259 90
1545159.198162108 214 108
1549451.703549040 472 116
1550161.629563007 380 101
1550331.403162597 303 94
1550632.613538639 185 102
1552520.430170682 333 120
1554742.216544093 458 95
1555223.083603137 112 117
1556433.682806561 475 106
1556674.935730521 257 93
1556699.234662631 458 93
1558060.922525250 102 115
1558348.952590666 97 89
1559178.700755002 328 107
1559553.146974564 350 94
1560588.762891266 410 117
1561162.027916185 262 114
1561375.055715923 282 97
1561789.304083336 179 101
1564149.136784089 164 112
1565365.238052670 440 115
1566486.611709065 304 106
1567522.046935938 199 116
1568050.767804754 463 96
1568806.484164755 390 116
1569004.894235044 166 111
1569743.110629054 284 100
1570286.975766752 198 98
1571162.110010738 436 93
1571733.807338464 206 87
1573961.244488292 261 96
1575111.697961256 277 107
1575681.392549938 159 96
1576035.325975564 440 86
1576113.752454407 459 90
1576742.707287749 147 91
1578674.448986033 129 107
1578950.367333456 491 113
1579299.842618390 429 105
1579592.526239796 184 100
1579678.357077476 443 85
1580919.654382915 384 86
1582261.867757190 269 91
1583526.418748133 305 108
1583633.233316289 163 98
1584034.456720302 471 87
1584639.479120460 309 90
1586859.563690346 300 116
1587914.163943480 69 118
1589448.631925183 151 119
1589568.764444462 127 96
1592286.148279506 239 90
1596185.390458967 405 102
1596337.292959429 71 99
1599119.390203062 182 105
1600449.781210324 226 111
1600801.391345666 395 94
1601519.635680828 497 119
1605701.334220837 457 94
1606012.569472550 396 104
1606364.391606204 163 97
1607987.539152225 370 100
1610288.461769539 359 103
1610300.346966702 295 115
1611175.720435147 177 84
1611247.704182746 110 81
1613098.522397988 106 113
1613958.890725488 247 118
1614486.690226807 108 84
1616064.759173197 194 97
1616218.561286600 334 109
1618431.754966214 179 81
1619030.040852170 126 92
1620450.651856527 389 85
1621434.609798962 417 94
1621734.918349117 271 84
1623313.553214123 281 118
1625823.849460119 463 118
1627595.193033528 219 98
1627741.325720834 202 84
1628345.023467983 428 85
1628541.964145968 214 107
1630116.772516851 510 81
1632867.285327059 274 119
1633112.417342704 207 111
1634043.540003272 219 81
1638217.764710451 471 92
1639557.938062643 106 88
1640903.082729809 289 110
1641249.957133249 338 101
1643355.813739343 243 116
1646221.025807105 271 117
1650360.422523723 505 119
1653958.710937717 288 86
1654114.753509344 485 111
1655937.001804728 473 119
1658986.684956338 69 104
1659824.920867239 137 100
1662077.383830602 353 82
1665753.013227261 114 92
1666938.517450463 478 101
1667799.368755240 184 83
1668719.252548845 192 93
1670689.049056907 326 115
1671883.625313757 155 84
1673230.613372082 271 114
1674125.526410895 372 94
1674496.332288618 301 100
1674567.558199274 252 82
1681063.326520028 153 114
1684132.393469486 252 85
1685391.024470556 70 88
1685707.748644096 209 114
1686268.824806565 380 100
1690270.393784938 83 97
1691252.572070180 420 108
1691687.648127096 318 101
1691731.756787390 113 105
1691977.177117224 78 112
1692444.230747043 353 120
1693094.343399937 408 99
1697485.864473551 243 83
1697605.459974190 154 109
1698100.812952667 474 98
1698631.997056146 148 99
1699966.565699634 204 104
1700015.491021112 394 89
1701286.055378077 510 115
1702493.247413754 429 112
1702712.284908815 153 107
1703102.822502344 244 107
1705735.831692145 314 120
1706227.693351816 259 100
1710286.647879675 168 97
1710522.103990952 100 103
1713271.610124013 89 85
1714715.565194157 74 101
1716712.800943886 150 90
1716869.757645000 283 100
1721928.841312209 167 96
1721989.175937916 421 80
1722352.219366976 72 108
1723777.367531484 275 86
1724466.909428417 323 116
1724517.995674407 208 98
1725217.311525819 121 102
1727125.466045890 342 83
1730018.929053874 155 80
1730382.855287146 348 116
1730665.685324142 176 91
1733172.167130045 276 118
1734552.261750170 266 103
1734587.600827770 113 82
1735730.349945133 456 90
1737990.559030836 495 111
1739877.996197201 345 119
1740308.785815224 358 102
1745023.533687243 232 96
1746214.787662986 351 101
1747001.052033724 408 101
1747518.010940053 495 119
1748240.197141429 110 97
1749772.243373740 422 97
1749881.019038950 147 82
1750550.045736911 226 97
1750693.274629988 485 98
1750859.845223162 203 117
1752857.692610870 247 111
1755665.179530431 172 108
1756506.336825356 109 96
1756845.637594282 396 84
1757427.277253851 221 90
1761603.704916168 495 81
1765397.963526521 410 105
1766054.860880051 274 85
1766992.292249538 440 103
1767785.648525766 112 98
1767946.689556307 157 101
1767997.612155127 79 88
1768206.607315907 407 83
1770510.263527206 430 90
1770966.641874119 126 120
1772259.141909390 440 106
1772538.026420935 142 100
1773135.082658608 166 113
1773355.699319892 172 80
1774790.125132738 115 103
1775444.268916183 64 95
1775903.874533311 64 114
1776176.891311025 323 97
1776410.414271264 354 110
1778595.440861626 211 96
1779999.431877244 66 103
1782251.038632729 166 95
1782500.289656570 260 101
1782579.435838969 230 106
1783383.639665030 291 109
1784101.451792283 367 107
1784651.590116621 163 94
1785437.813447587 122 80
1788761.716178498 224 111
1789386.161354654 128 106
1791741.977567815 291 80
1792117.283666251 362 108
1792422.589702601 445 92
1792946.813143826 98 118
1793944.335832591 472 85
1794847.059383708 276 81
1795234.730923142 267 94
1796670.234814545 187 105
1797585.944394117 502 99
1797668.013090529 324 98
1798159.177110082 190 116
1800193.366632824 137 101
1802650.665554379 453 116
1803490.950356191 129 115
1803725.470499150 214 97
1803810.954406900 151 106
1804672.025856036 503 115
1806249.692614087 85 118
1806637.825834267 509 117
1806678.101698422 200 119
1807156.621409550 141 92
1807908.932837348 284 81
1809633.160162724 219 120
1810270.561390595 436 100
1811955.772362360 411 87
1811960.078262439 386 116
1813260.857622466 221 94
1813868.800769242 159 105
1819688.861000976 128 113
1820725.252969599 281 101
1821401.727601478 214 112
1822109.635597200 303 112
1822136.368188321 270 107
1823662.302278254 218 88
1824247.896961263 302 88
1828056.096468785 418 108
1828188.904395898 188 101
1829071.164501031 134 95
1829105.623176550 485 98
1829326.587463440 505 110
1829977.390534831 209 108
1830735.419347892 128 108
1833199.464302767 153 111
1833827.218366879 236 116
1835324.140746090 222 81
1836865.624558807 231 109
1839206.149933255 353 115
1839719.079683837 508 85
1840151.038499806 343 91
1841883.609473522 324 110
1846244.043139619 410 84
1847929.285037383 70 99
1848606.545772774 171 109
1852686.280578534 352 104
1853552.362912399 435 99
1855309.715799717 78 102
1855695.044016893 503 116
1856576.824452022 332 116
1858900.357261028 352 100
1859654.526651377 368 93
1861014.951630098 387 91
1861157.591810126 145 84
1862374.982832699 339 86
1862915.937884663 217 89
1864495.786464956 476 101
1864730.682152890 398 120
1865144.156736607 235 82
1865612.753141370 114 112
1865688.897735276 424 99
1869576.873948904 377 106
1871801.697881434 415 85
1872883.263347470 284 102
1874925.044110326 432 82
1875863.172724343 71 100
1878313.403249977 266 101
1879054.033902956 299 106
1879672.200970060 77 116
1881100.720016594 124 113
1882182.257464764 334 118
1882355.634875279 114 100
1883128.679787853 170 100
1884444.100957863 198 86
1884791.406287332 446 96
1885435.898051426 101 91
1885994.452868945 73 87
1886115.404689715 383 98
1888811.496380691 299 119
1888900.727157231 215 117
1889670.978727255 280 96
1891707.470143755 193 89
1892037.843536132 273 117
1892067.398244852 152 82
1895813.615049761 282 113
1896255.419738354 329 119
1897249.455789004 318 112
1897839.049594802 412 96
1900492.962640742 187 112
1900992.474614313 497 81
1901889.487584260 341 105
1902660.024343083 106 113
1904362.677124131 252 118
1905205.980891303 227 112
1907444.047055353 189 115
1908893.278600507 152 81
1909883.688027047 112 94
1910567.589517893 285 115
1912068.876602277 67 94
1912646.277787102 256 104
1914938.416777913 195 108
1918568.019109500 252 119
1919703.853711314 348 88
1920851.080830550 87 94
1921064.900357187 210 111
1921065.810779061 80 114
1922331.389866598 426 119
1923378.190613599 157 109
1924515.501810768 256 95
1926034.968232797 366 116
1926133.893239565 88 97
1928151.633746847 199 106
1928194.800899172 239 114
1931313.181853992 94 115
1932279.804806004 425 113
1935619.635522660 450 87
1936574.245962321 105 88
1936594.732161971 182 106
1936934.983173552 232 85
1941015.146789049 239 112
1941997.449580389 224 97
1942262.906282816 88 108
1944059.399033591 133 119
1944113.642911722 318 101
1945568.390383171 478 117
1948385.234843967 365 99
1948991.787038981 463 82
1949533.397401202 109 116
1949641.941306700 220 92
1949807.575100057 98 87
1950921.171611872 409 90
1952589.543144895 483 85
1953583.974688372 237 110
1955281.508858921 505 116
1960287.131713625 495 98
1960979.407464135 462 87
1961599.575009661 102 84
1961716.882233754 471 86
1963454.049997329 74 119
1967086.143683976 383 108
1969870.900964395 225 99
1970495.832718035 79 120
1971160.581943492 391 114
1973356.618286243 452 85
1975691.624906813 414 99
1977343.881355551 108 105
1977683.963847267 123 88
1979586.292203092 499 89
1982600.123684674 226 112
1983935.199702980 498 96
1984927.322183146 330 88
1985982.158395305 185 86
1986218.491532842 440 104
1987522.992152047 185 111
1988249.118859575 423 81
1990941.083621157 327 118
1991992.026297670 114 102
1993939.214230457 324 106
1996232.242320490 437 107
1997153.025938429 79 114
1997274.400361385 73 110
1997812.953031230 152 87
2000495.758888218 106 105
2001451.075699832 89 106
2004731.559247767 150 96
2004775.261406807 474 106
2006093.105937353 131 112
2007914.113118784 154 113
2008801.048589277 336 102
2010580.850099672 143 100
2010900.657409095 340 85
2011626.369004423 421 107
2012380.776873652 511 92
2013215.962731181 329 95
2013267.252741657 176 106
2014610.093143066 81 86
2015858.931086155 319 96
2016772.228866994 283 88
2019539.843757324 501 94
2020624.740628674 159 114
2022960.578975424 311 88
2023215.580391116 224 119
2023783.288085843 362 86
2026172.135258547 510 116
2027303.196491304 477 104
2027698.318421189 462 94
2027799.984371344 268 99
2031963.961439865 388 109
2033370.407450244 489 114
2035086.656624831 200 80
2035123.856297321 168 93
2035465.688830390 455 97
2038374.857051635 154 103
2040526.685646050 411 96
2048695.479101341 142 86
2050484.355994395 412 103
2051513.363459455 298 94
2051998.570458551 267 105
2052419.775975623 506 119
2052571.640206269 482 87
2054851.222329195 351 111
2054923.131652872 153 93
2057154.048325180 449 96
2058185.840654529 463 112
2058807.930059615 226 97
2059918.697999835 356 112
2064649.366187525 509 90
2066735.137538199 323 83
2068225.265082208 489 93
2068365.418438007 129 89
2070449.081392388 469 99
2070533.224918708 299 116
2070690.717608972 460 106
2070721.825075567 145 84
2071903.874751759 490 109
2073196.846631570 274 96
2073669.786047600 209 96
2075025.414663462 131 95
2075041.172400381 434 104
2076059.575401913 444 91
2077150.498335094 190 89
2079419.227315867 185 109
2085933.323722607 210 92
2086899.340329356 407 91
2089063.574298374 380 88
2089391.034255421 391 90
2093481.224381906 488 105
2095428.963180590 174 90
2095577.390360215 64 103
2098170.595486813 196 109
2098457.063233252 198 119
2098634.113326249 154 109
2098917.899269282 125 105
2099009.737638414 353 82
2100252.866609334 316 103
2100527.059118885 68 112
2100983.552514674 271 98
2101649.351599488 180 83
2102679.650626599 314 110
2102717.472650536 407 113
2104837.312618454 222 115
2105125.801644156 445 82
2109127.636948633 175 113
2109291.520705482 405 96
2113910.657156342 315 83
2116531.816829595 98 94
2117927.501102811 117 100
2119554.082845801 432 92
2119641.678415761 440 114
2121121.084919182 311 90
2122229.812225754 151 103
2122716.137142386 304 105
2124613.453601252 173 116
2128677.825986017 485 96
2129121.426907871 387 86
2129302.704716736 350 98
2129449.337098131 256 83
2129707.214311535 471 86
2130029.623670480 165 82
2133174.921705412 66 93
2134174.717834674 302 92
2137676.470504751 198 120
2138046.833017167 164 102
2138292.841875277 503 115
2138371.736023877 417 82
2142550.778909037 221 84
2145880.579059909 281 103
