2 7.227966000 0.162847606 19.176898396 972851 4
1301.123692742 92.773026379 0.079966652 0.029617279 2371.967759677 0.000000000 1.000000000
10
1 0.035427191 0.375714743 0.377529001 1.161317307 3.710686101 1.933711823
2 -1.000000000 0.751429485 0.680496373 1.550446112 4.954045552 2.581650993
4 0.115103285 1.502858970 1.226595342 2.069962388 6.614024108 3.446698608
8 0.207473777 3.005717941 2.210939239 2.763555764 8.830220564 4.601602356
32 0.674084290 12.022871764 7.183362780 4.925834185 15.739216441 8.202016580
128 2.190106321 -1.000000000 23.338814529 8.779935885 28.053991676 -1.000000000
256 3.947668670 -1.000000000 42.068234782 11.721875991 37.454192807 19.518119693
512 -1.000000000 192.365948218 75.828032116 15.649587712 50.004169640 26.058160517
2048 23.118900929 -1.000000000 246.366003189 27.894235081 89.128741832 46.446747901
4096 41.671840315 1538.927585747 444.074948692 37.240905716 118.993586362 62.009908297
1935
0.000000000 450 103
112.613947965 224 82
214.619560440 187 96
425.683191970 346 80
440.929587405 77 87
526.393436623 296 109
930.325867580 285 119
1118.642310394 420 86
1533.613173676 398 100
1703.127561737 146 85
1975.781564901 366 94
2027.357297659 456 95
2176.998626867 304 109
2412.025243168 343 82
2878.092468870 163 118
2944.801685112 497 85
3135.874067896 333 84
3209.985114193 383 113
3244.366823722 284 83
3281.833123768 205 103
3359.198934891 482 96
4079.684492709 188 109
4223.399718499 306 106
4278.650184350 276 83
4430.426162538 458 84
4685.493239315 302 111
4804.212719043 492 111
4821.279513180 428 120
4830.673657124 299 110
4892.185798681 474 95
4997.354862779 318 96
5260.832302554 423 82
5617.286965365 354 84
5765.251722136 288 118
6324.502563348 65 85
6341.841482933 442 109
6663.687950137 255 92
6734.946998160 320 89
7259.912915934 455 104
7326.952935315 491 83
7370.345305680 158 105
7422.975640592 297 116
7523.467940387 91 99
7775.463850831 474 80
8009.724399261 133 86
9260.114499950 140 101
9730.779411240 263 100
9859.812748267 403 88
10421.761419852 446 95
10835.687951252 225 106
10873.953941420 263 87
10928.779328610 466 92
11023.741185555 407 98
11265.625071074 100 102
11508.781066651 137 88
11652.676940578 490 111
11940.193497787 78 82
11998.094222964 438 90
12068.710921965 145 117
12100.883926573 270 83
12459.720265152 184 110
12784.669323375 171 111
12819.149411154 331 101
12965.431696133 287 119
13189.277704239 104 114
13319.159249799 381 115
13523.123031652 441 116
13670.121521331 91 83
13678.743957202 222 92
13929.819165907 387 88
14090.262120286 160 91
14130.321256537 339 118
14427.154651967 343 98
14694.533791833 415 104
14801.387312442 67 106
14803.422302506 80 87
14958.350640554 214 113
15142.269288347 196 105
15357.135397031 364 82
16352.610574393 118 117
16452.376130054 81 117
16796.503690981 396 100
16831.101760242 323 99
17358.553093918 375 108
17683.269101400 468 109
17691.415278734 255 118
17822.121520359 203 96
18042.246127801 437 96
18151.989612259 198 115
18164.125309376 183 107
18241.468224526 488 103
18265.820927754 197 102
18891.602926114 85 94
18932.661241980 301 110
19068.642812537 332 92
19222.330658466 203 82
19471.197448915 359 114
20459.502549294 108 118
20482.418366138 501 87
20688.868162803 181 99
20712.054023732 334 94
20891.733595436 128 85
21058.998221335 373 85
21148.328891836 166 115
21404.854514050 509 96
21794.919283054 438 106
21923.477530270 139 113
21996.930539926 241 86
22066.900106436 506 104
22586.547830851 303 82
22762.621099461 292 107
22923.255806384 437 88
22954.803296643 229 115
23249.831406359 317 116
23339.289039626 427 94
23485.623791258 390 116
23626.814463808 226 103
23684.584879415 279 95
23730.775377427 436 108
24088.779575523 293 85
24364.499198530 140 80
24619.003863707 487 83
24832.965881205 185 107
25019.830166622 157 92
25164.702410927 218 83
25188.423420035 142 88
25592.497057026 249 97
25633.844962730 278 91
25811.823459081 128 86
26082.504780173 317 102
26160.260872892 161 86
26237.494411449 340 101
26600.393964964 166 88
26603.777208327 90 104
26639.257247788 123 100
26688.362022754 273 111
26695.131999578 469 87
26956.687728579 269 117
26993.943358131 240 111
27157.895018350 368 99
27296.895856606 131 93
27488.598343767 262 96
27533.557639030 119 113
27613.617978959 89 109
27717.357248423 304 114
27765.910942988 339 85
27933.275038904 231 114
28046.817430761 417 87
28205.606033933 363 93
28442.290609735 71 109
28819.080768562 394 97
29299.650464847 312 116
29464.721021736 310 86
29887.741509004 311 103
30253.696042289 456 100
30309.411601439 267 91
30523.723868369 310 105
30769.307889963 263 105
31220.934884878 454 85
31356.122247529 427 115
31393.859798041 281 109
31581.611713683 197 116
31993.122370017 435 90
32212.768175910 122 94
32249.595235724 192 87
32303.342090401 134 93
32599.033187986 274 120
32630.379801336 209 117
32741.548691365 471 109
32787.013804798 446 82
32949.966060613 235 115
33485.503250282 366 111
33682.095033656 84 95
33777.476748180 370 87
34028.488682416 328 115
34037.880654396 298 82
34063.876681255 307 90
34152.816990802 275 86
34187.037848175 386 103
34244.403187611 212 87
34307.996602229 150 89
34546.904970921 292 103
34568.486615283 341 91
34600.058359121 230 99
34959.651694195 456 90
35054.534620738 471 94
35091.282269925 282 85
35552.164557789 411 98
35636.768029316 282 96
35994.343045548 247 97
36031.977781242 357 91
36143.227763019 84 94
36248.204904132 448 87
36304.706373313 296 97
36734.900943218 215 112
36766.284223400 262 117
36867.429369562 115 116
36909.139572767 266 95
37012.103150621 368 98
37103.321244458 295 104
37205.460161178 151 119
37309.594201190 293 96
37796.640709447 161 109
37893.410348221 494 115
37927.929283743 92 94
38100.786295170 132 113
38218.156101107 280 98
38274.475832837 259 80
38307.193597993 261 100
38511.463213844 157 108
38690.355257829 90 82
38763.375322844 346 116
39027.418069165 170 93
39526.384624774 448 84
39701.123298196 181 93
39721.094314738 187 110
39812.322242783 130 112
40126.197639516 327 115
40817.549654675 493 97
40928.775180642 238 117
41078.773722252 295 92
41157.755503115 151 99
41237.851207175 462 118
41388.186001330 275 113
41699.767501909 506 117
41753.276704814 334 111
41924.138594981 249 90
42172.453929617 247 83
42468.341630309 182 103
42621.786641440 304 100
42653.209493121 235 114
42717.691101112 299 91
42745.661199585 204 112
42786.640694139 404 98
42851.751304633 75 116
43057.466143920 137 97
43168.923930825 94 110
43271.154635665 225 105
43632.612366423 72 119
43721.466798018 442 116
44200.825113763 211 103
44324.929534036 108 108
44388.434278297 453 113
44531.753974567 182 91
44666.690002974 453 118
44737.052885377 484 103
44967.784288376 435 93
45224.015407140 394 97
45297.017268016 101 110
45400.871861827 333 81
45604.957340399 333 109
45718.471128261 158 100
45952.560546268 220 85
45979.457504138 468 103
46050.504792720 65 80
46055.073225204 127 110
46619.390235039 398 98
46711.423572431 413 104
46801.689556392 204 98
46937.627765069 153 112
46947.236825667 321 118
47000.067194870 304 106
47069.330762219 188 92
47322.153608381 130 86
47331.719548217 156 81
47415.006947377 141 87
47626.095516301 324 106
47721.518873794 322 94
47811.946566885 212 85
48006.361282730 312 85
48065.510158018 382 113
48277.376136877 151 99
48406.482726648 419 107
48676.847247116 80 102
49092.232021598 240 105
49781.617150641 114 106
49818.187565040 444 89
49918.960042659 409 106
50077.329191592 345 102
50416.003820204 119 88
50649.026344789 226 101
50863.289791399 412 83
50939.329284975 117 93
50968.905893436 449 93
50976.891076021 388 98
51187.064184195 217 116
51198.514042381 266 107
51329.960103275 470 108
51341.924556868 327 85
51484.062786752 304 103
51553.728732893 356 92
51633.580138461 369 98
51770.217679525 65 89
51837.139491631 507 84
51864.808014177 270 107
52067.339451037 492 119
52755.852386726 212 88
52962.365745744 458 114
53325.350924763 197 87
53516.990939958 328 90
53587.707982236 470 103
53593.736878887 333 120
53760.752747219 235 84
53913.751835305 67 102
54059.085372573 267 113
54111.763845706 183 103
54158.700534681 274 96
54874.402251413 366 84
55038.795133304 292 85
55102.196426408 73 86
55265.529518445 241 80
55291.291927611 342 110
55383.414084797 418 114
55399.484747837 248 110
55784.742139108 299 86
55800.722133983 467 107
56008.067411837 179 81
56034.425378321 484 115
56472.830821915 476 99
56572.675029534 345 112
56621.145503557 302 110
56721.098748777 252 90
56730.344876465 199 100
57110.246790884 334 101
57222.908891834 236 114
57252.454085335 327 92
57573.657416186 429 107
57586.886465359 125 94
57707.249626135 503 94
57716.894704711 128 99
58002.168822809 153 115
58087.329633450 464 96
58090.334271721 148 91
58221.772038563 374 103
58316.667639282 450 82
58391.331953994 327 97
58404.637413701 300 86
58618.966462612 86 103
58739.492124830 464 96
59025.475170263 98 111
59089.751636698 134 113
59224.419964297 242 100
59581.020132224 136 100
59588.159179896 351 96
59642.672868069 487 114
59680.012589653 128 113
59777.371524633 103 118
59802.005473451 449 118
60131.564535959 126 95
60286.368674606 362 99
60420.060038719 469 91
60486.323860110 336 117
60778.116462978 253 96
60784.854703397 483 114
60826.170407751 285 89
60860.333275478 195 105
60861.548779300 422 116
60980.784749464 165 116
60998.130802925 245 80
61302.981005193 91 85
61381.925915578 393 93
61520.343229818 477 102
61697.247289812 110 86
62101.331500267 430 94
62354.215846834 323 83
62376.605509141 374 112
62723.396725243 458 93
62910.130361034 290 113
62984.003671881 483 116
63024.472015583 270 111
63031.939523857 355 100
63145.989801897 157 106
63250.852989722 176 112
63272.907625827 352 96
63496.713623653 247 88
63645.508994767 189 103
63704.013858129 193 100
63780.827624352 233 114
63814.798202176 319 113
63934.362290187 81 111
64156.053664937 104 85
64288.295305409 206 97
64443.656443003 266 83
64511.508358254 111 110
64527.334526358 428 90
64546.487176436 185 112
64648.679440658 324 110
64937.392811351 363 103
64990.987399239 121 91
65304.745078329 122 91
65850.327966218 375 83
65881.139388703 403 117
66583.968060766 326 100
66929.620494822 367 119
67003.223091996 304 89
67362.979938727 207 90
67515.037832223 292 80
67808.112360378 428 82
67995.272886224 262 112
68095.623024032 358 112
68245.917015128 356 94
68311.460598739 160 111
68607.089997848 80 114
68939.342711603 476 86
68997.723764357 318 115
69234.331749825 435 92
69275.607947837 137 91
69444.404798883 226 81
69713.303782856 495 119
69767.726467655 420 103
69915.472007509 244 89
70272.902674709 414 84
70412.473524250 283 88
70441.047165436 417 83
71154.004067481 488 83
71586.474135118 450 93
71598.110847925 154 115
71609.158809067 181 94
71710.655530972 372 108
71919.190003545 364 90
72125.560877554 348 90
72319.194593369 240 114
72990.570618476 287 104
73127.717674448 162 93
73195.185260225 331 91
73227.019528890 233 98
73388.421103039 327 110
73420.993448328 96 83
73731.949060068 301 117
73738.058012574 356 85
75481.473216606 215 85
75659.023598530 121 93
75879.455379246 358 107
75934.746781816 83 86
75946.205694999 162 83
76148.705519397 344 104
76240.902049909 437 99
76330.828369661 334 97
76379.376287043 419 103
76426.363037105 323 84
76472.452582305 376 120
76759.506779107 167 86
76897.922120418 416 81
76903.397183117 87 87
76905.493210651 290 115
77057.392217535 269 112
77151.865366348 449 80
77393.458785322 508 107
78055.951783261 488 109
78112.155077575 173 82
78370.286581803 177 81
78391.525121657 352 112
78433.392786519 112 94
78449.073864927 489 93
78794.561792847 162 115
78997.118910334 88 114
79606.293470551 136 119
79895.569574921 370 90
80393.391163794 230 80
80506.388201927 215 95
80548.302336151 275 83
80754.262263112 371 90
80973.270683565 404 115
81014.290405319 128 88
81395.014784313 160 91
81484.795820660 184 113
81613.995480398 456 84
81631.419190666 124 86
81964.385890809 132 113
82083.684316625 195 104
82120.029123805 296 116
82229.726832855 219 81
82348.829731799 441 92
82509.428538875 240 81
82600.282114586 110 113
82793.883113803 142 106
82949.294211618 296 116
83473.724065166 217 97
84059.702876120 164 92
84438.620643298 296 96
84465.166849328 489 108
84705.777333359 509 84
85125.352150848 147 93
85210.051330503 139 112
85522.370425750 133 95
85594.104559552 413 106
85671.187635691 511 99
85887.496030784 380 83
85987.513853262 102 112
85992.925707536 433 110
86008.420353636 319 98
86151.097571170 375 104
86258.837766338 108 87
86527.750096775 421 82
86583.381314062 115 106
86714.250332620 366 84
87266.652407904 399 110
87343.408110823 400 108
87413.139368234 489 120
87434.157471732 469 102
87451.898489781 254 100
87465.174706964 451 101
87542.334041458 102 91
87775.991337175 466 110
87989.848579521 253 112
88040.142561736 186 116
88071.457452881 309 116
88112.398071267 99 102
88284.315382541 233 118
88435.927910696 482 105
88692.084657349 197 94
88897.349477564 374 108
89285.490449939 214 93
89459.503265703 103 109
89578.883633402 388 99
89704.771630739 176 115
89860.628702869 154 85
90153.200053807 120 104
90503.905381084 504 89
90519.509317786 98 106
90559.795190722 449 112
90603.110283471 297 88
90841.248078774 265 93
91169.959360282 310 104
91308.985497185 209 110
91421.879780118 330 92
91604.557756183 258 81
91810.982212839 163 118
91911.876274574 506 100
91946.318680241 243 104
91977.611782048 385 85
92027.913845067 502 99
92455.011817706 468 120
92739.274908736 182 112
92742.441205030 151 109
92742.445701264 387 102
92832.126229484 360 98
92864.448029294 503 95
92950.895530598 381 111
93014.727448389 312 94
93124.557445096 469 96
93193.705625432 171 81
93293.880893995 281 110
93407.165398452 447 84
93460.134110370 201 94
93484.768166346 233 90
93532.996475330 472 107
93673.005063815 241 100
94294.749108873 153 85
94605.530364562 120 118
94975.701177368 384 107
94988.380048638 281 90
95581.520020637 155 105
95742.217654706 186 94
95794.334389946 473 84
95805.782495920 366 118
96069.986499132 300 116
96247.336835408 111 101
96264.742321812 416 116
96494.046811241 277 82
96728.034937448 115 100
96776.758354913 165 118
96867.110838318 77 106
97370.928505304 209 110
97448.794318758 399 114
97749.298578494 189 90
97875.261271772 223 108
97882.166780117 245 83
97937.131203881 406 107
98177.134351495 397 115
98187.940235470 257 112
99511.889934105 97 90
100063.192990917 444 112
100261.363459360 247 84
100748.233113051 337 91
100885.834652905 203 95
101354.959166379 477 104
101761.435430666 385 117
101764.229720806 483 93
102111.847370114 188 80
102464.906936497 349 107
102718.351954227 495 102
102771.163753902 415 116
102845.172299555 365 106
102974.437460435 74 81
102981.185738203 478 102
103044.283020744 337 82
103135.745422145 427 100
103255.964682431 246 118
103836.532269820 376 99
103951.369326377 254 100
104043.356947542 249 83
104752.752118244 110 112
104969.551594539 121 104
104985.963456536 233 110
105048.355928495 190 117
105230.293795732 90 119
105276.636951194 333 106
105442.322713115 181 93
105525.239894921 178 108
105585.152388984 326 107
105620.071994217 476 105
105744.065938778 366 113
105809.654282920 188 84
105880.829761670 105 105
106367.864717635 226 120
107395.913772692 506 93
107495.444284402 196 94
107587.706074569 187 81
108180.383283605 384 112
108185.276432005 345 120
108284.925235983 181 86
108307.728436319 424 117
108414.862592752 326 91
108461.886667273 86 88
108513.436087034 224 97
108797.702936709 254 93
109131.672877980 159 97
110431.628147272 482 91
110594.298144380 94 88
110893.956932571 288 83
110938.871949153 198 92
111157.128022714 478 82
111224.252286936 448 118
111289.715671591 343 111
111403.694194159 472 87
111424.737642183 102 96
111457.919885215 162 118
111478.706718877 442 118
111504.878665334 278 86
111596.608605685 170 119
111904.491100872 337 110
111988.206252718 148 92
111991.269769404 412 88
112003.453566086 220 118
112099.461530342 192 86
112169.285916414 260 81
112286.149438724 181 86
112310.698502619 291 112
112424.692159890 89 93
112457.695007792 135 86
112542.963265246 232 83
112674.685672747 65 87
112843.483040649 362 91
112930.074559502 331 120
112963.341492522 405 89
113005.871959453 499 112
113199.996491866 260 109
113232.620059315 125 98
113374.336552460 291 92
113430.363072272 142 83
113465.519777997 193 93
113584.066763677 452 101
113896.338867559 115 90
114014.541098020 392 103
114067.715892931 441 104
114091.881087064 297 84
114117.466228086 139 82
114183.208923154 463 113
114300.937887497 103 107
114436.597587761 318 107
114585.396146794 377 84
115090.084141492 150 97
115255.779539023 273 103
115303.123362268 485 109
115425.860878521 327 83
115451.825444695 210 96
115664.927181199 307 81
115705.271084952 492 92
116268.154573621 216 105
116420.790764575 239 94
116657.887106198 382 86
116832.098271205 502 86
117012.691718963 232 85
117021.586883789 465 117
117227.741438998 143 120
117379.576242133 221 116
117397.094706877 399 105
117435.053095092 201 86
117580.662257447 64 84
117584.214507277 510 112
117664.777356482 104 110
118272.192450522 497 94
118407.340461814 140 92
118508.509234419 352 94
118532.927244761 108 82
119451.812559293 378 106
120193.614529197 348 87
120243.964592532 87 87
120317.855434159 436 89
120432.526948097 506 99
120889.976098077 459 99
121058.376176236 321 104
121477.876033317 439 99
121631.975413909 245 103
121901.270672529 385 110
122066.835492779 86 106
122067.139216709 447 116
122158.040120066 311 86
123016.559491766 93 117
123344.358777585 242 89
123505.250313596 335 118
123653.951300161 319 119
123658.854166654 366 95
123678.846161750 157 99
123757.573189126 157 82
123874.007342648 269 93
123921.881848176 138 89
124415.355168536 64 108
124499.538259744 368 99
124561.031427591 246 98
124749.508418910 106 87
124825.044280093 81 112
125180.935336553 405 117
125202.910466574 399 118
125370.552060747 475 80
125971.359995883 387 112
126039.426812533 157 104
126322.217999300 89 106
126715.229254465 223 84
126852.283771830 210 81
126965.011597629 426 96
126992.143369237 68 111
127097.803009873 424 87
127191.344943387 422 92
127260.008596380 505 97
127271.162228948 512 80
127369.165491387 340 111
127580.616446869 301 81
127652.961514256 456 98
127708.330983611 347 115
127732.529969900 207 93
128249.476017354 301 98
128292.360504125 389 95
128390.782771854 301 119
128463.282813980 366 103
128472.505821357 205 98
128762.374498281 236 96
128785.466979900 114 93
129206.639024690 463 105
129335.200946167 314 91
129634.227947323 157 94
129700.036334723 92 117
130033.239273927 126 112
130165.712003679 183 118
130654.738804409 99 102
130732.957841530 418 95
130800.153202787 385 92
131170.376788242 230 108
131196.853330769 293 80
131244.716912798 238 116
131283.339049271 113 82
131500.670392643 436 107
131513.020481779 485 94
131689.323413987 456 114
131958.499578572 120 108
132246.822907420 374 116
132328.411705435 334 84
132435.651552538 160 89
132697.469496934 312 105
132719.324526376 369 87
133012.396097672 86 112
133509.809522045 343 111
134448.946140773 188 85
134449.145150804 289 80
134476.701118487 371 87
134613.928769638 337 99
134821.427341761 190 93
134860.600933612 335 91
134900.947954008 354 120
134991.398438092 286 86
135029.851452681 146 103
135068.150350112 215 119
135260.683134483 86 98
135392.351016696 75 108
135563.112619485 221 105
135683.668190623 242 86
135720.268267286 111 114
136070.553156541 397 83
136240.122152246 428 111
136279.096829829 216 94
136394.567959268 87 95
136472.485384432 97 91
136761.324232174 362 114
136771.215719433 299 120
136775.453722607 240 80
136927.426059801 439 112
137038.186066568 403 96
137156.402896767 371 81
137175.792283383 489 98
137358.868443885 127 96
137569.706430295 487 84
137702.289079536 146 86
137766.929675106 276 85
137772.531015487 334 111
137866.486886745 392 120
137874.288633519 252 80
137932.788867410 423 99
137967.481684459 367 88
138062.168580512 401 84
138453.459296810 136 107
138498.662216631 365 119
138508.646196304 278 88
138743.393596889 265 109
139139.220791795 301 108
139439.899459075 141 112
139515.980015179 242 111
139976.766854821 120 94
140154.431481061 287 91
140221.965701650 219 105
140261.430316262 335 105
140513.828143337 436 106
140575.572965106 305 84
140611.331191154 220 91
140755.856050219 64 102
141025.642475779 393 106
141128.137939392 190 99
141132.439667632 430 108
141209.929173173 376 99
141227.462240642 335 107
141262.125620605 79 93
141650.046431607 157 111
141824.268821657 458 103
142392.258087379 73 105
142442.126329119 177 81
142587.478730681 77 86
142589.407157069 337 90
142599.826464929 137 104
142625.023732262 421 93
142757.453812378 358 91
142778.181176235 470 88
142807.708461543 407 101
142862.896031165 465 93
142882.220466878 499 90
142986.885209793 437 117
143083.371822681 76 117
143098.469122546 452 105
143356.718293348 478 105
143592.577368765 354 88
143707.042364330 206 109
143765.222973155 142 91
143808.257975480 132 95
144217.221122346 347 91
144471.638586120 452 80
144478.243540379 220 96
144651.021780026 496 81
144669.544200637 444 85
144880.183136603 209 82
144967.724539059 266 86
145246.905118460 228 97
145552.971866300 71 83
145903.827318338 329 99
146541.232177751 308 101
146633.131664458 90 81
146915.951976071 385 85
146990.497500554 422 118
147034.254919048 469 117
147341.377568687 109 106
147392.212619326 145 100
147457.944467265 152 94
147531.001441043 104 82
147688.492820518 119 116
147705.422304192 369 113
147802.312856129 468 81
148011.959411943 420 86
148211.741415117 273 88
148324.421239531 227 96
148520.929322580 424 96
148526.673609474 91 87
148606.248467877 294 80
149404.257396035 158 103
149627.494434397 72 104
149800.765647891 249 119
149842.856231082 487 115
149849.328662668 71 118
150051.459245800 474 87
150259.555288947 458 94
150277.585827992 491 89
150348.000795985 389 95
150454.059944592 237 109
150504.008156047 243 100
150715.574040359 266 106
150940.007421977 297 106
151038.646613039 428 80
151041.519572767 241 101
151111.108997184 456 108
151343.329767256 241 98
151600.806560258 185 86
151614.085887035 360 105
151627.961744313 145 84
151669.916140296 391 81
151696.268740458 369 115
151744.957171271 406 101
152055.815626883 72 111
152294.694388951 162 104
152388.000244668 324 80
152450.446171542 238 83
152655.373642959 359 114
152749.575172978 376 113
152819.308641063 238 115
152838.145575612 236 113
152948.208363611 80 118
152990.291815969 288 91
153545.195458086 150 109
154094.341867413 122 103
154271.739128771 268 89
154352.730754803 116 117
154594.887609629 112 100
154782.754447479 162 102
154783.766954630 219 89
154812.931133420 431 106
154871.739890696 164 90
154993.804124472 427 88
155015.916753180 199 93
155028.489045972 451 107
155635.098812828 453 99
155758.387601808 228 98
155808.641580541 77 120
156041.766267251 202 114
156044.563412612 105 114
156351.986210856 421 112
156526.068608005 499 91
156584.194992070 228 93
156657.818715774 398 90
156906.287395734 373 111
156957.796935704 225 98
156989.033778977 310 99
157330.416937855 121 102
157555.560789197 188 106
157659.427682421 110 82
158319.143344208 366 120
158446.470585658 306 112
158972.970528044 448 90
159087.080254777 342 108
159302.113838958 391 100
159602.127485800 387 85
159878.998055434 453 86
160320.059849218 386 101
160348.042882155 194 90
160494.642350904 409 118
160504.685517881 351 86
160509.857080496 137 111
160947.039212693 225 82
161043.532004053 315 98
161073.190282375 96 114
161594.054139776 321 99
161639.654825292 165 90
162078.129339142 173 92
162190.152153012 264 85
162352.185035531 156 109
162374.340006072 130 89
162600.404019108 375 84
162801.972527298 474 118
162970.959160772 202 105
163300.130215621 310 97
163368.437887986 303 93
163391.765508966 144 104
163415.851338475 377 115
163509.661946412 415 81
163619.002962147 328 83
163632.972032688 148 89
163635.318913287 140 110
163868.403050116 491 103
164343.606638750 277 105
164457.649516472 382 102
164476.622129013 386 94
164517.006565162 327 83
164655.466341498 207 104
164758.244771383 275 98
164788.365065693 332 106
164857.952513624 308 91
165227.526830178 274 99
165521.906047401 244 87
165529.603451075 265 85
165671.454373648 262 116
165672.451656152 440 112
166032.282135395 457 99
166121.484615297 505 114
166307.085212719 482 80
166438.778669273 464 103
166747.415601853 509 92
166815.278885459 238 93
166833.687748897 169 81
166882.550674322 66 117
166904.757299315 497 116
167077.101814331 243 118
167257.647412497 83 110
167314.225198775 396 112
167369.388946549 371 113
167563.351118947 469 84
167760.870853383 192 81
167783.450542374 394 108
168034.188941790 223 112
168354.501014495 373 110
168355.019074079 367 100
168389.885471994 155 96
168450.954607979 204 111
168689.106867446 314 114
168755.101829327 254 115
169215.752753074 415 115
169315.783766548 506 101
169385.795877897 348 92
169428.566607238 339 88
169851.020406040 364 102
169890.555251394 145 117
170048.698047189 79 118
170069.495416122 274 116
170246.153991043 79 87
170787.808548186 243 120
170904.829235878 469 94
170936.008930620 360 89
171103.064771556 169 99
171141.196226244 385 87
171253.890132963 427 108
171359.689561450 100 90
171453.911385691 423 117
171592.121010848 400 110
171956.799664904 71 103
172056.698711146 314 83
172070.674859056 492 92
172309.353883520 286 118
172671.679699346 489 105
172781.356417729 339 90
172844.165835357 418 106
172895.890264648 490 102
173088.182981797 224 92
173298.524109556 184 86
173332.850428419 319 84
173461.963680761 488 81
173525.993761970 279 92
173704.499306873 322 91
173861.242897904 294 85
173888.240359083 409 109
173912.119241615 175 80
173919.249947535 124 118
174004.017978594 339 106
174049.626017997 253 105
174178.291713025 393 111
174808.637163860 96 89
174852.362645415 443 114
174938.578217150 196 87
174981.948743860 456 87
175222.104900123 220 94
175301.268853901 382 84
175537.732057598 218 97
175568.307330477 193 101
175667.602893327 316 111
175798.706967934 215 106
175853.205133585 425 99
176158.849518218 488 97
176208.515979294 235 83
176211.170517182 176 88
176327.387344630 202 114
176613.931523226 389 88
176812.298936498 98 103
176883.877559599 470 81
176962.576034969 301 101
177019.903634468 342 91
177230.460587584 162 97
177396.193455660 222 119
177971.259492612 249 94
178071.456714330 379 101
178133.339688971 107 108
178344.434187724 376 110
178521.502773269 124 95
178523.988146421 176 93
178630.763734974 201 117
178664.976862912 505 109
179048.143265091 186 80
179140.053822027 179 94
179433.192245474 445 80
179484.778336252 166 81
179489.808739077 98 113
179545.678578839 201 117
179835.982577387 70 110
180187.469349454 396 100
180219.437958369 327 88
180234.231270958 443 94
180246.550626006 217 97
180300.936822346 358 87
180546.130869210 96 108
180661.173364323 474 112
180707.622331301 384 112
180860.292295129 324 91
180906.454605822 324 94
180989.830969453 458 108
181092.509137826 124 93
181378.807626276 461 88
181380.810944616 219 114
182144.378705445 341 95
182165.564065217 426 92
182210.376971718 306 85
182515.044537309 279 89
182716.109015375 473 83
183161.563920954 259 101
183179.163545084 266 91
183252.156340395 402 100
183650.662344803 116 92
183742.180858579 171 113
183747.823151588 253 93
183884.918032162 137 108
183892.440340007 497 113
184095.270075489 471 83
184385.108285485 207 118
184523.320006440 159 106
184654.302294689 362 105
184953.609316457 310 112
185186.492427623 102 109
185295.121561444 326 80
185440.960039482 464 118
185599.224957364 383 95
185849.592457504 399 90
185950.962981103 405 90
185988.993634915 231 94
186010.473285246 113 93
186357.649781312 274 95
186536.398390787 211 82
186589.022205581 415 117
186642.200131738 247 106
186664.899423877 105 108
187599.409335104 124 101
188126.547375431 109 89
188488.805177245 462 108
188806.430125952 367 107
189041.572833208 397 116
189073.618514713 131 114
189211.575303526 87 87
189453.508407740 380 97
189525.418976141 310 86
189923.915318128 300 111
189940.407702704 212 113
190056.938784831 322 88
190306.715325307 243 104
190763.354103858 341 117
190791.632301813 396 93
190949.861401645 235 94
191324.221874223 367 88
191551.673197273 161 84
191937.422869489 233 85
192077.900970398 432 92
192312.323365853 458 100
192387.828624845 77 113
192538.721841599 81 86
192819.421059169 128 103
193972.546601055 302 105
194010.626102564 389 95
194023.183422381 479 101
194026.976421817 200 94
194041.987593698 481 85
194139.299847705 438 83
194169.296275548 219 109
194297.876183524 350 115
194317.542424232 286 120
194347.324724237 184 80
194373.484089788 320 91
194662.596697299 110 83
195018.400018120 184 97
195095.406935635 443 102
195337.931741060 110 90
195605.665224509 492 102
196167.361071981 207 103
196415.917330262 150 99
196570.468216422 499 112
196795.176487177 489 108
196803.773876791 320 112
196903.820563129 439 112
197092.522993528 411 95
197141.553263783 326 112
197275.122726144 279 84
197311.052139617 428 85
197377.799247966 83 94
197514.242876187 256 97
197768.085662603 185 100
198090.767536813 502 93
198144.070518542 184 108
198311.433418162 259 86
198666.099241909 262 98
198697.029707791 84 82
198837.880299342 205 89
199008.852501595 154 88
199294.893107096 70 87
199316.897881965 496 86
199474.126220176 247 117
199489.363198793 462 93
199529.361119712 252 116
200017.781794245 495 97
200192.022484395 308 94
200339.135172585 394 107
200425.879194444 356 99
200442.602917832 99 95
200644.459457947 84 80
200667.225946321 473 90
200923.346677129 511 95
201020.534008192 319 106
201133.880987947 280 88
201496.705199989 344 111
201514.332661006 118 86
201630.237944606 276 104
201834.507035198 478 100
201994.713552113 419 97
202094.860357546 197 117
202110.290318415 234 91
202433.272040953 300 114
203228.513537248 213 111
203272.086165070 69 100
203289.398137556 64 104
203553.813462253 126 98
203796.693445143 493 115
203988.581384236 355 93
204439.699532896 329 94
204548.658822091 256 92
205142.241431485 449 104
205601.737589897 135 89
205762.118734104 359 91
205862.167705300 141 106
206038.495136727 301 92
206164.893605888 391 104
206389.649375345 494 95
206686.070255559 241 105
206825.689908507 177 101
207025.983891917 348 110
207116.044459688 292 111
207211.549910191 78 85
207271.337480147 417 89
207332.009977963 330 113
207350.108717647 497 96
207474.602921261 324 104
207490.884838145 191 85
207617.412072552 134 91
207739.609149728 185 96
207783.526214234 414 86
207907.983198424 129 104
208249.621741376 197 102
208450.342459340 244 114
208489.286168910 427 103
208533.205746486 346 115
208670.273288649 332 118
208673.410706262 131 98
208867.631565161 395 105
209019.647861124 128 98
209259.772199368 335 82
209309.409604374 440 86
209609.288624321 460 98
209617.433418162 492 86
209733.994446646 346 85
209927.864581559 208 91
210206.493200536 212 83
210250.694263273 279 96
210454.284335691 484 87
210803.840874364 198 120
210935.091558944 277 105
211051.571779102 257 104
211274.348067200 260 118
211728.117236423 508 81
211762.995761221 508 105
211988.717915347 336 115
212004.305407352 444 85
212071.299732428 393 120
212226.099391703 436 104
212380.617131740 321 90
212458.144634355 485 96
212468.644397280 339 119
212476.578802861 449 90
212694.480378388 153 92
212733.230300317 411 111
213052.255553293 338 115
213069.642523282 140 104
213119.754620496 169 100
213480.759152801 88 95
213491.818184402 374 108
213564.327769763 186 97
213656.271752383 420 96
214193.874417443 316 100
214239.969914340 331 113
214383.755242885 336 93
214443.917729431 405 111
214467.868412351 408 107
214673.518369306 288 119
214905.929376610 329 118
215046.933324742 178 120
215182.548649903 205 103
215431.637230380 126 113
215436.169166526 141 81
215542.302672128 97 90
215549.272859606 111 120
216225.255497739 73 117
216559.063314559 473 110
216566.460973069 182 86
216669.659165137 463 107
216719.526223635 75 86
216741.880867667 118 89
217259.540598563 211 102
217540.853679077 328 111
217563.875510704 92 101
217745.287585697 507 105
217778.967666201 330 106
217792.576242667 227 91
217974.372059704 294 108
218106.598037162 357 106
218141.580980895 296 116
218151.626279660 185 88
218306.739531058 84 98
218730.979462355 502 112
218923.957148399 364 118
219117.762436353 230 80
219202.979366727 489 107
219325.248053668 177 81
219351.774819632 206 107
219417.927944848 454 89
219427.233222516 310 92
219461.342789925 281 86
219506.313052406 393 113
219594.428319348 332 118
219864.401206360 66 90
219937.764307352 223 119
220456.566338448 184 98
220494.297468447 151 95
220570.659789192 273 91
220693.107061405 161 105
220771.964791495 386 99
220868.698686019 100 94
221290.533928815 258 108
221391.742818311 218 110
221452.997996866 300 112
222126.854735590 226 115
222232.930783486 493 116
222267.208585648 145 90
222341.326506704 307 113
222390.539648934 427 99
222819.969338270 90 96
222856.889030411 78 120
223109.741383479 265 119
223168.133620736 393 107
223333.597096915 271 104
223806.188856036 400 106
223972.812779051 150 85
224049.031424027 248 93
224230.826863016 506 115
224247.931046712 329 97
224277.420990165 274 95
224455.169736748 313 104
224580.634006419 450 88
224584.629760337 269 96
224818.696928955 284 89
224841.030903519 83 117
224948.198043862 425 91
225569.414697114 284 117
225765.820046680 393 89
226100.816385288 181 120
226158.874103542 90 102
226345.201026492 332 113
226411.822180497 417 117
226768.294099556 284 119
226890.229600125 284 103
226977.640538137 464 86
227264.524919731 249 115
227292.006986880 436 111
227469.001662778 292 105
227470.727255683 216 105
227528.822470511 487 109
227561.961722377 263 108
227722.250321695 463 91
227738.682499378 185 110
227801.110834227 274 84
227933.024795848 467 88
228326.745573063 391 113
228578.946322889 229 89
228651.168546753 388 87
229003.361148693 453 113
229136.841298328 394 93
229294.235795773 185 80
229672.462277507 307 100
229815.401257905 247 111
229908.061820446 485 114
230128.935353704 482 100
230181.945556376 452 99
230336.310283905 225 117
230448.821785537 152 89
230531.619746919 377 120
230580.851015551 148 92
230592.770798524 281 92
230714.640730303 163 116
231137.215464509 352 104
231448.608498050 178 87
231625.904777471 158 113
231659.006059164 506 92
232177.267502354 263 110
232301.324047935 208 107
232425.301378654 341 105
232639.958755127 473 83
232779.994509884 245 101
233478.327110952 155 85
234045.333487453 162 115
234191.192085328 356 85
234212.422631998 68 101
234350.055868209 506 96
234874.288626082 318 99
234882.560756348 148 96
235060.389787193 321 99
235076.164768016 109 93
235212.038861401 429 90
235289.730761822 476 110
235589.305448900 211 86
236478.585404186 329 86
236554.662979111 311 114
236679.058859727 476 115
236812.721464184 71 107
236986.225504224 246 86
236993.790742381 427 120
237038.001983473 336 83
237225.982026258 379 118
237709.640387226 463 90
237840.570198126 220 116
237886.419417079 452 92
237896.914893439 129 93
238249.297455862 321 117
238797.952520499 316 87
239445.161583474 261 119
239646.090242193 207 117
239672.498651514 168 91
239791.223551865 417 96
239793.402581435 496 84
240139.729776940 130 92
240186.310652602 192 111
240363.462281920 84 113
240412.710907369 78 97
240503.918833280 160 115
240591.670049766 357 115
240614.314220972 130 116
240800.580982209 239 94
240901.654503128 359 119
240982.065013750 78 89
241372.515266684 109 103
241433.222623416 431 107
241533.280708449 460 92
241680.491794576 232 84
241694.511423966 300 98
241887.771867190 71 105
242027.779791631 180 110
242038.036775696 162 103
242573.067432551 136 107
242650.040421709 175 86
242720.484342284 501 115
242757.783397631 227 117
242868.022621955 86 88
243019.112722512 247 82
243588.335661535 381 84
243591.861601955 181 106
243837.940199678 328 89
243844.974047940 209 97
243938.628048295 197 84
243941.240478604 495 85
244105.459262289 342 97
244133.667188125 250 81
244206.904490954 468 83
244442.836415883 96 94
244449.003061337 188 82
244582.655604967 464 99
244609.984509535 485 105
244639.476941910 285 102
245228.415010203 446 105
245396.526021460 334 120
245992.013390327 313 103
246082.708782266 157 103
246832.988088761 277 98
247297.603454002 464 97
247414.356055005 294 82
247666.652721709 116 106
248127.378405904 216 81
248257.508837703 200 87
248714.728439486 130 100
248725.718946982 423 94
249198.913369487 102 105
249259.313472096 125 119
249382.499130802 277 89
249491.174831429 400 116
249678.994425269 271 112
249765.616825041 428 101
249766.886811820 162 113
249795.225846512 353 92
249854.765480381 236 102
250105.022968854 290 81
250109.200056105 412 98
250428.045842046 323 86
250848.732681872 476 83
250944.106569723 119 87
250949.881928660 111 96
251054.412054954 260 102
251425.084157104 323 84
251491.403994569 184 95
251533.378442582 93 87
251704.892974321 180 107
251840.526268005 268 80
251887.541818173 234 90
251909.610125615 151 105
252060.214294069 148 120
252152.355301725 507 88
252160.260178058 290 94
252231.206013115 307 108
252409.818414850 72 80
252461.704575364 272 112
252498.552568591 100 95
252592.206175303 349 108
252811.894671859 374 84
252878.950179420 234 82
252917.481318691 427 106
253030.795377227 415 92
253045.233137079 259 117
253359.504843689 90 107
253535.041315379 392 115
253669.990935716 82 117
253816.440158562 132 98
254051.747642701 119 92
254247.844690810 112 108
254273.949299780 380 97
254456.061047608 107 90
254496.158289909 305 119
254680.277816594 185 115
254762.665270921 346 87
254930.577779962 352 108
255519.017152122 290 83
255574.778547654 272 112
255640.106583088 457 102
255774.993008919 380 119
256078.067448684 498 108
256234.613559003 314 82
256792.816823962 143 108
256817.774806261 79 88
256826.099458521 210 93
256997.573582436 218 110
257066.031481985 502 112
257226.653633704 222 115
257289.164015892 155 96
257322.475963523 165 81
257533.231310528 494 109
257894.230219081 139 114
258068.597812122 414 115
258176.926965947 320 80
258258.338500167 289 114
258260.264502652 240 107
258267.744825251 296 91
258344.253285519 261 112
258532.179448179 177 91
258535.913376699 477 120
258561.841307932 357 120
258578.987736529 486 112
258630.533192834 212 119
258810.158139739 70 84
258918.541272055 255 112
259296.827947437 491 111
259350.874367137 169 118
259523.790754269 431 94
259566.127414702 326 80
259765.313210062 457 117
259863.661362655 310 85
259896.037994954 201 96
260111.017793585 375 80
260156.127550797 500 109
260212.800951208 259 99
260284.040438764 261 97
260302.706851815 351 119
260333.057993495 462 92
260456.890305317 134 111
260852.338810985 66 111
261024.011145517 410 95
261141.914271270 211 93
261147.338833530 416 106
261269.726187675 145 101
261398.599220045 126 91
261472.241040670 445 82
261541.978285136 147 120
261552.936881140 73 115
261557.240102302 264 82
262022.140111185 416 102
262411.975571640 117 85
262756.236353500 82 80
262924.984638619 285 88
263120.273481010 181 109
263333.403441028 464 85
263362.766281286 284 103
263800.514715294 216 119
264055.019103385 420 82
264065.658504056 407 119
264227.426604189 329 108
264375.558538150 298 108
264522.731013737 292 103
264851.301138093 147 103
264900.780899576 395 119
264940.497092920 225 105
264982.286142377 289 98
265136.661221112 450 88
265305.108652403 374 116
265428.815921950 398 93
265538.721413747 293 119
265789.379843553 355 108
265794.030245077 418 114
266598.157938946 86 110
266891.070491846 483 95
267386.824931015 66 120
267439.540432794 501 104
267483.453990598 101 118
268276.124851896 223 90
268751.430098023 384 109
269194.368612979 161 100
269227.914444414 479 90
269482.222609901 140 97
269489.672089232 142 114
269902.123536251 254 107
270208.937411492 511 97
270233.668570295 290 100
270240.643539497 155 120
270667.156473820 357 104
270736.486629005 328 83
271165.855119111 451 94
271327.389394867 390 97
271337.049019872 307 101
271634.763335939 173 80
271713.575755346 295 92
271970.593723540 138 92
272377.100956488 362 102
272456.988726012 146 116
272596.591273447 168 103
272755.514849999 254 101
272949.438330638 386 119
272986.111521263 155 101
273067.361290047 511 87
273627.208568551 456 105
273938.714743975 334 96
274162.107606979 171 87
274163.354009105 489 100
274379.478564525 364 82
274554.952665281 273 105
274588.811148378 251 89
274623.715370692 456 117
274735.723294317 70 88
274943.645510211 118 111
275364.502518913 487 105
275408.070581395 98 94
275562.997819855 348 100
275589.288771132 116 111
275704.575924217 143 86
275926.016544229 196 85
276000.166375972 463 106
276014.982510457 146 116
276016.940619057 336 107
276107.253866342 69 84
276307.247891904 233 104
276317.100636164 495 117
276526.058170560 295 80
276615.362199636 446 120
277535.647146666 64 99
277664.952575962 382 82
277723.634794358 216 90
277835.896962740 284 117
277966.234994466 385 85
277967.928847746 329 87
277983.403850866 128 84
278167.073225594 288 97
278404.417160634 364 119
278766.709151071 293 106
278837.334527639 209 106
279109.350314729 409 116
279239.855438008 341 80
279255.637315580 407 89
279362.854437249 312 120
279439.380095960 337 94
279443.067558320 286 111
279841.524768154 340 97
279968.142940163 267 110
280250.387933259 325 97
280387.863228940 287 111
280457.152439134 94 87
281026.416961868 130 93
281234.159996790 426 97
281569.874931052 78 103
281840.991358966 300 86
281941.591624087 505 105
281947.078665740 250 102
281975.792406961 329 86
282007.436877490 464 117
282102.679335698 167 84
282113.488202373 186 89
282170.549616889 171 117
282253.719285816 106 107
282840.711738009 467 120
282842.332905454 172 105
283207.251448345 373 83
283209.179751347 482 93
283647.709534988 370 81
283664.023029645 315 97
283776.108595438 453 89
284097.392740238 456 96
284208.288898888 368 89
284352.637760248 211 81
284485.666438252 270 108
284746.061891150 262 119
284908.692752931 213 118
285479.116763477 371 91
285913.563511363 68 96
285969.000057300 129 86
286162.676992339 493 116
286436.607158981 413 106
286570.026488287 417 90
286787.666418171 348 105
286946.110762595 413 112
287306.122755374 509 110
287384.970253161 335 81
287421.876192424 114 96
287460.943693017 454 84
287703.383933006 221 118
287777.830350775 304 94
287824.709318120 434 92
287840.350525259 261 103
288027.570358422 441 94
288189.554346165 184 92
288218.362657023 380 116
288951.273382714 315 115
289170.899100418 252 102
289398.960461553 495 88
289762.485379009 75 100
289820.839483738 378 86
289875.451295939 248 120
290165.856562298 324 91
290258.710371704 500 95
290567.831160290 138 101
290659.093657435 361 106
291010.856176287 310 84
291266.848598600 70 114
291344.671538047 312 93
291359.971097724 193 112
291670.530319501 458 119
291695.354038763 384 99
291724.025680780 324 82
292124.485865019 277 115
292454.335490597 182 118
292770.462954537 193 114
293445.753255674 185 119
293447.259188798 332 103
293643.161025714 311 111
293653.988460887 191 109
293667.443752359 96 118
293702.573734235 445 89
293801.474685980 373 120
294639.693513886 326 91
294903.743815324 156 81
294996.989461108 71 109
295119.137443754 369 91
295394.782717321 334 92
295502.296182396 268 86
295766.850318227 92 90
296073.145222297 363 116
296345.643383721 227 116
297043.474764466 495 97
297095.361598694 107 105
297308.677065470 156 115
297446.748550102 209 92
297674.409899990 135 97
297881.418941871 318 83
297892.596337142 121 90
297921.178440947 183 110
298190.280559667 241 117
298197.815375669 90 101
298380.924772118 174 93
298592.148591633 87 95
298883.321436640 249 93
298968.353201561 382 92
299170.176290794 458 96
299215.951087393 274 99
299578.854875885 285 94
299769.840769868 162 107
300020.024143571 257 111
300044.653242264 445 117
300107.637873483 383 107
300255.199080193 114 87
300722.516560759 65 108
300737.939126460 93 99
301019.825512712 377 96
301055.069371075 189 103
301072.847057096 187 101
301093.167507785 156 93
301147.793683169 355 105
301235.991714992 227 118
301710.049148590 278 108
301826.338911070 440 98
302162.698364560 235 91
303102.189273743 160 90
303242.225384003 199 108
303502.098785172 361 110
303668.361260228 510 107
304024.014456606 190 90
304247.325741784 110 90
304423.068143833 365 97
304550.001975468 316 93
304741.742342113 217 92
304797.154404745 159 119
305038.596233244 300 106
305108.789663725 235 114
305243.434921283 219 93
305263.856402954 349 90
305420.194635814 425 101
305682.122351153 406 106
305775.697091923 363 86
306386.583270296 220 83
306392.889880285 312 118
306421.370808191 493 96
306676.351277470 356 94
306759.042329334 296 113
307057.789656179 467 117
307459.235476331 201 116
307676.735318646 211 90
307808.048520438 74 81
307910.149998359 484 108
308287.791158866 280 116
308599.313533798 88 114
308648.605969481 478 119
308688.417574217 443 108
309101.407879589 233 85
309123.563970856 259 111
309143.309570109 114 80
309569.470134383 367 97
309778.965807900 337 92
309886.395020805 64 113
310007.246052714 512 99
310079.677751594 120 105
310223.761022947 485 109
310237.515148894 480 84
310258.971844298 480 113
310332.827696032 387 112
310337.844427274 408 94
310400.296438745 428 96
310449.306768938 369 111
310509.415758357 246 89
310546.522187327 403 114
310623.955304211 349 87
310774.822383085 179 116
310825.296591895 114 96
311065.901609346 490 106
311409.282786517 435 99
311419.553784285 391 98
311440.939143725 244 105
311447.680034802 211 88
311512.773955471 355 86
311555.897745925 199 82
311566.339681756 512 114
311905.466614651 299 100
312159.019852579 211 97
312487.432052732 215 103
312526.059265110 263 92
312545.191180722 183 98
312558.525063517 93 90
313493.195695143 357 80
313571.066493430 244 91
313697.820806430 295 117
313825.185436000 276 102
313884.324929535 404 113
314017.226408089 356 82
314338.369462347 281 101
314484.037920039 274 111
315277.491612931 321 91
315346.490739150 207 116
315412.469595248 130 109
315625.863491383 154 83
315696.294557436 411 90
316036.210733694 211 113
316097.640840848 482 87
316172.103050715 411 102
316268.727806407 95 99
316302.245158410 299 101
316409.589548977 399 97
316788.720920283 165 83
316848.404124101 225 92
316877.960078300 86 111
317086.414142376 345 118
317107.846681933 477 107
317206.882553761 72 97
317414.421127418 291 85
317614.880802294 313 98
317659.431023724 136 91
317725.925282240 339 92
317842.553042262 403 114
318116.651894986 95 111
318534.191395432 336 120
318629.079693592 140 82
318902.114326636 392 98
319006.438601884 186 82
319024.476490119 416 99
319107.148421536 356 120
319237.747799510 120 83
319639.052445977 412 102
319651.934946860 492 92
319661.610140391 322 89
319699.178411981 203 96
319928.164302701 361 113
320175.428990645 488 88
320209.774426289 163 116
320325.226473528 489 113
320340.097565189 464 80
321017.033960046 253 115
321171.635980785 79 106
321430.883945315 198 102
321599.550369348 502 84
321620.572395764 229 83
321713.592737198 102 91
321740.286267065 377 91
321914.271648228 117 92
322078.844667118 200 85
322109.927541929 330 89
322837.411985975 298 111
322985.825914042 290 83
323025.703584785 138 87
323243.369048798 309 90
323627.373849792 330 92
323635.451802026 242 83
323769.742429103 434 100
323775.722992233 340 98
323848.843311137 410 92
323849.275205918 503 95
323973.792971590 315 96
324020.430884771 121 88
324126.160250427 360 99
324148.770762945 70 112
324156.453065112 219 87
324273.336814816 291 102
324290.029717792 113 83
324406.701842731 504 91
324447.318161687 329 118
324472.437259895 477 114
324516.852444195 278 83
324857.301542928 384 107
325020.245359308 390 96
325115.695104936 326 85
325169.659516099 115 114
325264.349947746 358 91
325323.076168087 363 114
325613.402558683 470 87
