3 6.836528221 0.194145309 0.385286052 801695 5
28935.817825242 161.112533557 0.057210357 0.006238861 411.150251488 0.500000000 0.500000000
13
1 0.158627147 1.392034668 0.266113863 0.864095269 4.089358756 0.675184016
2 0.285925579 -1.000000000 0.479670484 1.147929998 5.432615771 0.896965895
4 0.515381120 5.568138672 0.864606491 1.524997679 7.217100743 1.191597841
8 0.928974946 11.136277344 1.558454000 2.025923118 9.587746553 1.583009369
16 1.674478199 22.272554687 2.809114778 2.691390641 12.737093086 2.102990268
32 3.018248503 -1.000000000 5.063431986 3.575448405 16.920924993 2.793772515
64 5.440395720 89.090218750 9.126840839 4.749898102 22.479046097 3.711460288
128 9.806318318 178.180437499 16.451139057 6.310126570 -1.000000000 4.930586651
256 17.675897842 356.360874998 29.653193372 8.382852953 39.672122203 6.550167007
512 31.860822214 712.721749997 53.449908489 11.136420617 52.703470059 8.701740960
1024 57.429161520 1425.443499993 96.343509504 14.794469718 70.015305511 11.560055744
2048 103.516116774 2850.886999987 173.659265020 19.654100878 93.013666848 15.357258900
4096 186.587896260 5701.773999974 313.020985872 26.110005204 123.566442471 20.401752911
1571
0.000000000 450 119
301.716481656 233 111
459.754444744 90 100
978.138072387 79 98
1633.561733663 405 105
1777.613156741 473 89
2396.880137227 221 94
2454.935313329 502 87
4558.578144807 459 89
5253.861181707 156 100
7321.395949464 374 94
8438.304089621 420 115
9769.082821209 476 99
10104.782230846 227 87
10556.921383625 397 115
11234.769776781 461 86
11383.039404307 106 85
11429.060669550 126 86
12483.489527473 74 96
13658.370169835 110 110
13908.322692937 503 81
14926.337910743 115 87
16945.939039465 175 108
17314.821971063 208 110
20140.510133204 319 82
20352.534302092 140 119
20713.092724871 438 96
21837.595294133 511 90
24158.748660500 463 106
24290.604050250 290 97
24557.412644603 432 103
25511.182974823 102 98
26216.090839436 351 116
26222.213206161 181 94
27431.925901968 305 109
27628.070464130 162 112
28018.097707648 181 82
28197.657023703 170 118
28899.632145938 77 110
29824.063554675 258 102
30302.198543047 430 103
31215.628749588 110 83
32266.890389059 227 96
32866.512248896 105 99
35052.798298730 139 91
37495.148663782 188 95
37732.228814955 474 105
38233.265521179 135 90
39324.989788953 239 110
40681.050165881 484 94
40791.611567608 473 119
41346.619156615 151 119
42651.042522149 286 106
43258.680077880 476 95
45742.875595920 399 94
46199.876033220 104 112
49164.857219056 457 85
49683.805456102 261 103
49840.563064385 358 111
50340.433803145 199 97
51447.776269370 411 91
52184.442120617 78 120
53414.374208693 136 107
55654.163437808 239 83
55990.876172607 256 106
56599.256675648 340 117
58589.269691967 475 97
60318.213875711 218 110
61106.153256516 155 103
63344.432831911 219 93
64125.677218902 489 85
65676.505980133 413 112
66223.005546556 175 105
66901.450288028 430 103
67091.433397766 281 82
67682.388829483 185 114
68237.461702811 383 107
68362.552288323 427 115
69298.164699776 371 98
69993.814225353 97 81
70246.065516672 365 101
70351.708233837 194 119
70989.395182153 322 112
71483.750977860 363 116
71701.238302384 154 80
72446.287255670 166 82
73290.545326456 251 101
75002.535560544 245 113
75225.877934786 193 119
75848.152489172 232 98
76506.229992654 80 97
76964.737781242 415 92
77247.118966503 352 83
77755.038993167 319 94
78653.332608174 291 81
78756.694824884 222 119
79610.667653040 229 84
80528.447387136 203 95
81168.592816325 267 88
81645.668060725 382 103
84063.921807976 328 90
84812.224630687 210 86
85948.920419959 382 99
86294.541290154 287 116
86667.340801012 401 101
86908.367052566 94 113
87238.631891242 166 102
88741.712319486 452 105
89998.214173055 447 108
90373.965417844 355 87
91322.618584268 488 100
93495.287367126 188 80
94004.525776101 103 103
94099.769730939 343 84
94554.209440011 446 115
94554.591608053 245 116
96263.580619629 132 100
96432.451799915 414 99
96659.236085115 73 92
97967.723965556 165 108
98493.110121844 69 117
98730.777037287 426 90
98788.139557540 88 89
99928.551416663 200 101
101057.399792319 323 117
101771.960552189 469 105
102372.214065871 258 84
102686.962394684 205 113
104471.701644315 440 111
107710.995643360 204 103
109290.838041188 364 93
109388.633001239 78 86
109434.945979712 421 111
110503.112044374 132 98
110774.701324884 508 94
113637.630902232 503 118
113985.665121407 361 90
114855.153706404 256 97
116495.365211025 512 92
117839.792965817 90 96
120414.828579955 97 85
120470.589557230 362 91
120911.977257783 179 94
121899.198712406 338 102
122159.012724959 499 89
122722.356626659 189 119
122842.447762867 490 99
123003.956289194 486 85
123129.059619575 142 100
123167.356676744 163 109
124720.825360308 134 94
125089.177846885 325 120
126157.916049296 415 92
126839.959893633 372 99
127213.509587653 486 118
127636.217817628 480 117
127877.376024229 187 90
129230.298917797 276 115
130066.957063742 101 105
130127.140146299 383 97
130369.607003895 248 106
130445.145797816 121 90
130559.376566855 286 116
130825.677212861 373 85
131064.403028847 424 99
131115.507808775 141 106
133404.575461659 161 88
133447.432449036 453 84
133793.367202923 77 82
133826.518540417 260 84
134088.751608160 233 120
138421.832108220 500 95
138765.532408496 225 81
138912.783937701 388 104
138969.714602390 191 103
140658.817190633 410 118
141025.354521190 334 116
141735.166951985 139 82
142036.026042413 161 94
142573.611022217 195 105
142779.085873376 179 99
143629.336454419 157 118
145121.138219503 158 95
146266.244637925 162 104
147057.160024432 493 120
147226.059002536 152 88
147511.115182362 396 112
147791.539217625 161 114
148210.946240971 86 90
148479.674306441 471 104
148787.286819668 467 81
149692.489999663 490 120
150489.280239166 84 93
151368.197809618 251 81
152476.346399019 415 87
153205.254469777 78 90
153959.679960073 506 103
154313.859511367 394 99
154371.436436558 221 92
159053.227021724 299 108
159620.402708508 280 105
160603.629942434 204 87
161857.893295306 231 105
162166.382632289 152 116
164161.694042318 337 102
168351.235163618 302 119
170169.548208950 460 95
172394.473993940 230 120
173609.955656123 415 112
175112.277589312 203 106
175203.379306447 233 90
179784.415455585 162 111
180635.323159470 490 91
181148.602093095 353 110
182744.672785058 254 90
183694.502655122 208 102
183696.989509039 244 118
183943.523361517 441 97
184307.314462439 218 99
185837.128697264 510 85
185863.262667301 93 92
186464.874074173 486 106
186786.856963382 488 110
188464.256541068 247 111
188739.414795045 179 90
189843.253717271 387 106
189855.364724098 353 114
191689.947426073 382 108
191805.943383957 186 81
192480.896871886 209 109
194532.439504236 99 99
195906.676460414 203 109
196548.148504750 331 92
197766.967160314 203 87
197960.578544489 377 117
199502.827584244 356 84
202032.803990651 399 91
202558.496872691 100 119
203774.626409958 117 80
204467.225342367 174 89
204950.136672761 68 107
205211.430227003 124 94
208404.282328946 237 95
208419.960288582 103 109
208441.534675869 180 94
208459.603795699 199 90
209680.219450684 199 91
210289.635294768 338 86
210941.213825450 279 83
211141.013839206 497 83
213195.223948904 427 113
213463.783310692 430 103
214175.765910582 125 87
215623.211376143 421 99
215887.381714030 394 101
218156.732205820 93 85
219893.721598256 324 81
220399.504815088 507 117
221405.472362313 360 108
221432.691009486 144 98
222021.851587308 314 113
222217.845326147 397 118
223134.384154625 349 83
223816.191523205 261 84
225881.822810145 490 83
226106.422094600 447 98
226194.760216097 195 120
226663.225766524 504 95
226923.073609290 259 92
227024.418295773 396 89
228720.950988206 266 110
229234.282347318 458 92
231593.191490176 310 113
231682.586839222 353 86
232281.460427984 363 120
233317.853389586 319 83
233625.486823888 254 108
234877.502429846 447 84
235352.817070968 113 86
235401.096698717 285 120
235786.335064703 286 101
236594.219374801 161 101
237798.493183184 157 94
238837.188052952 511 115
240338.242649591 491 105
241565.343648724 194 94
241876.487907913 114 105
243164.237376718 223 116
243265.532499602 318 107
244027.273301356 158 84
247520.023445547 190 111
247669.640820910 312 109
248264.049057633 363 113
248357.977787496 338 88
248862.528822155 503 118
249209.162290850 444 100
250627.765810641 284 107
251322.695586073 324 92
251327.546587622 409 80
251327.617272293 457 82
251870.380744538 85 103
252994.640813748 468 110
253271.663622074 224 92
253534.193107430 218 116
253845.958365895 418 107
253880.339818396 214 120
255383.792673340 255 103
257140.508424685 324 86
257294.820857061 313 109
257464.980391127 338 112
257905.254191026 144 105
258110.740141518 141 97
258178.446331224 378 101
258404.962310346 302 84
259098.362356617 149 87
259177.713428240 267 80
259411.110026401 483 86
260993.389528578 385 112
261797.288237124 358 117
263898.667943376 160 97
264508.366326760 372 109
267872.024659231 394 91
267988.565945947 340 100
268139.132851266 179 111
270562.542014421 256 107
270667.955121307 382 113
272861.556825046 149 85
273479.584316940 432 85
273819.865970319 106 102
274823.692679612 138 104
275325.182313889 88 103
276192.535930144 151 119
277144.180734614 307 119
277550.421117760 311 100
278714.000025514 101 101
280471.803403804 397 90
281168.066510180 191 106
281792.363929174 187 92
282105.922764216 299 115
283013.615197768 404 109
284867.991379975 115 97
287257.535173904 456 91
287469.569861128 228 114
287474.202042982 283 97
289412.341763037 92 99
289493.118535017 383 83
289970.245625593 428 109
290708.817306339 483 85
291760.131510857 268 81
292039.390105615 174 104
292407.423783864 480 107
296606.023023453 479 85
296714.709515825 450 100
296731.070791549 161 103
297234.464344608 446 85
297399.017846651 494 84
298203.377273897 157 101
298788.174597657 368 86
300622.196786856 262 103
301789.807536821 324 115
303126.649680958 135 102
304076.069079359 403 106
304183.485554031 400 90
304862.821658048 123 96
305063.513086016 369 100
305671.657029672 219 81
309746.960024203 508 111
311690.373672167 305 80
315452.642639916 280 90
315860.378795513 152 83
316144.672622139 304 92
316732.162991670 478 103
317189.907221559 197 98
317488.908180122 199 113
318219.845612034 298 80
319316.594339565 145 120
319335.735604636 191 86
319603.252268586 465 82
320918.735634579 132 101
321354.846231196 304 88
322031.354039974 132 86
322312.865098076 405 87
323259.079172715 129 82
323940.069409208 64 91
324681.742297099 349 114
325275.011755802 493 120
325651.065107898 453 87
325757.479668419 386 82
326085.510614836 314 104
326287.441023661 410 119
326382.612313506 188 119
327013.135912076 446 109
327226.150527119 111 113
327907.738015666 421 117
328551.161022988 268 80
328950.104622801 495 81
329541.145733987 72 110
332451.426989963 184 113
332498.869784648 435 80
334296.232700633 435 106
334422.516691472 499 103
334591.536563652 486 94
337213.696570436 121 94
339164.288707700 461 87
339775.242245154 151 83
342329.382762202 71 118
342347.185258874 324 119
342861.141359728 345 99
343183.653918975 260 91
344013.990493874 286 110
345801.504788917 162 104
346013.615875247 364 85
347558.435762689 116 104
347654.532177945 174 88
350156.914121044 86 92
350815.937743130 101 80
352036.432904192 172 97
353501.404613865 342 115
353818.378297429 223 99
354754.244393520 283 87
356354.987069582 414 111
357141.212629378 71 87
357397.062579571 486 87
357754.085020834 437 80
358880.335626824 107 83
359008.158001619 122 102
359775.753488578 371 81
360275.818830885 426 98
360530.265471898 215 120
361695.458603462 259 92
361937.168876748 439 106
362752.626518386 207 90
363932.557593076 169 83
364221.686442382 70 118
364293.824320542 161 103
364472.247750790 425 107
366627.187563653 435 92
366823.011297773 457 112
366900.462213009 431 104
368074.718366889 199 103
370216.088496253 385 101
370410.174101255 336 109
370668.639696702 339 106
370872.436441609 491 105
370941.933481661 223 99
371201.548939625 328 110
373607.114259169 406 84
373771.163524102 486 101
373929.789861268 149 118
374501.764012322 192 82
375916.122171088 188 81
375985.896158177 288 100
378774.826443122 204 86
379277.711183091 491 106
381481.456821210 329 120
381962.942648743 510 120
382141.609127643 481 87
383312.464918439 106 86
383325.396765505 257 118
384304.458327827 507 104
385870.472777103 415 80
386671.563544244 101 102
386857.850228045 93 85
387339.642250281 449 89
387582.647911596 98 87
387716.982615100 260 93
388351.412871627 393 108
390278.295649042 379 87
390547.900489713 234 105
390580.261633200 255 92
391477.955654147 288 83
392552.604701759 160 86
392928.978527263 73 98
394114.524570007 175 101
394141.978009862 286 96
394219.618002574 219 107
395344.053085662 176 81
395555.779115745 233 101
395896.351056004 443 86
395975.867247645 90 92
397768.001076610 356 83
399019.424647229 218 86
399788.625736254 220 113
400206.372930513 174 119
400450.130750596 490 119
400528.783829800 458 81
400646.655587571 153 109
401073.878153141 187 115
403041.422525976 290 87
403521.421337886 211 119
403574.158766110 470 119
404544.345579058 154 118
404702.380990935 233 113
405616.359247318 102 95
406345.437135279 412 110
408191.036493037 358 120
408956.732758976 288 83
411631.958698784 421 82
411911.795669860 196 93
412185.928170361 325 88
412414.348715252 456 107
413045.077409677 150 89
413693.595904020 244 112
413777.626806048 512 97
413889.894491606 331 112
414411.930665567 255 99
414903.796635904 259 107
415213.034027599 424 111
415633.765163313 269 112
415781.366565972 230 113
415894.270100785 397 96
415967.866191237 101 92
416161.908972970 417 98
417007.453041164 394 81
417898.225898810 264 105
418649.179679424 132 105
420218.724827079 249 120
421728.768408162 245 113
421857.909899190 447 101
423047.751668859 494 103
423172.345382721 73 104
423669.906148365 80 80
423682.177146185 448 92
424224.797721809 132 115
427523.191095594 184 103
428395.981216454 127 100
428929.277182747 467 90
429206.046867434 318 83
430009.008480637 370 92
431923.462372088 100 116
431996.281831411 84 83
432753.924280963 322 118
432793.397477725 336 83
433073.119383033 66 120
434255.780930280 423 117
434343.428751062 491 94
434412.587410645 306 80
435494.529859691 212 111
437588.313201684 471 85
437982.781529463 319 83
438476.376509485 217 111
438938.512677987 337 89
439362.944062322 166 112
441690.892313864 313 85
441801.609248631 158 117
441964.446343488 186 91
442080.760556528 112 88
442388.893705037 80 109
442737.692066949 211 101
443247.923845557 207 119
445233.308118104 134 106
445310.042015718 391 113
446143.012747973 153 108
446431.495667210 397 114
446511.342289340 425 93
447807.769954981 310 105
448010.716802629 459 94
448156.085789148 309 85
448665.626025876 445 83
448947.769052731 366 82
451412.476831733 128 117
452773.936474479 108 97
453802.979280245 118 114
455047.467917000 362 81
455310.664654427 233 95
455360.144791161 119 98
456444.478766152 393 113
456823.442262425 236 89
459713.545658298 149 112
460044.789020920 166 82
460830.296452220 367 86
462192.269855905 65 116
463062.608548006 424 111
463575.036645808 429 119
463764.533164933 344 107
464177.938873393 318 120
466016.691704863 130 109
466333.902556024 157 89
466717.585096991 322 94
467204.731051560 493 82
467270.980684366 242 109
467866.188988467 435 81
470566.801655940 93 114
470814.459542176 230 92
472334.880425993 75 90
473904.969055625 358 111
474470.125399946 295 119
475850.935781902 468 100
475864.622151204 429 99
476338.638752368 455 81
476411.202809350 238 119
476726.963861106 83 110
477178.806088558 338 88
477841.196618383 292 112
478191.577850223 472 106
479174.640007369 335 115
479268.083871338 426 80
479279.364087255 342 98
479348.268128343 233 119
479461.489834921 258 105
480400.795217656 422 103
480924.514637190 465 85
481275.949454276 281 111
482028.462502035 87 118
482365.568113554 463 92
483771.392859001 86 100
483886.495678905 211 119
484759.664997698 362 91
486382.046119491 256 99
486479.084730770 295 99
486518.869306037 294 99
486672.420013438 472 94
486826.811673951 369 89
487626.983780466 472 99
487652.083262128 309 110
487678.664812355 70 118
487918.758307702 388 85
488862.179514560 153 115
489123.551695912 171 113
489864.838286402 128 94
490777.051171208 302 118
491153.133335806 67 95
492101.853000261 335 113
494042.662009398 163 119
495792.940274033 92 83
496668.252943694 272 108
499059.579389845 270 101
500125.795226303 445 99
500524.964841195 280 98
501282.292232914 342 107
501556.139697570 81 119
502826.447036293 328 107
503404.841659611 277 97
503778.862516217 277 90
506077.463776472 146 94
506396.751842790 508 100
507528.532410098 308 111
507708.700913298 286 116
508019.331872206 72 94
508662.681308387 457 88
509427.749047273 311 118
509468.211676951 171 103
510296.611663371 380 92
510361.977996985 66 107
510670.066464465 201 100
513366.899879778 87 97
513870.082059927 458 86
514947.893844237 123 111
515508.856236435 81 98
517721.356082893 352 120
518925.809551537 357 105
519400.149737264 321 90
519528.903032577 393 113
519685.219184154 259 99
520805.392128815 340 85
522474.434371263 161 91
522896.790162880 280 111
523057.777039582 478 105
523368.115698641 376 102
524122.173934468 236 84
525547.400984869 416 96
525842.132603097 130 105
526654.037845931 98 105
526799.272751829 300 112
526955.170399646 373 86
527465.691781915 474 92
527584.046038921 325 81
527838.871637335 229 107
528172.943268493 298 96
528615.723545699 125 80
528967.783385643 418 106
529106.213296487 149 90
530639.588333987 313 83
530954.342897189 503 105
530988.881990796 185 85
531075.133307382 489 99
532609.855201365 133 84
532874.427724239 173 117
534675.602038641 101 96
534748.543060727 123 85
534907.955356730 192 116
535245.487931801 368 113
535587.740411610 359 108
536661.796241095 506 98
537668.613628012 214 81
538079.482757363 122 98
540376.980497877 241 82
541379.635031180 195 85
541821.347695688 354 85
544556.373842509 442 92
544641.481290762 489 81
545150.684175429 370 109
546807.290658244 288 96
547397.082906579 106 100
548478.503173067 283 84
548494.374513581 79 118
549074.235529431 376 102
549860.778119264 257 81
550244.972052254 172 109
550445.449579468 454 106
550702.752632163 490 81
550929.853291062 80 98
552535.261919357 257 101
553024.740229738 454 113
553439.029382384 187 112
553562.026232570 483 97
553824.616073640 487 102
554559.260938448 233 93
554868.383953724 367 114
555007.829880397 138 110
555323.168866389 98 118
555786.696299757 288 91
556450.481928516 191 80
556472.983244464 288 108
557663.865819870 118 102
557996.383610094 244 86
559312.994259001 100 116
559618.073998885 111 84
559772.940741363 415 86
565478.615328318 134 117
565708.355797586 401 89
566346.228095494 286 81
566486.836193957 359 107
567214.380749960 463 99
567303.634657166 371 89
568081.916841052 322 106
568154.201915317 451 82
568354.413083500 394 110
568402.825263149 277 111
568753.890096928 90 117
569281.264534532 293 86
570231.986993205 331 103
571891.224000107 387 87
572476.719247186 203 81
572486.936127040 137 87
572688.657535815 261 93
572997.540533749 302 108
574846.848328142 304 117
575951.357634998 422 112
576885.102320642 142 105
577363.520118013 68 88
578687.474487289 395 81
579939.262264322 413 83
580469.645729218 263 98
580920.498676661 354 105
582998.685897776 445 93
583221.336664140 378 100
584033.669824449 410 113
584289.776169393 387 98
585570.343508404 333 94
585646.392919035 362 119
586008.818866471 232 92
587560.668931473 472 102
587967.522715219 105 83
589738.441533416 316 92
589923.237513905 290 82
590075.156591701 174 114
590342.419594330 224 89
591999.607064650 336 117
594293.543624150 279 92
594324.723823717 505 92
595130.079783766 459 95
595552.076472765 190 81
596725.223605939 374 109
597518.341105274 459 82
597620.627558260 280 91
598199.600383515 246 97
598478.980913959 371 110
598479.724278492 85 103
599250.618335852 428 120
600059.827721054 437 106
600667.778369286 458 119
600736.707606932 78 80
600780.511039793 217 112
601767.194251268 482 109
603400.983224843 228 88
603748.273177505 214 81
604204.424957010 397 108
605274.963219439 280 105
608716.378898087 484 96
609627.260326374 380 116
609945.644406339 495 82
611241.134604639 476 93
611333.922327668 447 83
614671.824316460 381 101
614934.075860259 330 114
614985.794226709 340 119
615418.447337336 154 108
615467.283820474 231 96
616743.713177588 151 87
617777.797397216 298 80
618952.951666476 350 97
621422.409939770 140 115
621550.157988707 108 84
622581.635719283 261 102
622598.025035079 105 90
622619.321402982 113 84
623282.389002122 122 93
623884.576179115 459 116
624071.180511520 170 87
624716.763857355 240 111
625606.231849456 196 95
625756.214602679 388 117
627271.708699219 481 98
631212.681905909 234 88
631412.229186254 454 96
632680.863642493 124 111
633526.806001812 422 116
633983.611533294 356 101
635467.624919720 445 85
636352.414594711 353 115
637010.660689403 124 107
637782.728090095 366 110
637960.760709111 205 114
638011.527316452 263 93
638418.380130181 184 98
639065.826006370 130 88
639821.385024779 90 95
640611.191437515 193 118
641800.343614015 157 116
642584.587685391 246 98
643526.689996627 301 107
643634.233794745 367 113
644206.934652716 504 106
645081.025933343 110 95
646225.041195311 501 80
651721.939875435 219 104
652124.324331314 331 80
652715.091136525 146 109
653168.594520971 172 97
653990.287129168 110 110
654293.135376062 291 110
655536.412566608 443 116
657114.543706168 265 90
658279.218375430 359 83
658676.425832983 405 93
659046.319599065 167 88
659624.660404312 376 119
660349.277966585 316 91
660491.168725929 390 90
660522.124909818 265 118
660748.832779639 405 92
662130.371085259 86 89
662174.273954411 305 96
662203.106502852 129 88
662599.773973213 179 82
662634.201660154 227 118
663340.668580244 204 111
664038.527294191 153 87
664406.775771363 254 113
665768.175309922 380 115
667109.043454385 491 90
667110.277903335 402 82
667244.338115360 158 99
668055.911815793 483 91
668216.651027060 230 94
668631.431071493 423 109
668980.015309667 446 98
669005.705311201 487 106
669129.844172874 476 109
669966.530042178 139 119
671294.217985743 113 86
672057.730275542 327 110
673162.077532955 484 116
673268.254339824 223 84
677262.665743412 295 94
678782.050611187 509 105
681347.079319160 502 110
682964.308523794 298 120
685192.783916632 172 102
685246.747205875 488 90
688760.900078123 129 84
689179.107786661 263 105
691531.756161778 160 109
691628.034873908 472 115
692444.708604077 220 99
692448.322165683 322 108
693289.767675796 297 106
693950.565487608 512 94
695063.666305463 225 115
695815.479947143 149 108
696624.644085823 346 105
697105.345419135 71 84
698750.335463557 86 102
700535.443106908 90 89
700557.177463165 335 109
700943.982647027 289 97
701062.572075884 151 116
701083.830686210 211 118
701220.580240632 495 111
702414.359307532 415 97
703343.664202166 381 91
703549.110722402 209 104
705432.244931813 493 100
705674.758371162 301 116
705877.212228419 97 99
705901.996887959 451 86
710357.765342204 216 80
710968.188790101 478 103
711560.470263689 448 89
711960.654320958 420 103
713017.855005755 249 84
713177.173006196 102 91
714723.950665507 263 97
717163.678542255 457 116
717381.796397187 192 115
717570.575008882 364 110
717987.250430995 474 97
718021.435194343 152 108
718804.267644033 218 83
718859.327613826 236 96
720727.609808236 299 85
722357.203796279 299 110
722397.208043604 223 92
723238.200493846 377 111
723884.052554547 100 104
724045.999585336 217 96
724095.109877620 274 100
724949.019690174 378 96
725854.675584011 81 85
726755.001640636 326 109
726985.709172332 389 105
727268.923418346 458 103
729073.166701910 159 88
730500.882368597 98 110
731815.349000309 405 114
732104.849687595 272 93
733195.230234656 79 90
733553.449419671 178 88
734629.310269403 173 93
735710.372928459 469 98
735958.549824459 86 104
736958.828154172 508 101
738096.923753640 185 114
739416.019346676 492 104
740999.829919697 127 98
741055.638093286 253 112
741139.173859151 262 92
741591.591716224 80 90
741676.992196846 494 85
742934.413202620 503 81
744235.974675137 265 84
744573.051671034 284 87
745236.059730434 475 115
746320.529049799 372 90
747115.930434374 295 90
748000.299254913 482 96
748092.890778461 181 116
749719.055281150 448 93
750262.400691986 269 88
754790.200695847 131 110
755319.938691131 509 86
756457.502171139 403 107
756860.608405978 121 111
757019.460613980 95 109
757443.315573469 105 93
758225.659185483 511 98
758657.812560266 418 115
759833.596873017 430 80
761484.781858991 114 81
761672.521843509 240 87
762015.620646688 511 93
763260.263586223 198 118
763801.532833223 149 100
764119.370142524 482 80
764259.718136019 213 98
765881.517492679 226 93
767110.189017048 162 88
767293.367400071 132 113
767877.903869460 485 106
768410.289566292 314 91
769073.662206133 479 97
770528.120567537 166 115
774913.196572584 242 89
775947.577185676 395 92
776506.862987651 296 107
777174.853757467 118 120
779139.557679172 89 98
779638.524401702 90 99
781786.034498982 65 92
782547.664573134 439 116
782624.135115832 171 103
784480.468593971 268 115
785426.819744179 110 105
786497.434604028 425 91
788541.379755930 93 88
788557.157460261 248 83
788605.417176385 429 110
789359.658628270 392 84
790505.391802136 133 96
793251.747571100 480 99
793634.117265743 482 101
793691.643937685 277 103
794980.269347233 317 117
795627.503957612 99 105
795755.138962554 369 105
797731.996605498 415 84
799209.214133653 136 83
799850.752039550 329 119
799927.360744825 125 107
803815.955414635 426 120
804683.851883633 300 103
805711.928397380 136 96
807125.901727721 440 96
807136.850006685 107 102
807871.152247477 163 120
808072.490028466 310 94
809616.587258956 206 117
809790.643693773 246 94
810080.485524203 195 83
810375.648982940 191 117
810515.027715386 162 114
810912.975052097 390 102
811328.324571076 420 103
812144.715961882 341 104
812482.759482591 66 80
812995.031905255 364 107
813303.230099329 412 84
814324.383726384 363 88
816421.013260392 469 117
817177.505834656 504 84
817743.905593466 171 85
819252.305893063 154 108
820510.476275780 151 98
820949.151139050 339 112
821735.384913691 298 108
822714.155253588 143 114
822812.455494315 436 115
823238.311332675 383 94
823911.503603465 323 81
824079.355700368 72 95
824532.000247907 172 80
826192.753641233 142 101
826504.693346299 313 100
828468.984751152 214 90
828614.821224786 109 107
830587.806554002 503 115
831432.967900336 181 120
831736.550970640 294 103
832301.835307576 323 94
833118.755730362 446 90
833639.458445086 155 105
833748.471555256 101 83
834075.534255766 79 108
836219.613766233 254 118
836497.640320712 93 91
836656.493399146 125 112
837113.482076843 332 117
837993.830151408 295 104
839486.923710449 272 113
839551.341351718 446 94
840167.010201537 425 106
840242.666397089 297 103
840895.854125701 159 83
841466.263050619 505 104
843638.929972655 323 106
844127.549175179 257 80
844760.121263709 430 120
846289.252440060 265 109
847497.305103179 365 110
850325.679405543 107 111
850974.270664921 477 107
851356.201464240 91 104
852329.822345702 214 82
852461.246291720 511 119
852539.797254553 70 119
852881.832799499 287 96
853291.896728985 115 97
853925.760211918 181 91
854499.889578528 120 106
855039.996922699 413 112
856055.132196961 337 84
856428.947634971 239 112
857458.293619509 336 87
858060.545568365 271 84
858171.515198944 256 81
860648.138421601 192 102
863930.672319954 136 101
864019.245296000 395 114
865345.943848445 462 100
865582.660347436 512 106
867001.730197635 277 94
867733.723268903 100 100
867756.823545928 382 110
868273.065038377 180 98
868394.150901540 385 119
868957.405904973 409 89
870306.716362497 172 112
871505.501788459 409 95
871596.678376780 162 115
871601.082350852 342 88
872352.697635347 277 106
874054.554506585 268 119
874344.014456101 346 82
874597.121659002 86 96
874719.781266046 423 93
874803.142286207 214 103
875419.337345152 158 110
876534.948895499 478 104
877063.316332264 169 86
877287.036945549 241 90
878025.197900100 97 119
878998.703209114 472 119
879090.261445353 499 90
880512.124321641 74 82
881933.930424937 231 93
882092.523694467 99 92
883521.202498012 134 85
883572.502720664 343 92
884097.262301213 196 105
884652.265915176 301 92
888004.400949920 254 84
888789.513769306 65 99
890024.036464936 510 80
890065.469931571 88 82
891884.688355241 375 86
892240.525417858 461 111
892500.294965385 103 112
893428.649337011 317 108
894597.743877363 443 93
894899.311015696 372 106
895883.131936802 113 110
897125.227562418 431 91
897840.962680765 432 115
898960.781993368 122 104
899423.843352278 300 103
899593.478137170 259 93
899921.822983457 430 86
900404.283194553 287 97
900723.344464978 313 120
900761.323129540 99 118
901124.558907351 418 86
901930.314446314 180 112
902040.876219231 331 117
905315.301094880 265 110
905754.506184717 451 107
905908.230277135 509 84
906845.763616006 241 93
909894.544846876 203 98
909967.090170140 217 110
910930.766368246 385 86
911283.276266612 164 86
911327.091192203 291 104
911625.092726581 177 97
912412.311239245 259 101
914337.661732417 171 120
914905.520792302 187 85
917079.450998600 248 87
918730.336421268 263 88
918792.006982396 389 91
919294.764757766 367 120
920281.233939177 434 102
920817.544556568 362 94
920900.207014230 395 82
921078.245918465 217 90
921338.637492260 442 94
921983.090287375 98 93
924148.065581551 330 98
924593.920291615 335 106
927394.945598758 218 104
927537.540259577 151 107
927718.036480931 500 119
928213.079785480 277 82
928864.167588552 89 95
929073.362208774 203 119
929681.567509482 205 83
931834.036874503 231 108
932919.565388129 365 120
934256.350936060 445 114
934539.094128687 164 114
935851.178584804 170 105
936793.672526867 505 102
937481.618810224 381 95
938237.957368237 369 85
939500.688658944 461 106
939669.945341963 499 112
939910.541648616 505 118
940039.997067124 332 103
941058.474429296 376 103
941196.742361848 247 88
942311.958776796 148 99
943120.210558629 298 94
944624.837229998 84 114
945013.650725997 399 107
946320.493664133 496 88
947071.023496634 144 89
947210.906379209 396 100
948787.496291315 102 115
949875.613133924 430 82
950003.324175818 508 82
950632.876806586 175 98
950771.477464035 295 95
952234.956836204 189 86
953141.082901124 123 95
953409.905684749 219 119
955288.314163336 132 100
956660.661835339 270 95
957040.624422007 460 104
957730.459064398 347 81
958901.235380796 489 89
959128.047043139 81 83
959505.778551825 97 115
959932.189954745 484 105
959972.300353423 290 100
960581.647993818 305 98
960621.203839228 388 98
961303.121592582 336 104
961932.636861184 284 116
965195.737778886 300 110
965569.997540635 258 110
966509.187134468 291 82
967354.444431908 168 107
968873.458928038 361 89
969425.846915126 484 92
973817.263218565 473 97
976117.748523361 140 91
976136.690472107 308 84
976426.765774566 419 89
977431.621724649 273 116
977883.011842354 334 110
977996.323987274 310 96
978911.119430155 318 112
979174.016464184 461 93
982489.933280600 98 81
982529.975360579 325 89
982634.989941849 192 104
983611.997047709 190 111
983758.612542269 456 94
986543.367391596 412 92
986569.322487110 350 100
986883.185822889 107 114
988021.091221778 365 102
988136.808505736 209 98
988323.862123136 197 120
988816.314210137 472 119
988888.028914356 322 100
994423.028213222 369 108
996154.009196097 255 120
996984.403323480 349 119
997154.019084159 389 80
1000284.039014358 320 114
1001008.921764657 332 85
1001067.649280234 399 96
1001790.111023283 209 119
1002514.586717541 477 91
1003244.148989346 240 102
1004267.675070431 161 119
1005417.936297017 471 116
1006138.146157037 506 116
1006279.919347777 311 85
1006285.113377735 476 96
1006785.016127552 340 115
1006829.988432203 293 117
1006963.969162748 203 95
1006970.764106757 348 90
1007085.843303021 442 93
1007710.626344118 362 94
1007948.966357700 415 111
1007957.219221756 264 97
1008137.636958558 274 106
1008984.300702419 459 85
1009676.769937704 396 96
1010183.839903172 86 108
1010517.092481967 117 95
1011213.656235277 136 117
1012184.794914276 485 114
1012313.375978386 91 117
1015133.044178597 288 95
1016110.380385260 493 103
1016334.174723986 128 81
1017140.374627889 286 105
1017210.523860966 252 86
1017978.751340974 182 106
1018429.407841074 361 93
1019700.762768264 398 94
1019899.331382232 446 113
1020428.851878352 163 84
1021149.974366110 376 81
1021964.417865367 170 81
1021990.461715431 90 98
1023092.002918291 169 82
1023131.440045220 486 102
1023553.039964898 81 86
1023724.744709829 274 95
1023775.569718294 430 93
1024487.305733780 296 96
1025109.444795779 240 90
1028096.198224993 451 85
1031693.507400144 339 96
1031764.992589584 371 83
1032126.296137423 293 88
1032607.785026633 490 118
1034948.106750645 464 82
1035034.880893464 458 93
1035550.718623943 472 115
1035909.655286557 413 108
1036435.936840960 258 103
1037671.145971452 274 118
1038032.700234890 307 88
1038163.863530599 213 106
1038547.371933038 448 86
1039335.114025311 403 90
1039467.456005257 93 101
1041119.128368738 110 113
1042227.467798489 273 108
1042321.780242843 497 113
1043156.957814922 126 116
1043271.895755233 301 107
1044043.395612460 420 91
1047087.440398608 85 86
1048941.151967081 361 108
1049182.649734247 397 93
1052693.963654063 186 101
1054548.773253788 97 115
1054623.199240032 275 120
1055366.695088173 435 106
1055438.172621517 147 82
1055494.669889303 393 94
1055584.705406210 86 81
1056001.493860810 210 103
1056113.595271270 312 108
1056565.404470384 124 97
1058509.927657840 131 91
1058680.820610192 416 105
1061614.896996106 279 94
1061748.441222264 115 90
1062208.403456611 129 117
1063173.602946352 340 119
1064447.493381806 267 109
1064741.125716685 442 107
1064951.912222723 101 81
1066320.332922184 348 106
1066348.697465332 230 82
1067315.770394025 154 91
1067560.889654565 191 107
1067841.901611166 310 103
1068720.095998422 347 108
1068756.601611840 275 110
1070676.256461419 123 84
1071074.919792895 247 95
1071762.258246849 492 91
1071951.880070454 231 85
1072187.668810239 468 81
1073059.998596756 299 97
1075031.335091619 214 80
1075041.664400371 285 116
1075049.967878378 167 99
1075685.385305226 297 115
1075797.333411859 459 99
1077186.977198222 121 108
1077914.941303123 399 98
1077993.954642139 313 95
1080604.181475613 231 93
1081256.148350883 241 89
1081332.461389995 119 107
1081924.528882569 147 105
1082539.011310462 486 87
1083211.966067116 171 118
1083898.234326357 116 96
1084957.266890745 157 117
1085025.865395076 85 97
1086436.087410114 125 90
1087461.600836615 268 99
1088016.783416324 290 88
1089552.091603989 317 106
1090576.272856807 172 110
1091410.679837273 78 120
1092591.219503100 268 106
1093496.231329451 491 83
1093936.588423796 271 81
1094505.817741955 505 102
1094669.588307108 133 88
1094855.801768493 504 93
1095441.949873548 259 90
1095551.079444959 185 111
1095886.491431324 323 93
1096645.796868894 153 117
1097292.239011507 470 109
1097746.949815164 402 117
1098779.830719206 176 119
1099499.411703311 104 91
1101577.471947544 328 119
1101914.949825312 152 82
1102748.771751056 247 94
1102870.621443402 371 81
1103834.290637515 511 109
1104170.312258060 432 89
1104865.545063355 139 95
1105173.404119287 419 88
1105683.151277609 235 117
1106329.235313023 181 111
1107145.891523391 257 84
1107221.780818436 504 118
1107825.704430306 356 91
1108643.217457769 181 85
1108712.324940957 326 117
1109190.519936585 369 83
1109257.710350217 435 82
1109881.952966814 352 85
1110270.859453829 432 84
1111067.331409696 299 114
1111296.517648649 391 100
1111399.079740450 94 80
1111513.452985076 150 101
1114321.058150017 456 95
1114418.529463888 484 105
1116006.999390617 327 97
1116300.904241513 267 113
1116606.379593238 408 113
1116963.845220282 481 84
1118130.751681740 163 81
1119206.721877086 459 105
1120013.945660630 379 114
1122999.149656811 491 105
1123794.910365804 95 88
1124068.279498907 96 87
1124688.442175727 297 111
1125892.228091834 456 92
1127045.532448947 502 82
1127605.762272190 511 89
1128364.497313665 248 80
1128920.913019994 139 102
1130104.219628741 198 105
1131479.860379727 455 83
1132180.287995154 163 93
1132529.693664180 387 81
1134041.421033554 192 118
1134519.530874733 494 102
1135158.599387932 311 86
1135578.436525114 202 101
1138589.662727479 165 82
1139631.654136465 181 88
1140420.003538799 174 80
1140714.296482426 125 117
1141276.967357421 134 96
1141520.431878377 246 105
1142074.378593231 419 119
1143561.906234846 364 86
1143605.491670975 439 93
1143615.587598811 99 120
1144129.392595985 340 98
1144463.146315176 95 94
1144776.267063692 322 106
1149197.100085112 367 108
1149712.516291794 272 111
1149975.307396634 380 98
1152336.643882420 151 111
1152667.319722286 156 97
1154472.417762109 503 98
1157828.583621899 189 81
1159549.301651567 338 88
1161712.439804896 259 104
1163796.346176245 436 103
1164406.836525913 456 85
1164437.231803508 143 92
1165896.010412932 207 112
1168047.955382338 265 111
1170007.808914928 212 102
1170106.783334064 477 115
1170242.621902676 68 84
1171458.858321037 166 95
1173170.610385478 213 110
1173241.038882931 249 100
1173316.303713694 73 102
1173796.215973118 189 111
1174026.849760382 335 87
1174832.424978750 190 85
1177515.768836309 473 115
1178399.917661874 166 84
1178633.141674527 132 119
1178995.980655103 470 120
1179252.662160287 328 120
1179533.423763966 188 83
1179647.524764399 276 107
1179854.865910192 510 111
1180553.929353421 103 117
1181613.773152902 382 89
1181738.322348559 451 117
1182134.414262640 181 104
1182811.720875090 179 95
1183055.443387703 79 81
1183156.230132443 481 116
1185651.638746173 425 108
1185852.046834982 454 91
1186037.341701270 187 108
1187498.237369947 117 98
1188067.589449951 501 120
1188495.073509303 255 105
1188669.761833664 308 105
1188774.222805818 413 81
1189769.360902341 260 88
1190245.432143595 87 94
1190361.281258544 271 94
1190572.826934113 265 96
1190941.395739246 269 113
1191351.116389379 432 102
1192102.331342660 356 107
1193844.395089423 465 108
1195120.930529834 400 117
1196409.831770326 190 116
1196705.464518601 239 107
1197986.154514449 110 97
1200259.223125871 386 109
1200393.703144927 219 95
1200479.462481265 449 114
1200954.760216844 286 88
1201529.833725009 367 80
1201649.735744439 110 90
1202330.868665669 115 110
1204917.645815632 72 114
1205052.265025698 458 87
1205731.879403799 92 98
1205910.898380453 245 107
1206316.444134172 502 96
1206852.128141049 284 82
1207007.036891396 216 113
1208031.418899788 264 106
1208039.029967944 127 90
1208382.900852844 171 98
1209056.816252350 122 102
1209746.945768107 93 110
1212294.939447275 499 114
1212309.688816124 226 89
1213016.783710971 499 89
1213518.534364195 500 107
1214867.923225001 435 92
1215425.403067576 126 108
1215785.916502627 399 105
1215894.289802564 262 103
1216071.032398801 82 90
1217805.341115971 498 106
1219655.190223308 101 113
1220304.754214209 107 111
1222271.069148172 197 110
1224578.224285561 232 109
1225289.128493440 180 87
1226040.288312389 340 98
1226966.553021185 366 89
1228027.352783381 490 104
1228272.425268779 204 87
1228576.595075462 328 111
1228872.288671847 312 92
1228994.039761700 319 84
1229689.864957498 483 84
1230487.444908939 203 107
1230658.173367086 86 99
1231447.030746491 182 108
1233680.367034415 263 98
1234608.845776014 79 104
1235764.439428139 346 96
1235889.125888599 192 115
1236217.331006937 318 106
1237247.833134120 296 82
1237422.490030244 143 89
1240620.151613544 420 96
1241459.996867386 374 91
1244130.862971384 88 116
1246332.515381950 392 113
1246527.901868115 266 84
1247341.671070700 119 83
1247485.676601300 66 95
1248039.504377687 445 118
1248595.481047004 243 84
1248714.603181927 226 107
1251138.436995887 271 105
1251193.070776852 299 110
1251923.779427579 423 93
1252106.730999147 417 118
1253530.397555180 161 113
1254324.643265350 388 89
1254697.562996323 492 94
