7 8.407259527 23.053773377 0.195472229 157395 29
33344.402644489 303.663899123 0.039870202 0.007275584 323.211326290 0.500000000 0.500000000
12
1 0.202408869 2.991649901 0.288083067 0.943150652 4.293923696 1.214028922
2 0.364842174 5.983299802 0.519269995 1.465475829 6.671936637 -1.000000000
4 0.657628355 11.966599604 0.935984646 2.277069312 10.366914190 2.931056664
8 1.185375719 23.933199208 1.687113190 3.538130448 16.108203010 4.554301782
16 -1.000000000 -1.000000000 3.041023085 5.497578400 25.029068385 7.076514412
32 3.851297073 95.732796832 5.481446925 8.542185969 38.890387950 10.995550717
64 6.941966538 191.465593663 9.880313154 13.272924152 60.428228954 17.084984008
128 12.512901108 382.931187326 17.809273601 20.623587005 -1.000000000 26.546799344
256 22.554515824 -1.000000000 32.101232143 32.045111995 145.893198994 41.248651745
512 40.654535641 -1.000000000 57.862500639 49.791978598 226.690143668 -1.000000000
2048 -1.000000000 6126.898997217 187.995819214 120.213866394 547.302987566 154.739977524
4096 238.086896428 10000.000000000 338.862638070 186.789369428 850.404225399 240.436346436
1654
0.000000000 136 82
3154.630543843 218 115
3260.114825833 180 104
3417.769100159 267 98
3523.253333374 70 120
3525.393657978 167 89
4730.015220248 164 117
5538.231659009 114 109
5978.445031373 411 81
6428.976799029 185 112
6774.481014895 310 111
8025.415261067 345 111
8945.368134704 279 113
9199.472845060 406 87
9375.736083078 322 111
10032.115681058 365 107
10141.979646133 230 95
10278.497856496 465 88
11399.928948844 311 92
12308.633782997 283 110
12903.629840479 420 80
15949.250190201 104 96
16397.372174484 69 111
18284.688553880 405 80
18954.616840095 273 93
19774.846491601 435 110
21804.960196457 113 81
22367.997055232 89 108
22588.231524946 497 97
22738.975257913 410 99
22942.467038418 425 100
23110.356428608 184 105
23542.125663839 173 99
24283.622938214 188 106
25346.544836718 354 117
26381.571778715 235 93
26658.808969519 249 118
27229.511065307 186 119
28218.858821626 175 111
29028.571141789 230 95
29089.471470355 238 115
29155.614345144 182 107
29605.842898015 300 90
30375.562536238 475 93
31254.440937456 451 120
31829.139742085 83 118
32863.241249860 83 115
34391.976234136 265 93
36283.636464662 447 107
36331.847160320 283 88
37340.500192717 373 102
37468.663423372 191 117
37834.753869880 345 119
38277.839749239 505 107
38839.474801937 373 100
39137.247042323 140 105
39481.994299800 249 113
40681.747139764 131 83
40971.586120157 511 102
41655.881745354 177 102
42575.887943768 170 113
43223.684028759 161 111
43326.241894247 157 95
44554.422526795 444 118
44620.970703769 98 108
45645.958420742 322 99
45684.272749407 285 107
47689.479937375 483 108
47770.733946788 169 93
52043.521928099 235 106
52093.625159961 163 80
52878.760217071 329 93
54491.899649405 415 110
55292.789228475 209 106
56747.915213096 78 81
57243.238692942 243 91
57752.859207824 468 97
59283.101857317 421 84
59734.607618941 132 111
60329.908773673 306 103
62371.641927785 75 98
62478.880618378 181 89
62596.691380762 187 105
64866.232948402 127 105
66173.609511899 143 116
66482.310146220 330 94
66904.644400087 412 114
67035.729016780 410 101
67344.688880369 67 119
68439.095600514 201 86
68710.259056286 323 96
69006.760853139 181 117
69071.892920870 391 115
69788.957935555 216 88
69802.592130947 203 114
70379.776622904 245 114
71494.715238434 227 112
72711.208629292 221 107
74654.804196247 490 96
74834.922089860 338 119
75088.166559732 450 92
75205.292708686 359 99
76092.270918589 236 101
76850.476667400 396 107
80141.432605051 99 114
80602.171803060 186 110
81623.684145179 365 92
82610.133804518 324 117
83100.452164187 418 99
83110.091325436 289 120
84047.795282992 147 115
84650.304059347 65 90
85436.722676069 278 103
86468.512020908 204 104
86655.243495620 188 97
87202.992195249 482 89
87279.185918723 281 88
92695.176562328 383 92
93957.367684296 225 96
94162.363446182 317 82
94613.555767460 195 100
94625.526596054 415 91
94760.060153893 272 102
94930.036332276 240 85
95421.321495419 486 92
95658.332538680 445 106
95938.077869396 264 106
96550.240345298 165 91
96585.990919814 313 118
97117.765031480 146 94
97395.935589023 319 106
97503.435298504 190 83
99141.172904354 311 110
99662.186888627 121 88
99876.372293392 454 86
101095.516124480 283 93
101188.398303037 250 116
101320.126037811 350 117
103095.642773348 320 84
104428.282472695 429 82
104655.967939978 64 97
104700.911460158 179 102
105082.087343601 100 82
106358.290917266 155 106
108322.080748071 202 91
110135.657680836 222 107
110829.010758346 177 110
111705.544525851 79 95
112081.951725794 437 94
112216.683904190 89 95
112850.373602936 108 99
113094.703736487 185 88
113608.753815915 262 118
115135.275814214 505 120
115373.265272261 498 80
115494.731265041 322 105
115545.683589042 275 118
116998.098838921 124 95
117417.739126509 363 103
117753.788857897 304 104
118909.339740488 503 83
119657.672937504 488 84
120656.831584073 83 89
120929.346717812 458 120
121874.120981316 107 108
121881.061424369 338 107
122178.739383478 230 93
123049.258169849 304 83
125295.809722663 220 85
126558.646163199 97 117
126852.079961503 420 103
127796.472478275 499 114
128113.118293535 440 101
128772.464537916 447 100
129741.519694368 357 112
129868.485054361 204 93
130261.350579806 149 112
130397.252446509 399 99
130755.474452807 470 116
131059.265975389 192 87
131662.423919754 121 96
131737.649875611 162 93
131938.595678898 320 99
132531.971366514 329 108
132669.265181032 270 93
133144.049061096 261 87
133505.909195332 470 95
134275.158243133 508 93
134350.357648076 508 98
135161.697349893 439 90
135590.370146973 245 84
135607.168648456 436 104
135796.603328610 271 101
136149.268900922 179 85
136404.317817125 199 97
137175.399070083 439 82
139526.278699778 308 109
142064.240209098 500 108
142265.009714319 119 105
142478.526242326 498 87
142792.831761907 85 113
143519.712285952 106 87
143547.969847933 334 84
144175.939582896 391 105
144228.557474652 300 117
144387.674935316 74 113
144423.081897686 507 105
145681.788824554 90 112
146063.270795099 75 95
146296.258545950 235 97
146364.714801150 166 93
146553.386934985 498 86
147206.165202204 302 87
148094.018524369 472 120
148878.267571454 474 84
149517.725205768 317 80
149711.169029806 341 105
150584.282814400 192 102
151675.282491149 313 83
152257.631135241 512 82
152521.298133133 369 115
152681.843211397 105 120
153227.108572173 421 80
153521.157240669 430 115
153745.385792485 187 110
156158.251754898 470 113
157322.026301669 495 96
157471.374903584 103 101
158322.674224077 404 99
158390.225967586 107 108
158531.323863278 83 117
158811.595305133 265 118
159697.155303880 216 85
160587.318622037 512 82
160610.322878914 238 99
160771.328385425 376 97
161006.296941463 148 120
162127.079604437 486 104
162647.891356396 359 107
163417.028964224 453 105
167169.204353307 117 85
167172.942387515 415 104
168423.028405544 269 89
169075.640626442 286 83
169084.154221272 319 117
170372.245923276 494 102
171682.728179992 438 110
172623.688555198 276 89
172986.948474745 287 114
173133.348144548 236 90
173221.376691556 405 109
173518.764273530 198 111
174064.686937217 455 95
174984.289862471 397 102
176370.392195154 191 113
176388.722827452 437 85
176645.279577862 453 84
178796.060853356 196 117
179554.625642088 91 93
179995.767982694 97 89
180648.653184084 325 107
181665.015210631 336 84
182176.637284601 282 87
182208.226610774 427 120
182433.645886064 111 110
184284.887006867 107 106
184758.267216872 406 95
185312.544113190 248 91
185721.880088257 156 112
187744.885166559 261 102
188094.593966213 156 102
188142.241047054 498 81
189216.794193381 352 83
190301.464482490 110 80
191185.474579646 96 93
191800.546040302 470 95
191945.012399453 157 102
192825.928423871 237 101
194952.257752940 452 91
196903.459813443 129 115
197005.047194315 285 89
197179.315113214 494 88
200719.335002180 473 105
200942.755936598 192 99
201235.702350587 160 83
201349.062405496 305 119
201853.998259104 458 114
201905.760338714 217 92
201972.337749508 386 112
202418.250125404 457 116
203063.792092259 188 83
203789.932853478 269 120
204472.548696230 386 98
205586.778396442 354 105
207631.536110122 154 107
208946.093404248 466 89
209021.455224235 492 82
209836.255993525 166 94
210244.528212096 311 101
210313.162935777 103 103
211487.604616084 71 102
211861.744950699 423 106
211987.374122511 444 87
215083.706534462 374 100
215256.076755306 142 115
215294.822123920 255 103
215595.786723058 127 116
215975.609246613 368 89
216458.235385451 296 93
216604.512644582 398 91
217186.027387812 111 86
217196.304526260 259 103
217388.409573816 488 91
217498.572224646 157 109
218183.165214501 452 105
219136.313839307 170 83
219825.683194466 261 84
219983.874659544 222 99
221804.731045158 399 81
222417.939457740 127 116
222878.846851345 198 116
223318.340962050 428 117
224577.154759062 117 111
225634.097453238 235 96
226741.162857072 181 86
226845.523863602 216 118
227279.239200088 359 87
227302.903413678 334 98
227689.415431589 407 108
228317.537687897 220 94
230347.545667845 409 117
231102.577557319 305 101
231770.146987367 301 114
231857.685219550 340 118
231928.114984529 498 108
231953.248504132 402 102
232269.264962493 467 104
232395.361662985 165 100
235602.647580403 188 106
236339.273301926 182 120
236422.611572479 125 89
238509.468239013 211 92
239477.151820665 455 86
239698.231661121 436 93
240285.413620608 108 91
241052.122828674 256 91
241263.409863482 424 115
241619.626348950 65 114
241837.173883187 80 96
242755.700892929 301 92
243645.777827515 209 85
244113.612391727 186 112
244372.806295017 220 96
245705.181410429 68 103
246499.700059467 415 85
246899.006831104 438 115
247874.347874219 145 105
248426.602306603 220 109
249596.889112515 338 87
250142.177119571 315 93
250503.032370706 503 91
251743.252939738 335 97
253953.019841841 66 87
254311.046713701 279 93
256504.721940631 401 117
258172.935938308 506 112
259160.097327707 374 109
260880.640930854 65 110
261256.404058710 67 111
261379.387914244 382 91
262542.720785452 336 100
263104.533516245 249 81
264062.046843715 175 101
264649.633455257 182 101
265527.637187207 431 86
266017.203523431 145 103
267281.180898299 359 110
267561.419680412 197 114
268712.100283915 127 97
269747.953624428 164 112
270253.625588459 131 87
270922.111450423 484 117
272609.824028912 412 94
273669.614245658 166 113
275417.358052175 399 106
275565.038505045 238 91
276763.921590548 302 101
276960.274145874 306 97
277957.137925189 263 112
278292.650941426 268 100
279067.838031887 144 120
279256.158310938 132 94
279385.359728626 257 116
279949.165962055 160 107
280577.105615207 316 120
280818.005333861 193 83
281492.420487910 442 102
281777.126228846 476 112
281836.961821549 119 104
281995.844333689 203 111
284724.978574381 218 100
284786.320374646 193 115
284790.014092247 392 99
284957.500474327 99 104
285875.608000773 311 105
286468.479848918 232 90
286850.623504543 141 83
287439.598272823 506 100
287767.723878870 481 103
288709.390235460 179 94
291174.799779220 407 86
292371.394440383 493 98
292637.586214196 178 89
292801.421776649 304 88
292954.316659753 380 97
294901.248197910 420 102
295084.260539658 75 88
295855.649767787 337 96
296653.084236058 233 109
296920.903097861 454 85
297671.584056069 377 115
299168.582752132 509 88
299715.724476493 105 96
300909.725612522 451 109
301273.526195827 80 120
302363.320934684 440 100
302560.626858501 240 119
302576.582471978 460 91
303143.940429662 232 114
303211.642691332 127 93
303278.127064215 115 90
303688.888378372 228 99
303848.130337470 441 100
304302.149723665 438 86
305016.954244272 146 108
306891.909265561 456 119
306908.812244287 499 81
308013.018839576 207 108
308602.722651946 126 113
309173.292351762 177 108
310278.840134562 165 109
310348.566694709 166 119
310560.424486401 443 115
312395.027531119 108 87
312496.181998545 183 97
312706.865226973 261 112
312939.167343639 292 96
314104.949090890 424 112
316972.312821005 164 104
317099.737846576 460 86
317904.106292376 423 99
318599.091407376 134 97
319345.403631604 239 81
320025.905123953 328 98
320163.580278923 502 102
322320.939721978 144 100
322341.867430218 339 109
323187.979641552 178 120
323862.098839871 182 110
324249.790730396 401 113
325495.574841215 220 118
326859.178363402 192 93
329083.795682098 106 109
330346.928811916 191 109
330918.848822851 132 94
331438.412486571 109 110
332507.214983019 469 92
334690.358518362 214 112
335807.458586293 467 100
336003.799942497 459 103
337430.569276496 118 100
337463.730019368 136 87
338487.654672822 184 82
339020.355925964 494 113
339103.632349958 343 100
341241.760421833 140 102
342061.259084620 214 104
343571.748790178 457 108
343790.828606028 138 84
344314.980015208 293 90
344413.828089386 419 119
344725.323812728 106 111
345925.919888781 321 96
346059.309948776 392 105
346211.281793586 112 100
346843.242836495 220 87
347064.691509548 135 86
347516.122095571 506 114
349248.608166807 385 97
349291.579592277 429 89
351846.867792876 482 94
352356.716099734 170 86
352546.832517919 437 94
353196.093581331 491 111
353619.237340990 331 110
353669.621515521 366 101
354375.566250923 151 92
354465.357142741 423 112
354810.663219313 286 109
359586.191689053 103 93
360207.681500579 311 105
360314.382268563 263 117
360584.974841321 69 92
362755.591911794 468 113
363416.419886555 150 112
364753.106511926 73 104
364944.849578284 241 85
366430.468549441 297 93
366604.749636808 466 101
366999.277570767 440 86
367636.677374474 189 91
367667.121915196 215 107
368079.463980880 386 115
369054.261690988 336 99
369630.292013838 295 117
370399.368179203 83 110
372096.467374649 135 108
372342.436027487 478 83
373359.143023447 384 80
373610.987072416 411 88
374129.946225928 105 83
374166.072732196 498 112
374305.393365619 264 119
374557.887924092 119 88
374662.465723600 223 117
374705.493584431 222 107
374941.852085173 507 90
377386.958963625 206 84
377868.066111339 454 80
378498.633380472 141 109
379415.280848283 256 113
379793.855382070 374 80
380753.647684815 212 91
381250.877719772 266 85
381263.243419622 461 110
382370.684475958 344 93
382392.013419810 107 114
382970.351643231 422 108
383330.509906904 463 90
383395.718695706 357 120
384401.247823754 365 87
385020.076671876 214 84
386462.002868022 246 105
387631.747791126 263 109
388236.683760063 236 109
388887.275590603 317 80
389354.944952894 391 111
389699.626311462 447 116
389793.820717231 491 93
391181.296994525 282 117
391699.317989138 361 95
392159.301221241 66 100
392977.243879592 472 91
393423.225568244 498 96
394452.771689482 198 105
395197.670396912 197 99
396004.391281257 99 83
396506.030319039 358 107
397055.112291872 175 84
397183.581324693 107 95
399838.007051896 167 88
400001.268654661 162 103
401342.958911736 222 117
401377.363004560 319 82
402461.071581021 69 90
402837.111292931 403 82
402849.943773181 209 114
402868.575730212 236 90
403544.641231819 123 96
403695.510874888 329 104
404041.597274576 82 120
404277.610988365 355 109
404385.594023015 403 83
406229.411785644 249 87
407824.257376153 90 119
408428.781847305 436 100
408991.818496887 148 89
409669.925475878 132 107
409679.116442460 468 109
409931.301089626 289 94
410003.281141863 294 105
411315.893721714 397 105
411514.601731508 463 120
414798.470486650 325 81
414811.166022387 104 99
416877.703893247 101 117
417119.944542892 352 108
417964.453277838 176 112
418050.427594761 482 82
418492.321855921 488 102
419296.949409068 399 85
419763.130854344 208 108
420111.618393985 82 111
420205.004089757 510 80
420367.534001154 162 111
420629.189585373 460 89
420700.595465903 189 81
422992.272965573 292 98
423161.654541825 196 101
423177.076067773 374 80
424305.369465927 410 111
425488.139251925 286 80
425568.725423794 243 114
425987.021101417 469 88
426517.920912505 180 116
426700.043863575 352 96
427272.438998405 112 83
428065.326807123 278 82
428626.442359847 86 83
428840.784862574 213 114
429288.004537994 190 113
429363.949124413 430 102
430809.953485271 72 103
432104.121532754 293 94
432290.375728775 493 86
432838.982863401 291 113
433343.781296957 439 89
434339.308130829 245 86
434386.733997427 185 88
435279.067448972 335 112
435828.095196148 112 116
436734.120350379 257 88
438598.757037361 325 95
439594.655495679 301 107
439762.548164090 66 117
440143.158907606 214 101
440930.073815689 129 92
440946.202418957 199 101
441566.024481558 309 105
441841.876542322 247 92
441956.550376769 508 107
442726.186993313 436 116
443702.556822485 163 99
443822.875677619 82 88
444729.560507528 345 119
444859.385374646 402 110
444878.612285093 505 93
444971.979577798 174 112
445116.732430373 500 111
445712.473745013 98 104
446083.445170500 454 82
446097.272933003 427 83
446608.998514410 170 111
447569.686173204 372 99
447641.091407470 395 96
447793.239677678 166 91
448209.946650436 228 91
448694.654660203 317 108
450429.118975054 108 115
450598.032537306 99 87
451677.967383315 458 95
452306.622007036 138 115
454017.884357294 311 103
454730.845353898 305 116
455024.713499505 421 113
455125.974797240 124 87
455638.056243562 129 117
456366.304671244 417 99
456848.239394487 72 116
457005.290965222 288 110
457277.843504615 381 106
458018.104332889 339 118
458224.593784335 250 96
458677.718722706 169 89
458842.241786343 489 80
459624.167814423 187 104
460168.407347336 352 120
460819.340795957 460 102
461800.668756994 387 112
462544.947718580 266 116
463258.190301185 499 110
463795.053086312 480 112
466116.286887818 501 103
466999.206435527 93 88
467162.186576735 498 104
467680.315930735 468 100
468197.302158316 398 106
468791.709343852 498 114
468903.945832413 322 111
470209.691352273 451 82
470539.616273667 259 106
470943.433678878 119 99
472542.587890664 482 108
473071.161700878 454 102
473236.387887151 201 112
473652.011079301 272 104
474382.291386427 69 116
474601.678943670 255 89
476240.196012391 408 103
476352.430523015 457 94
476446.643759651 131 102
476520.604144929 105 88
477958.015022167 172 98
479017.458307380 151 80
479100.563125442 298 84
479393.288810434 148 88
481691.583745886 194 104
482895.973381625 370 83
482990.681204761 201 109
483040.486657759 69 104
483453.165869161 458 104
484562.695096052 267 119
484641.538195841 375 115
484808.155721603 372 106
484910.279029091 504 92
484919.234416174 436 102
485165.383609650 66 120
486405.456848987 465 101
486487.265942670 117 87
487190.311066261 214 118
487507.407978515 384 103
487773.065415902 280 103
490207.475258443 404 100
492249.434660254 278 84
493009.236939263 390 96
494283.774728351 183 93
494989.335803800 402 81
497594.403619408 130 113
497742.576410414 196 105
497941.921082968 168 115
501970.476855660 494 83
503389.250546759 319 107
504029.485619940 368 101
504064.818775389 389 116
505270.932135845 248 105
505314.878074409 108 95
505798.895143668 374 84
506214.492470402 290 117
506375.639614870 337 109
509059.825422972 170 117
509270.480252698 450 103
510296.321606672 509 106
510764.520216354 367 110
510805.890249369 228 119
511164.455048871 297 103
512782.336124436 497 83
513031.859766932 180 115
513072.702115347 157 90
513200.163239122 442 94
513207.873098211 406 93
513232.606713832 352 83
513909.265123666 118 116
514166.269957526 90 108
514650.539040145 348 92
515871.688139799 153 96
516691.439234922 460 107
517925.222474168 189 112
518659.030338193 292 97
522014.535109493 261 107
523079.123939260 390 81
523114.796414396 75 116
523149.968986502 330 90
524108.395905021 98 87
524440.461381840 460 104
525147.572885947 147 97
525347.009820022 329 94
525642.562934112 244 103
525932.413257384 466 98
525946.214221936 407 81
526221.851550773 247 111
527145.985621991 266 105
528434.275577221 357 82
528935.454916286 266 86
529031.549854937 400 83
529504.503513790 317 103
529652.841314584 126 101
529980.046396563 286 88
530178.650208747 373 96
530193.306412018 219 87
531094.803570614 138 94
531119.174509677 94 113
532406.775491938 349 113
532716.526229514 281 117
532938.393638101 405 114
533025.583125317 388 104
534650.247199814 358 118
534820.128445388 138 119
534928.447284321 272 81
537946.709739468 111 82
539260.735640336 281 102
540693.562406534 245 101
540759.691135398 234 117
541443.991433138 376 89
541949.846323855 202 115
543168.231303023 427 89
544134.398317121 211 112
544857.263166498 216 85
544952.861646344 165 88
546670.361534289 376 106
547228.381174250 281 101
547799.554044298 313 87
548047.811581044 497 107
549108.639461450 489 99
549987.223568009 140 84
550561.461008015 493 104
551769.730538056 335 91
552572.173523793 328 81
552785.987545653 355 82
552906.200159021 489 106
553861.490065487 296 84
554429.412898901 337 90
555442.970346710 470 81
555963.467430616 89 86
556159.258999805 356 81
556228.222787341 168 113
557129.062479574 238 113
557856.048641232 373 87
558023.260944683 305 85
558111.858660018 68 88
558378.836616629 133 113
558537.853729567 459 102
559341.918906854 106 103
559616.715186630 299 106
561229.819881652 86 106
561919.041103606 362 111
562556.944461410 484 103
562813.138189672 196 113
564619.324053502 486 87
564856.302887984 385 104
567589.937183178 69 114
568058.901990381 255 110
568347.439099532 145 86
568555.705133220 76 111
569259.418359840 433 116
569479.372686715 189 102
569616.567758845 366 105
571276.512029637 358 102
571868.035214973 464 88
572132.909666863 287 83
572374.206132988 299 118
572917.253944525 505 96
573339.995740735 256 117
573504.497105109 77 108
575079.012865992 269 105
576366.091581085 485 117
576833.792569988 222 109
576892.788779130 73 89
577457.130424788 135 110
577902.149377016 506 113
578055.595682423 115 115
578072.006119701 193 116
579083.631324833 108 112
579880.963934589 473 104
580632.673668908 312 103
581598.251829708 410 93
582191.972687677 287 111
582981.833179313 171 92
583176.911888290 102 110
583178.428295011 252 99
583242.822151177 201 104
584056.973777792 295 88
584661.285745574 92 84
585703.374279875 492 115
585949.322436490 256 90
586213.754314909 274 91
586260.616958510 271 103
587100.604482659 485 111
587260.296311406 108 120
588588.667991525 237 113
589024.914604353 352 116
589125.743298550 383 111
589814.469093432 505 109
590135.387641227 329 105
590449.935540662 84 114
591229.067233608 400 93
592806.505676259 146 82
594828.048588937 302 87
595369.523406441 469 107
595929.334328543 136 119
596349.910843915 453 119
596417.172295174 396 119
597764.123442404 488 95
598187.174873998 493 113
598597.520837532 101 96
598630.903580113 293 93
599730.116590083 435 113
599826.950879765 129 84
600329.347744815 259 95
601762.439555802 229 118
605253.025304470 314 94
606578.571443359 343 114
606947.615701892 478 117
607243.070184748 113 82
607391.579704971 451 93
607895.046084851 202 101
608377.010684729 288 102
608382.851083849 346 88
609360.129725045 206 89
609864.315367258 307 117
609873.381861006 201 82
609914.590224587 370 103
610181.130349865 260 97
610265.705054852 298 90
610539.073011301 213 120
610688.396096457 459 81
611054.166045515 484 110
611161.794594232 310 105
611330.305418149 202 89
612540.241237333 105 81
612868.088438290 148 91
612939.136929134 73 95
613163.688828034 378 95
613241.844077055 210 101
615225.876454182 371 108
616023.259725071 303 112
616823.306910504 108 104
617877.850174740 392 109
619104.651843278 348 92
621831.471377159 252 96
621838.475529780 319 81
624340.523546767 438 115
624472.619488647 430 97
624901.662550655 281 118
625401.571468833 433 115
625462.056953112 289 95
626235.331017412 97 102
626387.150680757 92 108
626536.496139940 494 114
626725.561520964 382 97
626785.966245801 99 113
627006.752435540 75 103
627183.392083177 252 101
627275.505586052 433 89
627740.426519514 388 102
628731.728272490 333 113
629345.253643605 381 94
629430.835000352 376 118
629707.075950610 269 110
630690.828766032 443 85
630746.034103693 109 108
631155.475627842 241 80
631832.746465825 281 86
632101.578754722 385 92
633230.447171976 338 119
633615.391932812 295 81
634575.131826230 318 88
635061.594115040 465 82
635798.068079955 277 105
636529.968500147 242 90
636823.324606503 266 86
636881.347244411 150 102
637357.439203064 429 120
638659.471499649 163 111
638716.663006029 190 114
638810.619206498 145 119
639463.128359386 507 103
639465.597413570 442 91
639947.929304454 284 82
640625.820334963 296 112
640794.497788017 93 98
641051.788873402 126 87
641131.126836580 301 89
641522.969763350 206 104
642742.051235653 382 105
642837.874318562 476 115
643161.827596023 502 110
643821.929629671 322 108
643830.924553519 337 117
647451.571416382 471 108
647874.786106714 246 87
648165.739730047 290 104
648573.027783767 214 99
649370.773326321 423 109
649416.182664798 181 92
649754.325783184 437 90
650060.478492297 151 105
650174.556127337 375 104
650692.468513979 404 85
650928.306756719 432 111
651569.787482946 452 85
651835.297491962 423 82
651853.841848041 282 116
653916.184209840 105 114
654136.261676705 269 101
655239.495061311 107 105
655465.129249972 375 89
655521.993836542 471 98
655726.883129334 104 108
656515.743193231 338 109
656708.426314814 266 103
656803.680570123 427 92
656874.489669548 88 82
658993.820530087 395 100
659459.388099265 383 92
659805.004431529 272 111
661394.286870598 226 108
662187.437662441 364 81
662587.204073742 96 116
662639.939593563 141 99
663189.054992882 278 98
664224.909946716 288 119
664373.004569776 205 115
665130.885904414 183 84
666408.375972873 139 112
667751.636411999 286 96
668083.048252934 413 117
668679.529088132 499 117
668770.262919608 78 112
668822.570244949 200 102
669366.062827655 134 92
669801.944747422 368 101
670672.377727348 458 115
670777.146305446 271 99
672615.217481833 210 91
673387.251828702 177 92
675236.551916036 166 101
675474.357903954 315 114
675635.177660611 333 99
676473.574218275 82 101
676822.816942610 471 101
680445.888821917 505 83
680648.961466885 204 116
680731.023634555 218 114
680824.384567742 175 117
680869.372219536 256 83
681039.693265566 494 81
681057.823884442 170 83
682669.248754517 508 95
682769.163589627 185 107
683324.740670680 509 87
687082.556722344 240 95
687719.211410628 78 92
688052.481660661 472 86
689523.655239852 148 116
689598.829125813 497 112
691715.822951369 280 89
692227.830339819 340 118
692399.498751024 122 109
693489.676681001 472 119
693629.774892624 242 117
694194.178348271 173 116
694746.333705784 158 94
694924.777043358 266 81
695298.749958927 114 86
696872.695565876 215 113
698411.817324565 199 91
699574.624435584 162 83
700111.459663405 69 118
700211.509071580 286 80
700253.930864705 431 96
701140.193359300 140 93
702409.538968531 79 105
702412.862087193 414 90
703569.118519187 377 111
703621.514133386 334 80
704482.478776067 223 87
706286.266347195 450 93
706716.530971129 305 88
706835.602114101 216 101
707249.473907153 457 83
707779.794624217 297 118
708877.510094297 344 93
708916.701916661 344 106
710151.383242346 359 82
710487.413823515 450 107
710827.734496092 284 109
710870.454947851 162 86
711096.478074433 451 80
711482.015603508 428 82
711637.986112642 160 105
712170.434266558 147 104
715226.182393999 268 108
715676.839043585 400 82
716676.417512565 233 88
717211.180393762 68 87
717810.657621798 407 104
719198.836476293 478 81
719723.622183162 116 105
720744.014389542 377 90
721033.074762923 172 101
721105.015794797 295 117
721657.294623054 483 107
722002.597031411 331 116
724981.416235392 466 83
726725.213602195 235 80
727012.546495096 477 112
727226.526551430 334 115
727630.263365225 392 111
727871.973434050 275 90
728639.958454863 370 83
729455.593146585 263 92
729527.141056992 375 98
730009.047283494 66 84
731251.508678586 68 112
732026.952990567 300 89
732768.019231295 194 108
735551.171723350 116 106
735970.439922153 173 106
736770.916660215 311 80
736947.567755456 153 94
737218.704085225 428 80
737363.354136032 242 105
737688.216290668 291 80
737692.797116258 495 113
738185.827685753 436 114
738447.030506614 119 108
738503.996993705 475 116
738889.847620338 382 116
739223.949860456 290 119
739327.056451779 166 85
740010.898542718 254 108
740123.992635421 406 84
741092.745809790 480 80
741673.690351712 118 89
742305.009538613 179 120
742525.059091607 496 113
742920.032835668 434 117
743579.438066332 244 89
743657.010413059 501 89
746298.760312948 408 100
747985.459670527 480 96
749150.201661893 161 91
750332.017195137 110 103
750642.496652430 418 94
750728.651459839 95 86
751451.097280749 195 117
751940.148266391 86 85
752118.706347964 179 87
752482.942990097 393 119
753031.904247909 124 86
757452.938832983 90 88
757899.453328640 407 117
757924.527614460 375 84
758766.103155877 95 116
759453.395733794 355 120
760494.023978456 323 102
761345.383826257 319 92
762490.563294381 250 102
762497.492470710 436 101
762606.577271176 376 81
762733.134449964 260 80
763886.335463072 161 117
764263.236802119 462 91
767131.688768178 222 108
767479.690591380 275 115
768108.630831330 113 115
769949.631135323 263 86
771131.554385800 327 110
771153.872940374 172 84
771390.927140448 66 81
772475.479813774 213 104
772655.642878355 206 92
774177.541491452 499 101
774698.789114586 113 92
775013.302446589 496 107
775207.632209881 245 96
775385.635280341 244 102
775666.674763130 172 105
775944.933586104 87 106
776244.348755041 453 116
777518.846632074 322 88
777692.283988494 350 96
777980.940111114 203 113
779243.405364529 162 86
779425.788751905 169 90
780306.320548790 168 116
780554.146261439 64 86
780673.995972080 417 119
781665.595676028 75 103
782503.353601009 138 82
783594.373259961 119 85
784583.621726337 292 120
785515.026652245 71 89
785564.576334815 260 83
786029.711973793 322 118
786720.878261125 68 80
787533.899900427 236 88
789098.186365660 233 113
789327.656065354 421 88
790268.526702303 486 97
791320.969233264 376 120
792659.845094413 185 119
793963.315209550 136 114
794049.851750360 230 113
794089.204601908 360 112
794981.815739713 115 97
795141.228898233 368 111
795661.826961948 64 117
795733.421253510 64 89
795921.691829982 138 84
795966.770090325 484 103
796049.027345102 361 109
796140.252753421 507 97
796538.961476944 283 104
798704.871289364 506 106
798839.546256347 123 115
799005.956176849 207 105
799232.872305629 482 88
799964.700038075 476 114
800293.265700356 145 87
800359.616181363 404 115
801484.024640608 238 95
805556.748321373 479 111
806370.419937486 91 80
806387.184370760 442 120
806504.175879840 387 115
806508.519486784 462 117
807081.509240844 334 101
807228.665384490 74 89
808860.431910888 64 109
810394.511316806 117 93
810766.342114133 467 82
811830.117358042 412 102
813111.536208501 448 91
813697.821867086 312 86
813710.931000266 262 99
814693.986536341 302 100
814852.034668668 396 82
815468.156837724 438 118
817525.150682865 128 110
817572.061286663 80 87
818049.748488424 161 85
818151.561441102 111 80
818557.679758924 191 90
819703.987437982 460 113
819891.535907407 128 90
820425.687947817 492 106
822188.238139481 111 107
823500.892574926 356 111
823664.842239316 167 84
823978.840236738 457 100
824523.463910242 378 85
824765.313006386 211 107
824814.693491742 230 81
826078.951620807 74 81
826166.878315994 410 93
827053.916051263 168 109
829620.089883833 276 106
829956.743262729 440 80
830469.157241985 332 96
830817.789898574 481 116
831791.676956615 286 105
831918.214361314 479 96
831995.359109889 87 80
832947.886495069 173 94
832995.121529149 200 83
833258.644761996 233 96
834533.643921696 388 97
834643.177939832 272 80
835186.739186600 336 119
836413.141958819 412 116
839672.951206716 435 89
840667.292501487 482 117
842059.566104831 225 82
842194.087306650 435 98
842628.924596165 71 103
842884.216747115 109 90
844868.958153335 337 102
844872.673740057 321 98
845140.480181080 87 87
845477.530244798 319 108
846002.549056798 417 98
846293.379958567 149 86
846592.116334433 206 85
847000.076429502 178 90
848020.086062195 173 112
850407.977461205 384 84
851159.914620261 500 97
851256.140774913 323 118
851303.493025143 90 93
855473.236549031 398 98
855600.408902773 81 120
855869.984144641 107 87
855933.211321029 385 100
856152.903820094 371 110
856470.485500210 185 101
858078.687095181 210 86
859925.768462779 291 110
859971.825832864 215 83
859973.558054161 240 105
860718.643127948 332 103
860964.146692714 118 91
861362.208030984 325 96
861382.313093197 135 84
862193.088369921 208 116
862364.882161918 390 81
862496.336845602 499 94
863093.525143273 466 81
864258.574355952 398 84
865285.291143187 237 81
865703.212806023 307 89
868336.096170436 202 106
868436.590034906 298 95
868656.902693546 184 90
873949.896892268 380 88
874131.143664186 411 115
874853.425240334 109 94
875363.158449867 316 100
875405.687696311 160 87
875466.229455201 377 110
875603.667579859 266 82
876957.033389357 326 98
877380.315539553 335 98
878230.858320177 229 98
878252.408551412 371 88
878495.358937900 463 106
879039.973467325 224 105
879270.925135901 400 92
879602.403151362 203 97
880537.621695089 507 107
880611.239069745 506 88
880868.433009830 137 119
880940.207493630 324 105
881445.955136413 185 119
882398.116334107 95 106
883226.068852215 170 103
883232.311865622 178 99
883757.347754470 359 95
883783.418681724 223 83
884570.043711355 252 120
884722.272592949 232 104
885031.104584430 500 93
885207.737527055 334 99
885510.220740061 103 86
886097.570006810 344 103
886552.877568397 132 95
886625.225528499 403 99
886911.172846125 79 119
887387.169069846 402 88
887865.193245356 206 91
888116.493153695 126 120
888427.057500816 449 82
890731.911811984 250 83
893202.996083663 300 84
893336.022680532 124 115
893547.050275557 136 120
893955.915231250 262 91
895470.710467637 77 98
895780.838479377 183 116
895808.800803841 262 101
896478.408361728 491 104
896762.551367945 416 91
897999.284391794 384 93
898631.971091044 481 96
898916.607837205 230 108
900449.352922884 305 109
900549.898028774 412 110
901335.451880294 336 92
902727.823805837 92 108
903112.880907829 396 94
903240.821383080 65 96
903244.688193408 308 102
903585.580442246 122 92
903882.310663512 81 84
904065.315189943 383 113
904249.692016449 283 109
905071.502114241 404 84
905357.122690646 480 112
905759.163928511 91 108
906061.979794988 320 85
907647.735122863 273 106
908698.104868117 329 116
910821.833061311 366 96
912512.170584670 492 106
912773.941667273 334 108
914817.268795420 451 110
916938.837119479 65 102
917483.407522358 227 104
919188.514735978 192 98
919943.302083607 509 84
920217.020822146 124 96
921389.092756272 199 114
923652.444342277 253 82
924513.934353066 496 85
925476.048099633 500 117
925800.364763004 468 92
926098.908674364 81 98
926773.228525187 144 91
927925.838028828 113 83
928447.908280429 85 82
930891.870984409 376 111
931521.413111901 183 86
931703.621607890 258 82
931761.300632314 423 102
932153.735830559 79 115
932154.662898977 457 96
932785.031493575 346 94
933441.373698044 360 106
933783.553337217 377 81
934170.759726653 445 84
934297.368920945 295 95
934884.132903913 387 89
935109.210271118 107 92
936914.707072123 370 115
937178.107006917 205 101
937362.921799023 260 94
938004.622815136 193 113
938298.981769623 426 104
938656.109208450 386 95
939553.397206207 134 99
940047.312960217 496 100
940629.127194726 223 111
941382.925200755 361 81
941821.201754811 462 100
943669.017963481 121 96
944837.913330172 210 94
945428.294575054 375 107
946485.165669908 472 109
946661.741541539 455 95
946894.442798066 346 100
947154.187495547 338 108
947576.957614807 423 114
947662.456646861 136 90
947749.295367206 275 82
947878.424606192 263 100
948509.638406692 482 116
948731.390950546 362 98
948990.595093851 463 90
949858.397944760 477 88
950445.592488103 216 117
951175.931457526 147 103
951712.812035473 257 83
952078.218487817 184 89
952196.191302602 492 86
952626.760516581 359 113
953960.735638899 381 99
953997.126513435 231 97
954119.660369755 407 94
954171.761249927 433 86
954728.402649254 253 86
954956.393875406 199 80
955266.612616003 181 81
955977.283146554 217 106
956364.173474402 377 120
956419.325892217 190 119
956585.179532959 438 109
956718.630854454 121 83
956993.648102871 497 94
957000.484280584 406 89
959114.826419818 387 118
959135.214668847 161 88
959837.374673499 497 114
959890.053230583 105 102
961557.274857253 458 83
961824.432661030 387 106
962508.138982470 409 111
962674.076304223 92 102
963872.855785210 423 87
964265.955804849 326 118
966267.013750384 233 103
966329.637334692 371 100
966490.010999963 432 102
966635.908231020 500 102
966696.026405073 141 95
966734.843394869 64 84
968643.746118918 155 87
969223.349593005 306 97
969740.895218630 373 89
970012.075598828 255 95
970499.565268580 434 115
970916.195486425 109 117
970981.033106370 235 95
974968.741064981 506 101
975178.368545549 188 108
975382.553805317 296 94
975559.643366269 492 109
976367.771692509 420 92
976557.692503937 421 83
977561.892228481 76 99
978169.376376610 200 91
978428.353682448 344 91
978571.575100989 129 81
978895.073528669 268 94
978944.337068603 364 118
981870.395491744 346 96
983349.463813351 478 80
983652.189800259 244 99
984038.018458240 402 104
984476.805845702 120 90
985062.297258670 147 82
987515.602188511 117 91
988791.346051884 232 97
988834.680339891 214 114
989200.727915357 461 91
990514.669180705 470 104
990833.841143507 83 83
991434.659407727 480 86
991718.160641170 100 89
992586.158509625 327 82
994454.390764885 277 98
994893.288155091 208 116
995271.637585529 164 81
995497.559645852 228 86
995534.070412975 91 100
996319.212008374 479 94
997519.442786795 196 107
998744.931738641 333 103
1001326.396302527 336 91
1001636.076915826 427 111
1003173.803428865 175 106
1005311.463377975 242 86
1005664.792119685 288 93
1006097.829650781 123 103
1006213.022940459 229 91
1007132.489125895 90 107
1009515.943462241 128 115
1010430.157757132 484 95
1010658.636538954 137 108
1010850.868358272 137 85
1011688.104643601 503 112
1011736.555511230 401 100
1012299.053279764 231 97
1013085.541167791 278 112
1014090.310480590 108 91
1014117.454974655 226 103
1014181.237003640 109 114
1015727.467563799 502 114
1017572.392568802 266 101
1017691.043545432 121 108
1017825.923821857 102 106
1018979.579737066 141 90
1018985.009634200 370 80
1021357.779304517 506 90
1021361.778050375 234 93
1023761.141121342 305 102
1024942.065067756 311 99
1026910.139803569 481 87
1027501.179914817 178 85
1027828.923405746 460 84
1027911.948914159 470 86
1029621.862748725 209 82
1030074.573785122 488 113
1030224.810244101 245 114
1032281.895705537 454 103
1032929.876384951 244 99
1035351.696151803 508 90
1036714.462242930 156 95
1036928.211107777 341 92
1037906.104292180 459 81
1038212.104470473 100 117
1040459.598378487 156 102
1040882.520612949 427 104
1043495.776870993 270 92
1043538.201488506 457 110
1045518.195769034 295 90
1047304.551859409 102 117
1047372.933508181 244 114
1047570.537024913 511 114
1048269.038445802 476 106
1048691.803148863 152 95
1051534.691232609 388 96
1052142.104812357 105 88
1052379.143767830 407 91
1052829.565269366 188 103
1054001.218012048 78 109
1054126.040334515 495 103
1054164.739213354 276 92
1054388.724333439 405 86
1054592.353901253 418 104
1054890.003979866 283 83
1055323.113836793 182 98
1055418.078156054 349 94
1055676.278752155 431 88
1056794.194946180 419 80
1057691.142837557 137 107
1057738.459366707 509 84
1059436.948325455 401 101
1060296.719787652 340 97
1061253.557014043 134 110
1061394.171469007 295 109
1061430.280320612 452 90
1061480.904289901 110 104
1062556.565086773 227 115
1063164.379568147 499 86
1063783.391548377 375 111
1064065.420156749 205 80
1064411.333977535 458 83
1064985.805657994 411 93
1067704.493691919 111 108
1068421.600074379 299 110
1069459.563755885 468 106
1069592.915958005 394 108
1070445.293180335 308 112
1071137.889241964 503 98
1071874.350234504 192 96
1071904.073310233 279 92
1071997.904839542 413 90
1072844.273927567 189 118
1073595.344345683 111 110
1074572.444230234 222 118
1075710.446424477 90 105
1076811.244409223 78 108
1078795.521905492 418 114
1079659.563120614 264 106
1080377.181255840 89 107
1080702.290437038 98 119
1081501.155302951 366 114
1081902.331809937 110 114
1082046.300601167 287 109
1082767.519070532 89 110
1083340.560151665 184 105
1083561.115971659 73 101
1084174.478022538 100 97
1085460.197552284 321 113
1088121.982117047 276 100
1090259.860578160 396 96
1090495.307832480 177 118
1090545.178080566 230 89
1090743.312102888 393 101
1091347.084192441 347 96
1091707.390383961 467 95
1093150.139567632 195 113
1093708.470580185 70 120
1094152.035436320 505 80
1095389.325903654 355 110
1095567.487875632 271 85
1096100.417081370 234 111
1098141.627845794 501 104
1098223.899879086 418 91
1099549.068220494 415 111
1100010.931588962 139 80
1100864.760208100 235 108
1102401.590148080 219 91
1103270.952123957 214 103
1104026.065165180 255 110
1104180.624282592 453 102
1106024.002026524 160 111
1108285.928725578 215 94
1108770.871266565 155 101
1109396.375038337 91 85
1111481.366464627 68 118
1112302.913682878 384 83
1112915.147487124 313 86
1112987.017292572 78 91
1113356.323346734 364 115
1113358.484525327 386 88
1113428.292847339 130 118
1114431.400947100 344 118
1115624.741708514 72 120
1116757.447116632 418 105
1117003.377395908 169 104
1117373.902627802 503 113
1118862.453286392 459 109
1119565.258135416 463 101
1120377.042830384 328 113
1120649.369600913 473 111
1120756.401623885 330 100
1122132.065820370 85 116
1122230.614831050 270 116
1123067.854131043 224 87
1123334.330588318 151 86
1123533.534527044 347 120
1124622.570970014 511 92
1125260.047177339 414 115
1125370.815520512 236 89
1127613.842755120 322 84
1128255.118390397 76 80
1128297.700358800 462 90
1128545.929405556 403 90
1129508.134461929 417 83
1130061.429962542 345 82
1132020.796258626 324 100
1132379.584641123 166 93
1132488.733944887 199 80
