4 4.406537322 3.711182309 34.036899288 900208 25
2028.595327280 87.478545645 0.056776412 0.028107135 1315.087866529 1.000000000 0.000000000
12
1 0.123229072 2.790058197 0.247192058 0.654390086 1.827653527 1.989822417
2 0.222120517 5.580116393 0.445563913 1.063958877 2.971542868 -1.000000000
8 0.721671689 22.320465572 -1.000000000 2.812555520 7.855218353 8.552217003
16 1.300813887 44.640931144 2.609375008 -1.000000000 12.771631891 13.904867122
32 2.344718235 89.281862289 4.703400865 7.434938254 20.765123748 -1.000000000
64 4.226356788 178.563724577 8.477884412 12.088307446 33.761571577 -1.000000000
128 7.618012020 357.127449155 15.281394496 19.654121115 54.892218761 59.762841147
256 13.731473714 -1.000000000 27.544727717 -1.000000000 89.248087094 -1.000000000
512 -1.000000000 1428.509796620 49.649397196 51.955303946 145.106560268 157.981960037
1024 44.613689720 2857.019593239 89.493084382 84.473019969 235.925659792 256.859497517
2048 80.416216997 5714.039186478 161.311367399 137.342880529 383.586495645 417.622375677
4096 144.950305540 10000.000000000 290.763888985 223.302858580 623.665097602 679.003308626
1584
0.000000000 408 99
214.756852514 101 92
394.403630506 82 82
1050.005167341 325 98
1175.177221534 165 93
1307.202392484 366 89
1367.162072495 458 108
1388.522705431 465 119
1710.772341541 186 110
1726.442177251 280 111
2233.716098574 197 106
2330.127102028 391 86
2382.710319565 106 102
2460.144276853 384 110
3323.959231134 72 114
3417.374152543 285 90
3488.723643231 226 86
3626.506628158 336 100
3943.224546227 112 117
3955.123565765 330 113
4498.166543836 101 80
4586.352132114 219 107
4671.918759808 135 101
4686.629151579 132 107
4763.238702030 315 105
4777.005934094 328 111
5108.931274433 252 96
5877.841408010 137 114
5895.054500861 287 103
5898.381720413 330 83
5964.941503891 505 99
6000.523345873 271 81
6280.201236952 432 81
6317.649086429 299 88
6389.690726709 216 101
6656.004828366 154 109
6807.352443084 258 105
6848.670392094 249 97
7157.347241131 200 84
7190.692019703 462 91
7261.398458338 241 89
7274.950790919 261 117
7473.719023045 318 80
7521.011853068 109 105
7744.128910798 180 80
8069.025012140 347 87
8098.509246817 269 102
8284.060260526 83 99
8748.443306317 344 94
8793.155639261 161 80
8865.964632106 131 119
9086.311277966 297 107
9143.413280261 409 119
9165.292481800 312 100
9175.566534662 394 83
9398.010404635 105 82
9504.107763413 444 92
9557.134704936 347 100
9601.241063641 310 101
9650.351510540 235 102
9663.017988990 497 94
9701.289272991 328 85
10054.876082633 304 91
10193.389513801 455 119
10247.714842696 256 114
10263.291001803 256 90
10271.665403062 494 119
10424.195668975 477 104
10465.188245178 203 114
10520.813340583 296 94
10692.702503298 504 91
10801.279367435 67 87
10948.023892847 474 80
11305.781933138 364 108
11420.190494926 370 89
11499.492241414 407 118
11900.961466027 355 120
12042.264296967 105 99
12154.774189971 113 90
12496.451792222 68 107
12768.084941259 72 94
12779.828344558 379 115
13201.386239315 171 100
13269.829002674 495 101
13429.125346312 363 112
14335.000544849 145 112
14622.714289606 108 114
15050.255830575 225 95
15107.313575749 344 98
15114.947680849 430 120
15138.915609797 248 115
15482.101227773 65 119
15667.733769160 266 96
15914.096685226 300 106
15936.428052481 121 93
16159.879469592 289 105
16162.230533388 127 83
16166.533025406 456 112
16447.491780563 192 118
16501.131099717 106 107
16605.028241997 421 117
16998.397920960 304 100
17308.969728230 330 118
17411.183344327 161 108
17462.130481728 145 83
17465.626726449 116 113
17657.137132702 213 105
17661.034261804 177 107
17690.371019548 495 82
18030.958271805 430 88
18154.621873970 154 82
18271.371020115 488 91
18896.135954071 66 90
18910.109258757 101 100
19251.266577492 265 81
20069.677036756 139 85
20746.847312774 343 118
21535.174480505 503 103
21712.454296436 155 95
21914.511814020 296 120
21993.065133605 143 85
22296.539520231 135 109
22440.049347488 402 115
22607.946992442 221 94
22656.072955980 64 116
23206.308821800 354 92
23227.415199531 90 120
23282.543706156 137 104
23316.012388536 454 115
23387.964223395 474 107
23660.222474873 419 116
23840.107117542 345 98
24164.117289709 68 90
24174.900715616 106 85
24286.952987001 494 118
24951.621849200 256 98
25313.014600967 406 84
25399.446291877 92 105
25519.968985820 82 83
25530.034409676 359 97
25694.160746430 277 106
25718.783488605 265 93
25866.098832088 398 95
26025.908033047 458 88
26116.456185323 147 98
26404.772545588 455 110
26518.000155692 184 116
26575.151324582 260 91
26651.746751300 506 87
26673.080018759 156 82
26754.785387275 495 87
26890.333675717 409 90
27205.026348719 189 107
27238.034962340 158 94
27413.157809174 124 105
27511.112425124 468 119
28179.783442779 356 83
28242.247131489 505 81
28336.693092131 114 118
28785.271360712 190 118
28842.602484354 293 111
28929.265521196 457 91
28984.728468118 274 106
29259.169808282 356 84
29275.173333650 465 103
29438.565221580 475 114
29937.360920071 424 107
30014.494433721 472 91
30134.249542917 130 107
30330.000760856 176 84
30428.860090014 420 102
30665.337858307 450 106
30797.372442163 462 85
30821.517280497 424 85
30860.889660380 512 116
31022.371041496 434 85
31111.583465906 268 89
31355.055026883 445 120
31592.313935878 367 95
31698.379738912 148 91
31721.740304121 241 115
31955.484301286 115 117
31961.150254979 255 119
32433.978901329 504 97
32642.206437672 476 119
33850.561350959 499 119
33916.937771343 192 116
34054.510445590 367 86
34061.551565153 217 99
34160.503775178 430 115
34362.257835370 194 82
34423.028731693 66 101
34507.326696888 66 87
34539.059851119 414 80
34736.961431373 225 109
34912.236938544 281 110
35416.476510668 119 83
36063.357460940 203 118
36289.081933012 441 102
36298.134477773 224 102
36770.627945666 396 85
36948.358544082 299 100
37275.026218175 336 118
37945.197129743 318 109
38074.992252149 502 95
38131.164973650 438 94
38371.747590624 369 110
38571.207290047 390 103
38917.817432001 207 98
38945.656272439 503 104
39059.392559941 192 81
39061.874078938 462 103
39130.378321197 236 98
39427.455633690 500 82
39529.010536760 508 85
39698.364092793 511 84
39970.653410970 276 89
40565.972991381 69 87
41034.881632441 410 107
41035.577987795 411 106
41081.460684383 282 109
41518.548421677 404 116
41627.807652687 88 95
41639.831572197 432 105
41776.449162150 303 115
41834.219767505 481 90
41838.706947768 456 112
41991.395799064 75 87
42346.305421678 506 100
42703.303458975 192 90
42771.165866387 291 88
42814.192821071 229 85
42851.569189202 199 100
42872.518148178 410 85
43021.313877972 473 91
43177.275989467 153 117
43190.041372179 479 90
43253.235941977 198 120
43254.664001207 458 117
43384.137272947 257 86
43538.012164944 181 106
43917.454633597 377 85
44126.917129666 371 103
44142.387478289 88 93
44580.537863608 288 105
44747.653851598 393 109
44990.280901597 351 101
45759.321674786 396 94
46540.894641788 293 85
46573.904021672 428 95
46643.367980900 219 86
46804.749686291 466 111
46984.031241682 254 94
47050.145379843 312 102
47141.737338510 465 81
47412.801071148 279 87
47417.040581093 469 87
47727.377539575 194 101
47756.525361653 168 109
47797.676233358 378 80
47817.736529175 490 107
47936.465264914 424 100
47939.435549638 494 108
47944.417745761 266 80
48128.558023246 140 83
48456.670245616 369 100
48562.855020372 136 84
48570.504258482 298 80
48669.483336167 325 118
48779.339974034 455 83
48889.089036602 361 116
49024.724982195 85 85
49073.024572907 84 102
49094.010249661 195 90
49818.722962828 187 100
49845.432434721 337 95
50192.537234419 312 108
50254.229063302 368 109
50270.069705314 180 83
50312.853602189 152 115
50324.526810311 222 104
50451.835826996 144 95
50930.999116102 309 96
51285.047247148 82 102
51489.125280504 80 112
51837.741422213 506 82
52298.405205148 294 113
52343.153086680 126 117
52628.387662221 182 99
52759.582250350 346 89
53031.663372325 151 108
53166.992236408 97 104
53389.616613406 410 100
53689.793152464 420 98
54045.795418906 279 109
54058.886225558 262 91
54279.072254770 403 91
54339.818418036 99 108
54433.170312965 431 86
54509.066008566 429 96
54651.668308813 429 111
54741.173641916 223 108
54849.936395198 355 107
54921.805187127 393 115
55180.393784436 215 97
55372.129452274 289 113
55444.121289575 295 110
55455.470908040 173 119
55674.226118378 440 107
55793.941576057 418 85
56067.955544823 256 98
56117.839124550 64 109
56173.285073765 158 98
56389.733265670 501 105
56871.659201505 244 84
56999.071858771 70 95
57008.671614036 265 87
57356.761395781 125 89
57481.653443127 258 91
57622.811418869 190 104
57634.557003179 274 98
57840.701281228 310 85
57880.449848251 435 110
57963.233645270 124 86
58145.087884926 157 93
58503.105906527 447 86
59369.716459459 320 93
59509.914406766 64 99
59591.609682385 363 85
59881.740221914 364 81
60269.841246436 429 114
60305.427534736 66 110
60362.233973623 432 80
60457.725800673 481 81
60694.401616952 379 111
60783.843563543 406 111
60787.971031828 305 80
60968.465093021 252 111
61024.116638253 92 97
61431.102603489 387 110
61495.093526380 499 98
61683.672092073 332 110
61846.185825431 483 102
61847.026591477 75 105
62116.056652961 417 89
62167.680982844 300 91
62333.103531628 132 118
62356.007960988 311 115
62884.233551241 498 98
63053.641417794 243 81
63353.054857951 280 111
63582.468649646 206 101
63768.988836586 248 85
63989.792366484 64 105
64137.431425138 159 113
64187.829149655 496 103
64215.632374889 304 84
64332.938934954 372 100
64576.084006295 66 114
64899.196896303 114 92
65502.112733091 327 115
65704.280097380 509 93
65720.973082907 292 85
65940.653973863 82 108
66854.326258625 291 107
67225.468058554 364 92
67422.718656442 175 91
67431.649062018 355 85
67602.503067797 71 101
67762.735125045 451 91
67876.802333412 280 98
67888.483070079 170 110
68047.474110677 77 85
68223.814569014 505 93
68231.782347437 328 118
68259.589764317 460 80
68335.565225703 441 90
68524.554690849 486 109
68549.017956290 491 119
68711.030784077 461 108
68767.274253915 88 84
69087.757990888 469 94
69257.081737425 447 116
69490.048445186 492 102
69914.799346257 157 84
71176.298759812 237 116
71311.841886655 287 91
71660.075870719 472 101
71838.353599657 321 89
71851.010292854 425 118
71943.241483174 452 83
72293.330741086 425 109
72309.303137818 241 91
72311.725171244 378 84
72355.563899604 379 112
72679.439239813 492 111
72769.149535105 169 87
72911.711608169 414 112
73093.660384766 231 100
73661.292059692 487 96
73782.665553546 405 81
73811.440196033 75 120
74381.322613385 323 105
74396.370219713 457 113
74586.551887517 473 116
75376.423667322 315 84
75398.096183369 369 84
75429.916100699 124 87
75455.482476538 353 106
76141.911718997 188 116
76258.057587969 272 100
76305.054446835 338 112
76561.640846466 177 85
77054.370650907 182 108
77091.607548809 327 109
77383.515528378 451 97
77565.168625465 347 95
77673.351180418 162 81
77678.954456990 109 107
77994.778533473 259 88
78058.324393567 202 120
78507.716794092 382 81
78744.424265023 213 111
78877.216341725 70 113
79252.526852337 73 80
79403.036371703 150 85
79647.090296216 498 83
79667.170750575 136 82
79947.712535899 258 100
80090.534726320 303 83
80267.606332385 415 86
80366.573514873 328 118
80433.111038861 87 90
80508.005694708 362 119
80982.510606949 429 84
81000.595582042 227 105
81013.202439485 439 91
81015.206967342 471 112
81036.757068736 117 100
81194.558126348 494 118
81479.958927165 171 96
81787.431273494 492 103
82226.702442817 484 84
82661.207676271 235 88
82711.680731756 248 107
82788.383043795 400 102
83047.175682992 483 83
83198.551819774 275 106
83245.853063885 481 101
83475.025048485 88 91
83684.071609479 422 89
83781.157027213 482 82
84111.376334582 495 81
84317.704346315 479 97
84328.126877596 411 94
84765.987276655 280 98
85029.686761972 236 118
85358.357705263 449 89
85466.218968679 330 84
85616.339508501 476 88
85759.051667944 330 111
85932.085727793 244 83
85937.442965519 502 100
86010.778720069 200 88
86054.130823645 484 105
86055.778287560 459 96
86139.455966284 238 94
86355.962229448 461 108
86412.593649271 204 93
86440.648559825 493 80
86700.432760500 506 118
87005.687688977 351 93
87109.225429014 226 94
87129.957312431 168 117
87160.446805066 450 111
87445.066866046 378 102
87745.475306368 255 99
87806.145091591 210 108
87834.953274081 217 114
88146.840170387 436 80
88152.334775827 175 88
88275.487909608 370 117
88351.247620310 228 88
88401.269095651 104 91
88479.116577288 226 115
88499.711742363 241 96
88798.447229405 73 98
89074.890530151 157 81
89082.821184293 191 83
89346.558435324 259 97
89422.564270674 209 90
89428.271037160 132 80
89484.511553092 340 105
89582.865196564 288 86
89608.575197782 389 110
89639.677861316 164 117
89865.452961830 168 106
89925.810161385 460 97
90128.606361939 424 120
90133.438995153 458 115
90293.591324673 472 91
90362.626089449 429 113
90442.098854309 242 99
90446.668129049 381 91
90450.978368396 389 92
91338.525828047 367 101
91399.482068319 168 120
91655.513244960 293 104
91691.650865259 167 103
91935.935619053 176 89
92401.131093442 283 120
92795.770241524 250 117
93146.575443841 487 111
93194.050424614 274 86
93321.090247945 316 100
93343.492948672 137 115
93731.803806529 359 98
93805.265807608 241 91
93953.101486347 410 89
94049.768279961 75 82
94176.899637098 213 102
94196.476091829 191 99
94789.058347701 450 114
94843.074314404 178 112
95601.273085408 89 107
95699.664156524 73 96
95783.010793126 457 84
95828.584121256 194 82
95872.785295904 446 91
95873.099910265 512 117
96516.326745284 66 101
96692.252109529 151 96
96936.956684500 482 114
97278.156414772 423 90
97408.569267210 350 106
97458.539918625 75 119
97717.170020559 98 100
97964.620504097 437 107
98020.141347596 390 96
98201.210425020 258 120
98251.525625626 183 99
98455.446678254 207 110
98479.453971360 64 91
98796.419976534 494 103
98921.616260830 242 97
98937.000977700 399 82
99210.407070783 350 108
99308.177550436 261 83
99341.866044883 146 106
99705.364352339 255 88
99891.987201218 352 106
100143.469521567 425 81
100239.195142503 218 118
100263.278951984 330 96
100331.347747797 314 106
100631.859353055 172 113
100650.887229518 331 87
100685.905651827 180 83
100838.785195091 90 116
100855.082164148 230 112
100860.951491654 371 111
101091.938667229 157 113
101742.784462168 280 81
101750.321443728 178 95
101998.548355118 181 95
102082.781114287 375 86
102271.455121748 105 105
102562.715287409 492 108
103110.114073255 320 86
103181.992498280 378 108
103289.359088997 241 106
103386.047983116 501 117
103704.308735127 392 96
104367.606637668 323 83
104646.038386709 253 89
104800.375177955 90 115
104806.717716520 385 112
105246.197218284 321 81
105705.062924197 228 93
105781.270762509 327 101
105819.705529407 478 118
105894.315170726 471 120
106051.993095345 435 84
106090.909644838 222 82
106108.684044784 492 106
106348.939970684 183 91
106681.516691882 282 120
106898.247982648 487 91
106994.122414645 230 114
107059.257080731 103 103
107202.271423082 344 99
107465.395936142 214 94
107547.568669815 437 118
107731.869620194 509 95
107732.731246632 118 80
107943.158689734 203 118
108332.125785831 494 92
109005.752047694 423 83
109189.433674487 240 81
109336.165217293 344 84
109493.252184878 73 86
109760.886397186 361 86
109976.202192309 276 100
110014.338703931 379 103
110119.615391033 149 89
110707.478469964 491 109
111044.838795773 476 111
111467.830342842 97 116
111662.549453530 244 99
111731.479544343 311 81
111735.140475108 174 81
111847.863414206 297 83
111928.122570359 417 97
112064.794726869 313 90
112475.699440124 215 104
112491.991715896 503 81
112571.666875861 255 101
112707.939494964 228 104
113295.043660055 101 93
113327.616879158 265 119
113416.536936078 108 103
113543.813624466 127 114
113602.318197068 508 99
113659.743969370 337 114
113772.630348868 339 91
113833.632434532 187 115
113878.137974773 245 82
114025.743204996 394 111
114045.472263613 500 101
114057.390280048 74 99
114088.620307150 138 101
114107.406424700 184 99
114596.491061069 250 99
114696.383928039 148 120
114722.097376830 241 115
114761.794583266 119 86
114899.090504128 134 106
115256.040809167 273 99
115515.585455970 446 80
115567.857481417 123 103
115681.574526720 292 90
115716.797115931 394 82
115804.470812603 402 109
115892.324196210 240 82
116120.261110068 298 108
116187.282885314 101 87
116231.425351658 122 117
116285.268066715 346 98
116541.817164886 238 80
116670.795804874 165 98
116956.175354925 72 93
117058.590883660 188 95
117181.103997951 397 119
117219.440390606 106 97
117298.926306360 105 90
117622.173555284 303 86
117858.697179597 221 117
118051.816654518 476 102
118091.848442663 472 101
118180.454756534 348 113
118639.919715636 391 106
118673.500287918 424 81
118705.787625961 149 114
118882.542765677 73 101
118923.098624995 358 108
118938.973961834 478 101
118954.190819507 278 89
119370.159308347 102 99
119452.287311319 290 96
119456.437091544 89 94
119907.669965562 501 81
120184.675887612 337 94
120212.039242662 384 84
120229.313973518 363 92
120825.865613194 309 119
120833.419298094 453 103
120862.561214438 314 81
121494.063691301 474 88
121803.583608199 264 109
122026.913496708 397 107
122885.615720218 117 97
122954.416260523 283 85
123189.376134147 445 84
123258.710759073 421 97
123550.990545354 320 90
123676.872611763 493 106
123723.938148054 417 100
124209.144293059 361 108
124436.863802925 120 106
124667.434447955 154 97
124677.039959391 404 89
124715.409487775 70 101
125245.911417556 339 91
125250.543582343 301 101
125538.313826842 336 105
125680.075575807 494 105
125705.539423290 111 92
125752.416338090 395 85
126062.249124863 364 97
126094.473752458 492 111
126232.355736575 106 93
126465.125551122 201 83
126488.194629074 67 90
126580.193579678 242 95
126686.552692740 84 83
126787.019449313 189 95
126931.192854099 206 92
126955.844328177 68 101
126987.150274462 507 82
127318.202357560 294 108
127475.720521256 366 83
127903.875183919 405 116
127927.259048659 427 117
127973.606163784 431 108
128181.251945456 286 98
128432.789557371 360 110
128528.009870146 150 102
128642.382707728 224 105
128736.690572857 498 81
128794.075604116 274 110
128896.287854643 135 120
128985.247627882 110 119
129183.366819085 99 93
129648.943002054 496 117
129731.446615196 229 100
130219.080064663 188 92
130448.107728708 90 96
130563.006392742 317 113
130831.403989226 504 100
131662.683399034 353 105
132287.900003242 172 118
132564.540837620 279 111
132780.767803668 404 102
133384.594238911 161 116
133410.722741918 400 106
133529.977313391 432 115
133893.150892918 248 102
133988.753208179 290 88
134269.237833065 216 105
134470.956577933 434 98
134540.609158886 83 81
134867.910463219 114 117
135224.913846873 387 114
135539.684769876 343 98
135590.161446745 110 103
135638.666822394 286 85
135686.949823396 384 89
135714.505122232 152 107
136390.346466880 71 108
136438.269622861 422 80
136680.901189514 104 118
136947.093359579 364 110
136970.011150722 339 103
137021.548004643 390 95
137137.801627935 509 82
137171.283187659 96 110
137425.461742677 136 112
137508.322447295 279 92
137706.594300607 421 91
137738.617580353 273 98
137990.729655160 207 112
138450.035319702 454 87
138480.137744521 103 82
138752.522060177 427 114
139103.625817347 459 96
139430.517346133 508 109
139453.159329454 150 80
139552.133896183 392 98
139708.491439692 372 104
139911.502549262 96 80
140240.703993117 329 103
140627.831545796 347 110
141159.193502758 434 117
141311.674346065 321 119
141375.927361177 315 101
141448.180860601 398 86
141452.796269511 137 91
141610.028904694 471 98
141610.817936049 282 117
141774.075910643 355 114
141782.676315643 163 89
141862.880079465 406 82
142145.355587818 144 116
142172.243762889 489 106
142310.673946046 290 104
142504.768871206 190 95
142728.699402999 453 85
142833.522623453 100 90
143223.278495048 473 117
143235.429816545 217 116
143261.347185572 435 82
143958.746904095 502 119
144006.822478417 360 113
144083.694482551 99 111
144114.182241738 243 106
144340.098042131 178 116
144405.273931681 106 93
144543.501729020 197 109
145243.671941657 135 118
145354.060972861 363 83
146045.187507621 242 99
146193.729502886 494 113
146320.481475192 219 81
146351.728628690 79 80
146803.219817311 327 95
146820.324567667 208 95
147414.436484651 456 112
147429.921005665 315 80
147451.688697981 205 97
147854.790898935 285 90
147927.800283530 262 84
147985.062886174 91 97
148576.151341257 291 117
148584.800898278 348 88
148765.683050426 79 92
149440.924401248 428 97
149588.657199014 338 102
149728.613688266 429 108
149910.357807276 455 107
149932.988524911 504 106
150115.736879711 371 117
150289.195761596 298 108
150336.751830651 180 101
150437.252102827 176 115
150526.356171067 180 108
150546.423763811 481 120
151083.267875939 416 111
151515.154075297 300 92
151891.290924260 320 106
151913.725220537 108 111
151915.943142386 353 95
151960.483458240 314 91
152158.450422319 230 109
152258.902076212 142 84
152486.606964269 439 111
152996.548431100 239 118
153066.520201723 261 112
153224.764462693 210 91
153352.412864506 287 115
153464.463525847 240 91
153588.940845105 365 106
153731.775015474 219 111
154263.154968338 164 119
154421.399258843 377 86
154469.635911920 448 92
154755.114078436 217 91
154865.456996543 378 92
154878.250681323 158 102
155451.454139102 486 81
155578.190877534 413 119
155637.833725485 189 112
155993.742876671 280 110
156302.020886027 196 109
156368.371497507 152 120
156506.607784563 396 93
156687.287506251 399 101
156905.038262588 361 95
156971.994380261 331 81
157120.663085289 100 120
157221.714159736 314 97
157541.198698074 252 85
157605.399223336 259 111
157900.931690640 230 91
157936.626117492 199 84
157942.141000447 228 110
158444.169459646 166 120
158541.551083122 380 81
158709.568634756 86 117
158729.473334172 213 82
158876.821079334 211 84
158977.612638933 192 107
159027.589177927 251 101
159087.653487351 443 120
159275.164071615 225 109
159471.538195251 192 115
159640.250542475 454 92
159879.232064727 226 103
160026.569777072 375 101
160193.809595899 280 86
160242.460846654 205 81
160351.350178067 65 103
160472.474054289 198 92
160549.894985788 250 103
160616.385859807 492 104
160627.707343259 306 89
160689.398504563 93 94
160817.569281451 394 109
161206.856208192 457 97
161223.028355427 129 94
161326.420440121 106 119
161643.617871758 391 111
161699.560951096 152 108
161739.763760942 491 110
161977.814741239 122 96
162194.219766276 397 97
162230.517082941 369 115
162231.350203486 266 103
162403.063744337 370 82
162438.715165203 284 110
162440.741977103 379 89
162781.884635894 321 80
162829.730513371 144 84
162852.118681926 299 83
163034.250382822 433 99
163142.824234875 118 112
163185.076463590 428 106
163202.325475761 338 96
163231.526654264 362 108
163311.305564443 237 118
163412.284282553 150 111
163482.890746262 285 100
163557.099999230 281 94
164232.010518907 437 104
164274.819423432 363 95
164478.979412997 186 102
164619.514586775 251 101
164709.316926393 329 115
165032.265129590 94 116
165471.735725968 487 89
165537.713414674 436 83
165539.551619758 131 108
165573.962444032 444 108
165654.458945510 116 103
165707.705320908 268 89
165880.796964403 73 118
166267.281646338 124 105
166424.423027393 385 120
166795.700199318 223 84
167059.979896882 335 116
167144.253835515 427 115
167485.296881285 190 108
167648.494886933 243 92
167713.201401771 66 114
168302.603954629 319 98
168407.400046017 194 95
168598.944836375 87 113
168631.909436151 87 106
168664.879651861 437 91
168762.081870771 203 119
168923.555725868 377 84
169704.982920261 382 106
169845.136014035 167 98
170074.093068635 369 97
170198.399870122 368 81
170620.920475723 510 101
170631.097822182 138 93
170713.769319099 404 102
170830.151715526 294 106
170871.167810924 163 112
170937.926012560 422 104
171304.525454825 487 86
171447.075947742 432 119
171476.167545201 467 84
171500.775366624 449 91
171684.917727365 290 108
171820.136961402 261 92
171907.841572712 318 111
172283.448573634 469 120
172504.497938323 241 87
172732.928471653 183 106
173189.303909512 191 91
174174.141716986 465 97
174324.695579467 360 104
174552.931187050 505 90
175225.042454459 245 94
175997.258949461 371 115
176171.122253042 381 107
176251.152498372 439 89
176351.101695318 178 91
176452.109050461 219 86
176841.870481579 224 106
177114.295910198 342 111
177124.374805503 225 96
177141.266532032 336 97
177308.876143494 418 108
177785.633361798 399 104
178061.618361282 259 89
178357.144721443 215 120
178557.157997658 307 113
178735.133634110 298 98
179031.482331093 219 100
179038.829892603 328 111
179106.707768936 456 90
179149.382739541 126 86
179686.175778155 416 96
179749.912576339 507 84
179989.472555287 197 87
180169.165065693 279 104
180560.812864469 147 114
180606.682650991 113 89
180745.342454889 336 87
180933.195934056 470 82
180936.168162157 205 107
181054.564162211 258 118
181127.152378292 358 104
181133.989383460 376 116
181168.542090085 313 118
181765.463902529 192 94
181776.657287822 145 81
182156.388830960 97 99
182632.096746788 497 89
182827.890267079 75 104
182877.485992170 358 101
182915.211456959 408 107
182939.402242440 273 97
183006.699425799 129 109
183011.236077074 491 118
183013.725693266 483 109
183169.338098279 455 86
183703.570204252 489 106
184193.233988592 470 96
184508.747400340 233 97
184518.859384371 358 120
184642.451168581 364 99
184715.225991765 423 105
185157.572559693 157 90
185344.069633944 430 92
185475.987810010 150 105
185565.609285261 354 81
185732.466501641 384 104
185795.444159975 426 114
185864.383025006 312 113
186216.292388553 242 120
186690.137384440 140 99
186768.531994997 292 91
186858.418278129 174 93
186872.879994723 141 119
186975.356678140 348 102
187034.327978876 221 89
187279.332440118 270 118
187337.149768642 435 91
187461.243288424 307 111
187829.652316745 340 120
187858.207407538 83 105
188342.974320970 185 94
188557.605670639 457 85
188591.529190230 340 84
188881.857415933 491 104
188885.664440120 217 114
188935.912921182 202 105
188960.652669509 415 81
188962.201016711 112 101
189084.205739044 77 107
189171.751381861 372 81
189365.402976860 465 108
189466.595663512 413 108
189556.839072009 128 105
189820.336890427 184 111
189982.224483951 115 110
190023.487730834 93 86
190049.367259005 139 87
190100.231866497 456 91
190937.864099904 352 93
190997.087890588 147 114
191002.060551221 325 104
191030.231938338 397 95
191050.918703557 323 104
191238.457243096 182 119
191264.805847674 276 88
191286.766072816 400 97
191372.777329961 237 115
191504.173517891 396 114
191627.980618680 473 89
192143.701436499 295 89
192379.996760852 453 85
192453.894921100 218 103
192942.858170450 399 100
193109.558952903 483 103
193122.624273064 450 82
193127.554736500 374 86
193271.617183362 414 119
193326.746035071 286 96
193365.027859558 175 119
193661.361283067 355 92
193766.772476368 202 106
193873.968977346 307 115
193960.790475790 115 103
193990.604859393 283 80
194002.792249495 492 89
194167.294869456 234 120
194176.349509128 346 101
194373.223760111 411 108
194824.213353478 103 92
194957.395135964 467 86
195001.917686422 425 87
195043.653435848 111 109
195047.600519799 83 90
195070.299027001 414 83
195073.073671909 220 119
195162.671086721 456 87
195358.164042963 244 109
195590.503741327 240 120
195976.802953946 274 82
196049.587665415 447 119
196103.675334893 108 88
196164.861345471 132 93
196337.831714546 105 111
196458.779039672 369 89
196476.870762058 160 99
196724.516534201 167 109
196829.750538932 135 118
196856.589241862 84 109
197558.398630691 158 94
197830.195808248 358 85
197906.231830168 412 110
198209.811293375 154 91
198482.708020085 434 103
198662.977540024 234 118
198771.846332734 466 112
198932.486291787 250 89
199218.512241130 237 95
199627.126762928 459 88
199839.810589952 365 81
200053.840249392 380 97
200476.175586289 397 80
200515.687904986 217 109
200541.383643917 92 110
200972.968039371 473 111
201107.572430771 344 88
201268.293187981 396 87
201276.569827506 230 112
201503.475444834 160 111
201911.685972924 465 90
202276.591687713 223 92
202286.398730016 106 99
202288.038355285 317 95
202301.821641163 483 99
202480.581029718 455 114
202505.237081330 485 115
202796.768999077 456 83
202892.027567556 389 104
203086.306142356 384 90
203185.782602094 373 108
203218.692720311 232 80
203636.830482461 175 103
203665.656142337 86 94
203906.011638097 416 117
204165.214558545 443 94
204224.844168175 436 102
204840.340196187 153 93
204851.950449075 160 118
205029.084608411 133 110
205165.193338488 331 104
205236.065017213 325 88
205398.113795342 306 88
205565.780257142 300 103
205697.326727842 203 110
205813.953929034 390 100
206171.146650305 351 90
206634.207624256 81 111
206751.149494487 412 115
206788.496107256 192 87
207390.427167884 296 93
207679.172894340 301 89
207848.241806540 144 111
207982.056714165 76 109
208217.061765651 462 98
208327.656207168 448 114
208365.569315709 248 102
208421.488701857 155 99
208710.815850498 430 90
209132.563198293 167 119
209194.320247233 272 103
210314.314917541 79 80
210563.613506804 269 118
210712.246232303 180 105
210758.893838326 456 91
211085.497148142 480 106
211538.456142405 438 95
211678.076033442 75 100
211734.708528965 212 96
211805.621713087 269 98
211830.122768614 64 82
211882.582834668 499 105
212171.943183958 174 99
212293.138131775 77 91
212308.067070022 109 86
212460.082543218 139 112
212672.141589174 153 118
212786.508243931 68 88
213283.685124736 111 92
213807.618984714 227 119
214027.466479253 364 113
214153.457038655 220 112
214155.512926004 467 93
214432.265019124 381 92
214497.665522517 425 102
214627.586080873 367 90
214778.498010985 320 117
215269.487216854 79 100
215300.615467967 164 83
215520.793152504 137 113
215658.560230295 144 116
215792.002539221 104 115
215810.539193276 155 87
215824.809339640 460 88
215984.555137119 304 96
215998.087317967 228 81
216138.218248244 262 94
216172.745784892 442 99
216538.890096418 181 110
216676.812613217 328 106
217307.305522008 300 92
217666.542609363 229 85
217949.289526287 82 82
218253.934940566 116 111
218785.417247161 134 119
218872.180163726 413 114
219151.533761173 427 82
219747.098401109 399 107
220015.195451345 295 84
220020.993706861 315 109
220054.701851705 316 112
220225.276087335 199 105
220491.414887924 292 101
220592.864008440 122 105
221077.708143441 453 99
221351.938900236 340 96
221501.170579705 133 105
221524.093363866 472 91
221698.464946077 496 120
222181.396648183 149 105
222540.199442283 399 113
222574.012941581 138 103
222619.017483403 488 81
222649.161189759 85 112
222672.724971275 363 119
222686.743645045 224 97
222695.908186793 356 111
222756.892492284 484 105
222958.289719722 172 97
223096.198017957 315 102
223106.453134073 304 95
223247.014546634 274 108
223250.712832591 167 94
223391.409820274 241 91
223622.132522340 136 86
224057.349991262 232 105
224127.770191168 185 80
224139.975353449 432 108
224369.917055206 215 101
224483.635454646 214 109
224685.042815527 198 106
224731.914680147 273 109
224815.866711185 315 90
224841.390930740 408 81
225126.846454861 395 81
225498.060951634 223 88
225721.109704216 170 118
226059.351272444 158 85
226196.384104984 185 93
226523.572087413 494 97
226525.731586193 109 111
226592.418813943 201 108
227235.751449635 200 90
227603.325724162 271 103
227674.522442205 354 115
228002.748693682 268 83
228237.158462359 168 109
228430.466061214 472 97
228584.120953403 310 96
228594.637369792 301 117
228682.102824975 500 117
228891.455122883 335 120
228906.331616694 274 87
229086.343596902 314 118
229128.066391371 405 103
229198.052973424 304 87
229425.760835287 272 80
229515.355008836 76 111
229754.568003611 467 120
229967.205805888 115 105
230548.854105903 286 96
231144.302500702 131 86
231264.597057995 66 89
231703.808275175 230 107
231760.422016449 336 86
231823.645615732 275 91
231885.514513389 319 86
232017.791250662 298 81
232061.821263450 193 100
232159.821124143 375 97
232245.031904979 381 112
232456.294326898 408 81
232695.575836636 112 87
232746.088351095 480 117
232951.029378809 193 106
233057.850525711 152 110
233148.237667065 409 115
233245.352317997 362 98
233300.622027763 382 110
233500.373540399 107 115
233526.345293026 205 107
233731.046222086 166 116
233746.143681635 241 99
233782.456973619 460 104
233979.275113863 185 114
234016.670365897 433 87
234530.893152511 154 107
234677.785183413 461 113
234701.338038701 443 114
234765.404653420 234 82
234833.457651487 356 82
235162.915428555 353 107
235398.735756477 381 83
235664.362644980 192 96
235800.288829903 213 80
235942.123152697 342 85
236408.595910515 458 86
236481.759441809 189 100
236590.559791949 499 110
236597.620327228 472 80
236770.068126363 115 120
236778.919149876 118 88
236869.769243025 431 116
237057.452842677 356 102
237093.192103987 402 104
237202.849788295 199 114
237345.893322411 117 114
237652.923869810 351 111
237654.831996565 415 107
237665.743148850 76 80
237833.358137789 452 83
238206.019175204 187 95
238359.212964392 171 113
238772.343221298 190 87
238904.801656811 189 107
239028.820629318 96 118
239048.979186849 249 84
239141.819837586 401 91
239403.810955570 142 116
239409.187822143 195 97
239422.164800083 345 92
239677.975442520 286 101
239902.313652549 174 103
240094.934883384 296 87
240166.446295771 355 117
240188.077685387 457 98
240611.357443252 379 111
240916.239357317 278 86
241062.199592321 402 93
241174.471259431 325 109
242009.242208625 452 109
242183.898356586 255 90
242612.284890640 475 103
242792.776916019 463 86
242965.789611398 89 111
243086.535743400 442 107
243371.804209611 300 119
243644.779242203 441 80
244336.981714092 512 114
244492.302222922 423 82
244565.119792254 222 84
244985.253063780 366 90
245069.197587937 153 113
245386.014736180 236 111
245519.182498052 294 86
245637.463337863 272 89
245638.196208897 89 97
245988.487134187 257 110
246124.062979090 301 100
246157.861128191 354 104
246307.355390209 190 86
246379.028987486 295 85
246481.756561572 262 91
246482.771659477 366 92
246701.219936733 116 102
246980.576325896 374 86
247016.567757192 263 100
247246.426210562 249 86
247511.265004878 488 120
247570.778194608 311 88
247961.435945148 208 119
248025.610159301 387 103
248063.519150541 382 94
248108.466171969 499 110
248144.307788640 142 101
248194.891563285 504 89
248364.855465266 296 106
248721.736278517 299 105
248839.511967320 171 93
248893.385614490 112 85
249474.642123107 458 102
249909.580015684 220 89
249937.826856930 466 82
250058.189737514 478 86
250098.265899680 432 114
250268.908649819 421 97
250360.563934908 260 111
250448.557015908 364 82
250473.222360644 175 96
250535.378457180 387 95
250850.755306090 254 106
250886.685769101 304 104
251189.677024927 469 111
251525.609627736 366 90
251753.139314559 192 105
251816.604196898 221 119
251846.729517772 405 114
252029.770822506 400 108
252209.640340977 183 86
252319.235716119 136 112
252561.004732347 300 117
252834.147065100 237 95
252996.692010573 76 109
253050.118791740 472 96
253241.282000617 266 94
253715.958962877 293 120
253749.826709078 294 100
254642.502966534 343 113
254706.099009470 485 118
255004.254727925 209 115
255062.224431490 68 81
255089.605806422 373 113
255308.989019538 455 84
255469.659616387 170 112
255784.925780690 485 104
255896.852574024 267 92
255941.240540638 359 86
256175.257347030 310 108
256314.595490648 373 119
256390.123629806 150 115
256425.718117937 101 101
256435.573653230 136 110
256520.239002051 286 90
256542.272806308 219 95
256551.955419968 406 90
256706.473236043 157 115
256903.920514032 236 84
257087.409044608 175 89
257467.622079904 111 105
257563.726126854 374 92
257741.958685745 469 98
258001.709751353 386 97
258120.745051493 223 111
258182.926807118 332 89
258203.319172355 285 89
258271.866787905 314 102
258272.092038755 423 85
258285.862843810 266 118
258417.917133861 278 96
258502.605325872 199 83
258537.510902705 102 93
258674.050583629 359 99
258748.225680554 92 101
258860.155589164 306 85
259002.674464119 212 118
259097.364740623 477 95
259380.885022979 483 113
259499.767282743 239 85
259880.261551328 483 113
260270.760065440 204 106
260313.573215990 111 112
260360.792567629 69 101
260379.666416462 493 106
260468.494157066 406 90
260492.712196155 66 95
260753.727932988 73 97
261234.101222641 313 99
261247.816789097 344 88
261438.695211079 476 114
261596.430037158 138 116
261777.579627156 163 110
262302.866023163 263 111
262582.402542603 376 96
262814.170039415 84 104
262873.628671114 471 98
263007.591908305 264 120
263141.580604737 157 95
263256.449389525 177 111
263373.992409053 401 85
263411.526475088 210 83
263415.194121200 318 89
263448.041201556 238 104
263496.256488860 127 105
263579.895182409 285 115
263625.741394430 114 112
263798.022788038 99 107
263818.936506621 288 89
263890.432071827 341 102
264669.748086791 305 120
264753.097108200 236 117
264764.625730165 184 83
264969.553405838 180 102
265212.267681279 483 117
265332.258349741 145 105
265365.292941592 259 91
265457.195990591 81 118
265707.461801486 147 80
266035.321089611 217 100
266158.065462559 320 112
266444.976796675 64 106
266806.171932873 283 109
267098.434680059 272 116
267267.559677734 373 95
267276.412735426 362 86
267300.337349907 319 117
267460.071789821 352 98
267472.584108028 185 112
267615.072535969 381 98
267747.940946601 416 87
267917.966972418 313 87
267962.294323427 424 95
268180.327991924 184 90
268215.254431034 304 90
268369.036886411 445 101
268395.803051039 447 116
269416.800081046 294 85
269536.658937216 332 83
269890.935331024 177 109
269931.684551968 161 111
270072.460273869 126 80
270209.136121985 509 90
270304.482178643 490 118
270313.867054034 195 96
270313.955743649 410 109
270410.309444443 146 120
270630.265734999 512 115
270703.119481189 160 85
270811.440873064 454 90
270866.404541142 207 102
271095.734363477 132 94
271607.711396704 66 111
271841.968103918 315 117
271927.440339170 315 109
272083.278652116 381 117
272204.134539753 238 115
272208.685785181 246 81
272425.757782497 294 92
272589.469791239 344 84
272760.945685012 434 110
272808.042068185 377 104
272912.783801814 397 111
273073.317100409 198 101
273217.946478009 415 112
273390.902629887 360 85
273495.824371376 400 99
273565.905012556 216 112
273746.857216516 237 82
273840.895683223 201 98
274023.454190060 492 98
274086.914332008 465 109
274479.700615741 305 90
274527.315815257 356 91
274645.465999830 176 105
274966.448555202 186 97
275188.296574081 450 94
275388.069739375 439 81
275650.140134936 471 104
275903.198252046 80 97
275939.200932045 121 112
276015.226395226 379 89
276569.442769653 434 105
276600.887401429 392 84
276628.942781069 492 120
276710.205232826 397 109
277039.465224198 446 107
277171.192203941 146 95
277182.642027846 487 103
277409.861218617 394 107
277848.824530673 408 88
278104.444847566 400 90
278226.550618984 455 82
278580.518356190 120 109
278641.647184686 160 80
278695.296479675 435 98
278826.832716140 432 116
278912.887228352 66 98
279476.921484736 129 93
279672.575687776 130 94
279694.244365207 215 105
279731.871618321 187 88
279741.068831963 136 110
279761.653441164 473 95
279816.153710574 477 118
279816.297427372 388 93
279905.434954898 452 115
280004.159969020 109 109
280543.429810694 237 119
280764.323151166 314 109
280867.862130241 260 91
281023.568112529 233 112
281124.885748455 400 106
281290.347660600 229 115
