7 8.148171982 1.215701065 0.023148333 922159 14
1398404.369482186 2443.318380812 0.000808996 0.000392716 149.671673736 0.250000000 0.750000000
10
1 0.056901988 2.642042883 0.221370950 1.779250222 1.775684242 0.852840642
2 0.102565886 5.284085765 0.399021341 2.317102888 2.312458941 1.110647333
4 0.184875104 10.568171531 0.719236337 3.017543977 -1.000000000 1.446386859
16 0.600660986 42.272686122 2.336805754 5.117645364 5.107388560 2.453019761
64 1.951553301 169.090744488 7.592304293 8.679341302 8.661946133 -1.000000000
128 3.517676630 338.181488976 13.685135512 11.303034581 11.280380997 5.417836763
512 11.428965089 1352.725955905 44.463136458 19.169537533 19.131117874 9.188455049
1024 20.600720148 2705.451911811 80.144844603 24.964330599 24.914296994 11.966049215
2048 37.132817127 5410.903823621 -1.000000000 32.510841808 32.445683457 15.583287184
4096 66.931937227 10000.000000000 260.391368339 42.338601104 42.253745922 20.293986353
1738
0.000000000 303 101
6916.588273632 486 111
12269.167350783 319 116
20863.030256839 378 93
30592.362351310 134 94
39007.130284669 363 106
50361.058204005 374 81
54472.313982976 168 110
56914.724950232 434 90
59400.655754580 309 107
62774.037889847 344 95
74590.780278277 208 118
85373.527557949 478 97
106835.371027617 338 85
119401.098447044 135 100
120129.883063282 481 96
158905.036000141 336 84
164013.174944370 307 100
166136.537141664 222 120
185090.721834596 326 85
204921.689066458 304 101
238501.269080271 225 110
244343.942990648 85 96
255676.835480685 235 111
258571.338814851 270 85
288997.107981540 490 96
299906.293838974 295 106
306490.052793996 331 116
316651.821553736 368 85
340436.127054414 343 89
372408.216036354 182 90
390130.933227764 493 85
405837.254860367 232 82
407460.804730830 197 95
416251.594086600 339 93
437526.424241026 299 87
440711.458567661 150 96
448123.472683199 139 120
451166.022819328 177 86
456175.279373617 194 93
492292.381190236 92 112
495285.533732016 143 84
519123.250446617 70 99
539060.865511763 278 99
549578.774721936 472 98
558796.455605757 162 94
566726.312550493 359 102
585924.538191519 432 89
611245.281226529 86 104
650539.846879037 95 116
659819.503536843 347 108
676009.014361729 168 102
679595.353618523 258 87
687188.710501243 94 94
688516.860060308 352 111
691619.809065679 269 86
693881.284374465 378 88
699774.371976334 290 105
708285.033507277 262 94
720600.490482488 464 100
728852.356934133 140 100
738557.883621275 286 86
738864.928384450 76 87
752523.830653842 455 111
754180.371255737 66 85
756582.727125114 288 82
767645.145993335 231 91
781120.385586898 150 89
781952.719334126 332 103
785272.892765717 201 109
827515.650703829 492 88
830626.476687072 469 103
837813.922279024 504 117
893327.618190894 245 95
913765.629903400 319 98
914063.763283178 337 100
927836.819885489 287 85
949494.549406319 418 96
952026.011749797 491 106
979415.339202643 244 114
1002659.365396654 226 81
1003290.801853002 396 89
1014170.991456305 235 108
1062111.268225872 491 83
1070854.438761119 83 91
1073041.209061264 313 119
1097116.526306523 314 91
1128567.574102646 502 90
1139216.035238007 433 95
1155244.847935521 329 93
1158814.537854186 449 101
1160927.560284280 104 92
1161152.693305118 333 118
1167422.963342890 72 92
1173348.877908751 290 110
1200878.274408885 469 115
1205647.296261614 494 96
1206733.379339647 380 116
1208655.300019400 86 91
1213511.444910515 144 114
1216454.202585780 440 99
1247834.462806667 186 100
1260986.530721100 223 107
1304436.873041149 485 90
1319961.680513977 179 110
1330416.527940350 272 83
1340126.198127386 186 109
1342282.402161678 237 82
1378453.501679585 403 112
1424704.627074934 429 99
1431120.396803674 64 100
1436680.648885589 404 113
1442225.320698896 269 99
1445736.039882422 318 93
1468408.977961819 439 107
1473124.815613760 312 92
1491439.029086743 70 80
1506246.134028614 142 82
1539974.884102846 251 112
1540255.542785516 407 113
1545421.612115111 305 80
1551641.576507107 440 99
1594338.997746260 125 106
1598176.338181904 412 94
1599292.434905330 182 89
1603746.288385078 101 106
1624189.407948863 114 86
1645998.365696085 495 118
1660791.601062683 367 86
1679777.848790282 509 97
1685383.385199816 396 120
1694982.577949567 160 103
1698707.807225634 321 90
1713226.031268837 392 88
1723773.494244313 244 88
1729412.783645502 77 85
1740437.214935952 389 98
1751034.350693358 489 113
1764449.959568035 126 116
1765046.908499679 352 86
1771171.913629622 125 84
1776054.839153410 382 96
1825084.032351607 453 93
1830110.581592812 161 83
1833022.823276306 206 118
1849581.221403421 441 110
1854339.340850345 406 95
1855162.138968623 211 113
1868781.936113565 345 114
1868978.285665964 244 87
1904785.249680540 277 89
1911978.998124606 508 99
1921625.562459870 344 103
1923731.927310465 91 94
1938931.647697960 231 106
1953900.867217300 200 83
1957994.039059864 348 115
1966579.167173279 391 106
1969160.690216707 451 108
1972719.896965038 186 107
1975253.735210659 304 113
1979105.690798325 345 110
1988983.982401509 409 81
2039414.476450890 417 96
2051236.601701448 224 117
2076353.187125863 481 118
2078949.369763791 296 84
2094865.768015283 184 89
2096281.995798991 449 94
2129131.613783743 302 84
2131499.411372324 481 108
2149475.875760574 290 112
2150773.545735945 458 119
2168765.049535752 278 98
2181395.669585174 434 95
2185764.560454204 101 118
2219717.103528201 86 116
2222953.127296204 371 88
2231942.883057863 447 88
2247640.865545208 465 95
2266617.847439892 284 98
2290234.755689850 90 114
2315507.951300726 195 115
2322099.430011717 354 109
2335812.034923180 466 92
2340121.166235709 191 93
2345033.022135624 353 81
2388337.588621052 476 103
2411646.849872343 341 115
2417992.518467295 313 114
2434794.588512557 264 90
2462386.834700177 170 82
2546401.713732318 182 88
2555946.360133308 289 89
2565854.927188207 171 94
2570704.162842008 70 95
2613376.134203562 240 119
2627226.194204853 235 120
2649005.457425959 330 85
2649333.108938268 128 100
2664639.062251566 509 100
2666148.399034830 406 101
2666509.539601476 161 80
2669132.358827246 362 83
2674999.869269581 451 102
2676641.284104642 123 115
2691359.397904404 363 102
2695978.689281798 419 82
2703263.424355863 490 116
2705271.710264030 117 107
2709183.208642837 452 85
2711735.615657619 235 109
2714713.248179463 418 100
2739875.056490527 304 100
2810414.853678039 331 110
2812739.450924417 263 99
2815356.594589057 131 117
2825535.316844542 328 109
2830355.389059211 467 118
2843498.347946023 347 100
2846365.199819987 457 92
2895138.076406156 152 99
2906954.557408826 173 110
2917846.196980606 125 115
2952699.407204044 408 118
2965400.691075917 196 88
2994051.687316187 244 97
2998848.063372900 465 92
3019232.770737263 271 82
3036423.789343929 359 86
3049852.143045167 113 83
3062522.843382847 139 102
3072965.965779951 215 90
3073541.795390187 115 83
3102262.814373649 407 93
3103391.083963523 254 120
3112448.109046012 415 86
3153622.118239615 106 95
3166446.198886753 395 82
3183458.264843375 331 102
3194099.878935832 314 111
3201476.371255732 162 117
3213716.999856393 126 110
3221570.502298711 243 109
3229130.828642100 295 93
3234203.510543135 319 87
3246476.186291460 455 100
3247201.303752693 173 111
3255898.402143847 436 84
3260183.170079141 87 95
3264071.826800050 371 98
3272004.717442576 429 82
3304806.594511697 320 102
3304927.656645599 276 109
3334703.118835386 404 98
3349041.950159372 328 89
3365457.268989793 386 85
3390961.925773697 389 81
3411435.977920223 172 115
3412874.726777084 470 90
3436292.343468257 511 82
3445101.399966414 380 113
3449140.312504788 319 82
3460397.034805429 193 100
3467748.576671205 92 104
3468208.340981000 238 80
3474354.328517685 229 88
3479662.560743161 378 103
3480427.920979078 209 92
3484766.877019091 480 83
3495795.982151563 234 85
3501801.085787524 110 103
3504413.740529711 76 98
3517087.379101300 241 97
3542644.738933737 150 100
3567814.074368360 250 94
3574706.762290537 486 109
3574796.672000267 489 83
3578003.634872464 399 108
3596190.763207137 164 112
3607720.390213710 88 85
3617948.182351655 146 82
3625127.292573869 324 112
3640447.981344202 90 103
3640505.321673254 226 96
3646150.803807927 373 93
3650760.449779592 304 108
3669574.559639015 383 94
3670829.785610193 240 109
3689682.923315995 74 82
3693848.386122372 244 112
3729861.148908515 364 102
3739053.698780549 217 105
3747123.317753807 368 104
3750954.694654221 351 94
3779293.874163077 306 85
3783981.338493554 504 106
3787652.114092649 206 81
3790203.516297539 325 107
3803881.643878201 232 100
3899140.428738036 180 84
3901394.264325534 235 100
3903739.568034529 300 82
3916335.017932580 123 117
3919880.296819181 362 92
3923362.803025247 201 90
3943150.529357858 357 108
3956007.371259779 129 80
3976294.279683475 219 99
4012355.230168666 146 114
4034364.884658288 279 98
4035535.604431197 304 100
4040643.497511495 262 99
4052597.060525493 295 86
4063047.077196361 276 99
4091518.312192146 247 115
4096384.137143478 195 107
4096929.476007029 135 118
4108695.806443442 467 109
4112827.068403698 468 89
4130298.452624428 290 115
4130386.734702695 381 93
4136959.337741262 483 90
4147308.716932038 160 88
4176313.377980699 320 115
4180537.085343001 156 83
4181367.046976930 474 107
4184563.283111359 314 91
4189732.856690714 246 93
4203991.129636447 238 118
4239915.457428202 135 112
4246550.249898528 430 85
4247928.513907434 245 81
4254504.277933799 160 116
4268679.558554407 285 92
4272285.913639167 392 83
4287972.618779574 92 108
4288406.490483327 234 99
4327469.265049498 261 120
4335781.814877440 348 81
4340594.511930245 371 102
4383446.540990277 169 81
4395815.087229075 469 91
4399136.704129052 241 93
4413739.971376364 67 83
4414535.399887945 448 106
4416972.261935847 479 86
4428665.383882468 76 88
4432595.345390365 111 108
4439141.865478742 438 82
4445652.943716774 223 95
4451319.281250224 177 93
4465890.180339216 300 91
4467214.902102008 151 119
4478576.543178182 355 82
4515527.570853715 428 102
4521128.048798298 74 81
4522864.905857644 464 113
4523668.945324425 327 119
4541417.839632520 176 111
4556737.346030732 469 105
4559669.962423190 360 87
4562939.812912337 285 102
4570122.826720768 284 114
4572308.332197523 342 94
4593525.089278788 419 114
4599242.803923122 125 118
4608482.888076751 482 96
4620864.329345399 438 86
4659089.172454437 87 100
4664191.947762568 458 84
4667599.317701390 76 117
4698334.794934885 508 81
4717107.253145074 309 87
4726956.790503581 510 97
4741295.130397153 441 97
4747450.065700212 388 115
4772098.733073652 405 81
4803741.795277142 242 111
4807524.428254733 267 109
4807828.222813258 265 114
4812862.785441102 330 96
4828656.318111895 461 99
4864263.616296555 370 116
4876956.195254700 120 83
4879010.927110485 184 117
4903762.987087581 383 111
4966429.718284180 300 83
4970959.488593182 204 109
4982990.585153363 143 93
4985034.880443553 383 108
4988542.582511124 68 109
4988697.748220935 214 81
5004313.884204912 253 106
5014646.535351352 468 103
5069053.763104519 221 120
5078237.142622687 220 117
5078481.420528098 364 113
5079009.012071003 502 100
5082178.730324925 218 88
5083048.951719346 265 116
5085646.027527610 438 83
5090922.568621337 444 106
5125554.185179060 119 98
5127803.391726010 276 85
5147839.335766241 448 88
5161470.949249419 471 118
5182263.252188876 512 118
5198555.536244867 214 99
5204461.286886420 260 95
5204635.994937116 323 81
5209182.284015882 364 88
5212284.027924008 124 82
5222136.873697606 494 90
5225794.666637755 420 111
5234438.659993480 171 95
5253592.168723810 212 88
5266325.698315125 380 82
5299357.612757131 271 89
5331060.307888326 280 106
5345100.435552151 463 115
5355614.841039601 349 88
5360969.750463707 150 119
5379590.249087762 429 96
5391915.699656300 197 87
5406143.735656538 326 110
5414470.133884314 146 87
5419886.026197946 120 93
5461165.238639125 194 119
5463097.751924983 101 106
5463614.741289076 407 117
5476015.152920822 397 95
5478882.066066480 376 84
5498963.431699994 320 85
5499300.773502586 306 95
5509272.283117547 165 120
5513724.393015596 82 102
5517266.502748660 305 84
5520936.038503889 488 89
5548179.494125242 192 99
5551340.828920208 400 94
5574175.129575942 198 118
5587079.884119447 258 81
5603890.029541003 119 89
5609477.296566335 450 80
5612518.896248880 335 103
5617879.237180776 166 102
5622023.000152099 342 92
5635654.081197216 83 113
5637059.923225929 196 118
5662681.869543328 214 105
5703793.293901446 474 112
5706924.330539409 270 116
5738031.993376633 422 95
5739376.990471717 247 117
5741040.870706572 191 113
5762477.621799856 108 103
5778164.012370979 249 114
5778442.453547952 300 120
5780209.596977670 298 104
5786795.786455003 199 116
5799156.050276534 481 113
5818427.252184792 290 110
5827100.893093076 75 107
5904927.188724709 193 83
5915369.344643066 465 115
5927513.669245380 252 93
5936996.826012402 105 89
5947062.099911902 239 82
5957308.208905160 460 95
5974322.564659488 356 96
5980804.813377826 168 101
5988245.385071233 354 104
5991258.426954253 233 95
6004027.970331173 299 83
6011187.692579595 396 82
6019043.211319990 213 118
6019542.530375579 287 80
6024484.535910301 233 93
6024615.286615910 276 83
6032978.698635829 439 92
6034208.796589092 341 120
6071490.678254429 271 92
6088839.716261967 170 119
6089913.138032534 377 103
6130715.177325210 429 109
6133518.998786879 502 80
6152581.022964192 304 96
6160453.066955972 284 97
6186897.843469521 496 100
6201221.507298326 90 99
6204224.219053763 444 84
6232025.187082358 160 88
6246806.450610911 436 93
6274240.386723739 351 97
6282746.825235864 503 120
6333099.059086538 258 114
6345727.201202041 199 80
6349361.075435854 114 85
6363372.571068259 359 112
6367515.278659230 439 91
6376608.215250078 508 108
6380711.226492103 98 102
6390537.382816835 347 115
6393394.808533088 143 80
6401747.520326552 155 85
6407231.514063791 312 119
6417008.424293164 228 85
6427746.776011511 507 103
6428503.220020506 368 107
6439073.265414788 125 120
6485905.659336992 236 112
6490759.625333436 474 110
6522557.792698821 317 80
6542936.663344460 484 103
6555779.463582687 253 106
6558381.365113824 115 116
6563709.721404092 360 80
6571654.617843862 505 116
6589953.652306437 352 110
6593275.086174555 194 88
6593760.078694695 455 114
6594131.627206631 408 100
6605753.732450188 455 106
6606024.657634780 122 110
6627459.654106875 395 95
6630621.526335533 166 81
6631030.504974667 142 118
6639182.238064640 158 97
6655455.772829439 249 102
6655971.356186355 413 85
6662393.571587112 438 95
6672111.895747233 333 87
6683048.162212224 396 102
6713968.757209143 361 82
6762974.528130778 69 88
6768002.578956135 490 88
6787581.786423459 366 94
6789928.926444052 348 117
6797678.743455116 416 119
6804031.346647264 88 117
6806718.067906934 64 116
6820022.401091550 465 80
6849152.203184090 260 96
6861925.212527487 493 91
6874680.723255984 347 97
6877768.231795031 69 119
6880896.847054724 367 106
6901198.375852429 116 117
6912018.592864355 233 90
6915293.351464676 103 105
6924146.035664480 130 117
6924368.085264931 349 99
6929331.791936256 511 98
6939556.124276533 397 109
6939882.666658669 227 119
6975287.519515106 246 109
6975739.889347155 232 116
6991803.106766553 408 89
6998783.614512204 72 93
7016639.328476773 158 105
7023373.000690439 138 101
7032461.765691043 382 83
7058778.476245939 459 99
7067663.118278662 496 91
7084888.851255204 473 92
7087513.614343126 104 106
7097698.969858064 508 114
7107415.033222979 396 88
7108609.420144613 109 83
7109443.807347159 316 85
7114921.621723331 466 107
7138173.643742034 268 87
7150444.665627415 467 101
7196391.206825517 260 101
7197889.223500306 277 96
7203218.940138368 474 117
7221148.955977870 357 119
7221592.209344943 238 107
7228795.068640489 90 116
7247025.016459915 153 95
7250994.625897461 194 87
7254188.973867363 321 88
7265168.875316586 469 118
7272717.878592494 175 113
7285547.672581414 354 91
7306745.528371149 512 104
7310602.095146576 259 88
7324221.071299525 435 108
7329943.373424091 113 109
7345226.731815812 439 100
7356328.026795152 463 114
7363361.934267432 501 113
7394226.473068668 203 86
7414745.879566039 493 113
7436680.897478118 92 90
7456917.013084564 374 88
7483713.603654687 317 90
7489718.047434323 175 111
7502464.946375486 470 106
7547154.634515322 335 91
7586601.367726276 81 93
7589859.388575372 412 96
7592425.697150248 475 111
7624677.312481067 401 105
7625790.932588962 100 105
7662828.359061095 435 94
7672071.133814227 431 86
7674992.460881692 170 112
7683464.323712480 504 98
7693185.266534701 407 108
7704029.533712908 484 86
7734123.884093164 151 116
7735727.046004380 255 119
7739729.952904070 190 116
7758758.851926611 149 97
7772636.326626401 497 108
7776232.338067104 107 113
7794225.981952021 474 114
7803924.501787004 464 96
7815015.102461340 474 94
7839039.891209827 321 80
7857348.597652877 364 97
7881589.813463344 459 85
7887935.917857736 344 117
7890783.379420903 244 116
7893933.286650245 505 102
7909884.824691021 473 88
7918628.763997650 267 87
7923526.816068173 73 117
7924409.374292924 458 107
7934889.730719692 479 81
7957348.730504628 216 109
7961152.763531397 116 108
7966369.824286632 68 117
7984198.932034034 102 95
7997882.951863777 132 102
7998770.169681914 313 91
8011580.795495125 353 96
8016874.260651286 377 107
8021272.634308344 479 104
8044427.398848697 203 109
8045764.491815129 356 99
8081855.521208360 354 85
8086169.429002841 407 97
8113868.143372727 312 87
8116459.506590700 381 103
8131926.041730911 143 116
8136078.957008762 495 119
8139746.745035918 314 110
8150351.452072395 435 120
8154959.858177611 229 107
8167816.558355564 382 110
8176958.311565718 322 98
8183381.156872984 121 96
8191285.315101794 103 90
8230737.025995246 128 92
8243575.786817595 413 89
8248682.048577486 420 83
8263072.580549321 460 88
8273171.437434985 219 96
8320743.521610337 364 117
8359627.576108111 485 86
8374709.351837164 170 120
8383170.093182291 491 103
8385406.483299162 344 91
8393904.786915537 99 107
8456099.467667444 397 100
8458262.597402781 239 115
8476979.177731248 407 99
8496222.091047622 212 92
8502308.813428592 153 108
8510971.433105122 107 97
8533905.223823650 371 102
8548698.997266289 458 99
8559015.247422248 491 81
8572373.009190511 306 80
8592452.494549897 367 89
8604417.645137837 76 117
8614651.193530947 171 97
8618682.514653210 120 114
8629866.140139792 379 98
8639096.476100774 248 95
8647901.397959923 395 102
8667544.038468646 415 102
8693190.005241081 512 114
8708133.465375600 413 104
8714256.466046764 108 107
8728972.985032061 148 109
8780199.351412131 217 84
8855598.498305522 502 90
8901799.240636978 306 106
8908684.003331428 354 84
8930488.365815759 250 120
8937455.720863871 356 92
8939045.988348223 383 100
8939998.453310095 185 110
8955456.308800813 442 86
8956770.097484259 227 98
8957407.943995899 471 100
8960407.437815895 339 104
8960431.522220887 238 115
8983819.534700854 400 99
8986445.144031603 364 80
9015015.356203627 493 89
9023914.805212444 184 85
9032060.685359638 93 102
9092249.010282423 260 93
9108140.479918713 70 102
9131316.491115889 104 120
9134662.457567874 118 84
9139616.475972159 448 83
9141431.393210879 85 112
9142403.084747864 458 82
9148186.454734225 268 90
9175947.087952800 148 102
9177644.058849012 158 120
9180431.476524079 153 103
9183630.269077154 483 116
9185105.782019222 230 117
9185754.490356803 299 84
9205770.290694909 240 103
9218984.887280414 380 106
9225299.058395701 122 110
9229430.962042840 227 84
9253188.724332206 95 95
9257468.012519885 474 93
9266989.162208987 64 81
9289191.420404322 347 108
9329309.278972633 420 113
9355655.924090015 348 95
9374185.265186038 435 102
9380120.942621781 412 87
9387562.112860782 398 103
9425386.548213875 172 120
9427453.944667755 437 111
9429362.669317791 356 99
9440491.111832289 472 86
9455275.522950927 80 91
9457720.920272108 259 105
9468708.590202099 87 92
9472027.327190360 367 83
9476662.465808738 225 102
9476853.044464631 359 92
9513584.088484328 295 88
9520053.345030474 409 104
9525405.154674789 270 110
9530709.687977763 509 91
9531806.321653573 488 118
9544753.785479974 392 117
9578374.268575178 204 111
9582564.134658065 457 98
9596765.310817206 117 115
9600681.739570267 180 93
9613533.826781271 351 85
9613879.120599512 420 81
9626271.264317477 282 112
9676938.881095925 251 106
9682685.731710786 172 114
9705277.287146505 237 100
9723470.149715213 438 95
9723672.983422251 90 90
9726089.302038264 105 80
9753749.983065752 150 118
9788475.152442433 73 89
9810976.011408726 242 118
9828644.410174290 143 117
9830151.857507523 112 90
9833816.266750155 423 96
9878415.843417315 349 81
9884687.395003259 309 109
9888787.411818106 357 85
9911461.181087079 410 95
9937732.072942669 114 80
9958216.904554861 114 80
10013800.882402789 236 115
10048029.317539368 76 97
10050850.183110068 210 105
10071343.103624335 456 104
10080079.969586646 472 93
10084073.446422586 199 84
10101548.473901127 130 105
10106502.021400539 136 117
10137495.896456372 410 118
10142828.930481955 416 114
10166722.283007516 172 92
10168000.984915579 438 96
10183740.565692278 184 110
10199398.364943020 443 110
10210170.140432425 269 106
10216085.472165136 495 93
10223998.561286634 297 96
10243157.172949761 349 86
10268605.567991922 215 119
10298651.412072888 447 111
10299811.036774132 128 112
10327872.411731331 354 80
10331340.380185118 254 93
10371269.524371872 114 99
10394266.885582440 393 105
10394701.531457445 506 117
10400163.622689629 288 94
10429317.694345430 291 94
10441144.389056919 482 85
10462853.516375810 296 117
10469426.028155299 102 85
10490127.895306431 221 110
10514041.342755411 360 105
10538172.082838988 111 102
10542017.113433762 480 89
10580031.857173696 222 110
10585438.692858992 370 96
10613552.999837171 393 113
10614308.020110162 461 94
10623737.473992594 410 112
10629280.445209838 389 120
10629939.125448259 309 115
10655964.541036686 189 88
10657967.053521808 249 111
10664493.288403591 349 83
10668496.090576565 212 87
10681406.332378400 238 117
10684823.898676751 94 90
10688326.368308829 97 91
10713013.462411601 424 84
10731861.821195520 137 91
10736541.858311858 382 94
10775545.588622374 503 86
10776927.175881568 208 106
10791409.819356645 328 89
10817263.146998441 265 90
10821430.761361459 268 108
10834982.621957602 273 91
10835632.253718499 418 109
10838016.666560272 420 91
10843747.824227313 348 96
10865133.984179713 356 106
10865851.851179911 227 113
10870724.707279421 154 116
10872218.260518141 348 120
10893138.738421217 146 107
10893697.616749996 190 85
10894567.521348381 488 88
10927304.536839847 396 81
10934390.089549085 324 98
10949460.686047370 353 87
11001326.234597469 148 104
11003221.415125765 374 109
11023835.663440729 93 119
11051647.986514552 218 111
11059446.407192437 244 114
11067055.646612911 463 101
11067997.426767519 250 109
11110280.770018876 180 87
11112526.720058899 359 108
11126214.866251508 311 120
11163921.524087112 419 106
11179545.816306975 187 109
11195486.380984835 410 117
11198780.163230639 252 95
11198939.534830919 74 99
11212102.409785829 378 111
11212942.042190230 303 120
11214944.741833616 295 81
11218185.987248363 119 119
11221176.845194904 108 80
11224482.716520997 252 85
11225020.279689409 146 111
11226403.328497417 68 102
11233855.707836185 390 85
11246915.157507259 449 97
11280022.237479711 118 94
11283256.434744427 412 95
11300689.865370883 443 109
11333033.596247541 333 81
11337484.609286742 409 82
11372449.438932884 151 120
11386981.159911001 434 82
11394245.714809867 259 120
11406950.231206309 272 98
11421016.069380974 465 94
11425598.056875695 506 80
11425729.551681384 101 93
11429400.553009048 491 85
11447488.433112064 224 114
11451555.106506037 415 104
11452619.956260798 151 103
11455413.999407429 240 117
11478278.192883164 221 92
11486183.522321843 140 105
11502590.983532621 195 111
11506952.105636138 286 91
11512166.072803084 362 96
11518897.475756586 181 91
11528759.333174432 403 92
11551135.341330128 256 104
11614912.106945325 309 99
11630511.898849880 253 90
11645372.377037896 495 110
11649793.812166844 491 85
11702290.401594011 385 116
11703949.709813848 369 110
11707752.813177815 108 98
11707791.417697124 367 80
11712877.985244513 508 90
11720113.797537835 227 94
11726711.098085297 219 104
11731210.017715763 229 105
11733692.848855086 369 117
11752090.273596806 156 108
11756760.864006108 267 86
11761077.403565088 254 80
11766303.513097322 390 91
11769857.995559627 218 120
11798539.480800260 422 103
11828088.975664074 209 110
11831236.036126353 414 88
11839500.699696880 496 112
11840608.963511150 249 99
11843060.468203651 336 120
11890063.000509739 508 113
11909312.518013226 208 92
11923880.434703678 329 107
11926918.848888125 215 117
11940193.905267498 122 101
11940429.156160032 216 117
11950194.393305445 510 120
11958075.822812568 331 115
11969077.119747492 111 107
11986346.650912650 104 103
11990010.432076169 453 97
11996722.866746871 188 104
12009716.439066086 356 117
12017700.738204334 297 89
12024227.296823755 129 107
12054242.143354606 265 85
12055855.886772646 449 114
12087527.709789813 217 89
12109422.290362721 91 109
12128801.580467701 353 96
12130640.584361827 113 101
12152850.840694778 348 111
12167388.565100271 259 107
12167464.430748386 456 94
12167835.413310030 478 92
12192394.095006894 448 98
12221827.733905785 184 115
12224750.397918548 386 92
12230755.902753105 194 108
12238681.172965972 243 87
12257864.762250548 122 109
12289805.292761868 211 90
12300736.206310399 370 91
12316123.929697497 434 87
12323119.301828653 187 112
12337611.910368420 487 106
12342885.237171628 190 108
12344526.767855262 500 84
12345041.020437922 138 102
12346658.001978826 123 96
12347077.501998691 120 87
12349937.387356212 441 91
12351740.188486880 440 90
12377308.434136806 208 80
12409558.597254163 387 114
12423425.664982447 333 103
12438251.243853945 133 85
12438882.969843458 252 99
12460410.339730881 509 83
12470793.542429574 464 111
12488007.396163352 142 96
12539985.741345253 155 84
12562708.819156025 149 89
12568077.692711901 427 119
12577651.344235191 147 80
12580701.249620652 386 89
12587471.020686248 454 115
12591132.057958243 325 118
12603116.962928327 218 86
12634690.381326234 462 86
12640579.415943366 73 105
12660643.383918118 278 84
12680617.783385372 335 87
12693186.275987539 97 120
12695245.497330252 401 103
12697223.657513032 503 105
12706067.860488115 341 99
12718640.624746440 76 104
12722551.368341621 241 81
12730597.509174379 439 105
12756238.461782342 88 92
12762725.376820151 215 95
12782538.062303629 155 90
12804318.902192678 250 106
12814929.673547331 380 108
12828833.755444555 305 90
12830987.014408495 304 112
12833879.588542551 415 119
12855849.262331039 361 105
12856991.229529796 470 105
12859045.594124805 322 113
12859961.166393826 495 113
12903065.296180526 263 91
12906617.641504660 96 98
12913128.551597269 137 94
12918206.536380680 346 98
12951537.597714715 138 102
12956769.837338889 480 108
12975054.603699794 488 101
12975438.577290162 425 92
12982602.759230962 146 118
13013884.274781790 301 99
13015756.934440592 378 108
13017865.522077210 397 111
13033896.066521473 242 87
13042562.796924511 340 85
13049309.848623050 134 103
13075604.969379103 381 112
13080252.332191244 65 92
13084730.222707532 354 119
13089182.108534509 233 105
13090475.887792695 215 88
13098961.424880169 279 84
13105792.076613283 276 100
13111161.172953295 243 95
13113897.353219341 217 119
13137298.056135856 323 114
13138367.530825265 271 113
13142120.814438853 369 103
13152905.545908870 308 103
13154940.805592887 257 102
13158669.111178156 434 98
13160756.254311852 213 86
13233549.509517521 266 90
13258789.956282433 154 108
13274081.132353291 410 114
13278856.239106087 297 115
13282699.496039713 127 112
13291907.923266483 458 109
13304944.736826528 374 111
13325699.722041495 294 120
13331635.629200242 310 117
13332265.552656665 440 115
13348302.380117150 282 85
13350521.271054426 419 118
13363228.411518438 92 90
13365448.337836716 152 117
13368690.747220049 252 119
13388261.369238133 225 115
13389651.223871540 470 98
13394839.639367530 461 108
13412711.203287765 263 104
13414268.866509495 206 114
13434056.565561444 147 87
13453863.506459232 242 108
13498726.990652911 192 92
13502311.453483440 407 97
13508106.863416087 141 117
13508759.624529814 139 85
13516438.210497782 427 87
13519876.940454647 393 101
13556429.284200732 358 89
13558315.002829682 99 109
13561916.801975081 208 101
13562005.612524664 348 93
13576292.903339608 191 105
13582889.959160440 226 101
13593591.200249149 504 113
13598588.372469109 136 92
13660872.641622830 286 85
13664644.864163078 212 105
13680000.574710511 509 117
13726495.075372448 307 111
13756161.087753201 270 110
13761572.571921691 431 117
13768717.406979144 107 103
13795198.166110337 278 90
13799771.301901976 368 109
13841282.150461743 276 101
13849200.852540070 276 81
13849468.551652707 466 102
13853370.693308307 102 106
13877599.892353570 408 106
13881844.555362433 250 105
13884690.813131612 339 103
13887605.979960801 119 91
13895463.400173834 91 113
13917680.769976035 383 99
13963911.892951354 188 94
13969122.673299583 304 92
13973629.999773841 440 99
13978144.981891831 390 95
13989172.528492622 381 114
14004436.898501882 430 98
14010252.031294273 345 96
14017450.135151090 454 85
14022677.779016582 77 89
14024503.900244078 460 98
14030388.501541527 310 101
14032583.149691917 485 91
14038210.829974566 472 119
14044002.512097558 510 95
14057316.374307998 150 108
14066341.308925347 394 108
14067866.153330084 504 95
14073141.220466375 294 95
14096903.917553997 389 96
14106147.206165645 178 89
14137638.876687221 88 90
14142610.109266210 497 100
14150487.010503879 153 119
14151880.075683489 95 110
14213821.365343442 136 119
14227652.324468577 283 107
14234123.190995725 276 107
14235465.287764391 177 97
14236906.298144195 360 91
14261092.979346270 416 120
14265508.447716584 419 117
14279534.326039925 279 93
14282490.841067085 415 114
14291087.302852001 405 86
14305818.824702686 313 96
14351104.124992264 294 87
14356362.210861273 273 111
14359925.275507869 108 116
14363313.233907586 469 105
14383926.970293634 165 117
14397990.866270470 482 86
14410964.382207368 206 104
14432047.779862715 285 102
14435290.029317027 131 105
14474139.537668481 107 114
14510669.330842540 293 80
14514165.000710439 500 81
14521912.083977230 311 90
14544264.088089356 397 113
14549207.709069207 444 88
14578145.952150770 84 116
14582716.559217196 265 99
14584904.234761752 79 104
14589759.065375034 340 112
14590705.858407712 129 107
14623493.588515433 204 114
14643111.400169218 494 116
14662723.237749571 189 120
14690849.145084757 470 96
14707056.837075088 214 82
14718803.548699025 496 87
14719328.055402281 134 82
14719940.033178849 106 82
14736874.856230887 162 91
14740657.656218892 259 99
14780374.842407182 252 111
14786442.006202741 382 113
14796317.312878007 253 93
14799456.660258632 330 97
14801953.792073324 261 106
14831316.175460560 99 113
14843120.396769227 464 90
14853108.391091121 223 104
14867141.797785429 123 118
14903229.493203387 68 111
14905942.888537381 468 87
14914180.393739456 190 84
14921538.793308377 391 100
14924391.248689579 279 112
14926206.924653864 375 113
14992273.193554413 306 99
15009318.216289360 264 81
15031797.465019619 171 82
15035960.667547921 410 119
15039164.292352449 283 112
15047560.521927824 492 80
15061925.556948291 80 104
15064448.479686778 486 119
15088353.004428342 123 89
15097122.392836491 415 80
15099624.458186414 306 83
15108252.441292012 374 90
15116232.468318468 363 92
15142950.010008674 135 98
15146917.287286343 224 107
15159975.087790223 100 81
15169369.054529846 127 101
15214904.507078266 405 113
15222664.940548971 71 113
15267178.586421246 304 120
15281204.215619758 507 120
15303254.840625044 196 84
15306550.973264566 269 107
15308600.057970555 473 106
15310514.809348930 194 113
15315542.979224835 309 98
15326556.134964028 279 101
15329793.705136085 466 91
15343693.072968200 211 86
15348704.285944996 315 110
15358435.996078860 319 105
15360585.822704460 65 119
15376288.427703084 150 112
15376659.323317708 113 107
15384474.888798239 83 111
15398849.037801204 115 83
15405682.938328063 430 114
15407413.952753935 143 83
15436982.071170680 189 80
15446368.102120306 96 85
15449212.702504791 401 102
15459350.872418931 95 100
15460101.099874213 117 117
15462347.815185130 367 85
15462672.341898182 256 107
15475426.080202196 427 120
15483785.750001617 464 80
15493426.187227136 192 120
15495988.508436048 110 80
15496311.788766708 506 81
15497643.021335158 391 116
15518948.393631415 270 117
15520013.408600133 487 101
15535418.400812646 451 109
15556523.638095044 287 117
15558141.877420047 146 95
15564326.615297921 410 102
15564597.032599231 484 99
15583114.087248908 250 115
15584801.300085634 411 97
15587755.932596305 197 89
15597494.103441477 464 90
15598708.245823035 434 82
15634194.367711836 493 116
15638907.483084727 89 92
15656630.348372603 512 109
15666639.727655679 354 112
15671788.765865266 496 94
15697609.270318618 81 108
15706577.289500197 474 105
15725492.421779651 181 86
15730092.260745434 497 96
15730403.964612067 89 93
15747537.671060614 118 108
15755117.081597950 482 115
15760969.016712090 373 112
15784968.083692782 196 109
15788386.639403338 472 82
15789709.916738983 238 107
15815116.532908307 352 112
15832560.771199122 298 98
15837748.156436997 359 113
15871760.178965827 470 88
15871797.295915540 490 81
15899613.306838041 456 119
15916913.790523993 298 103
15928224.660911690 89 106
15931604.911163691 484 119
15941335.555834224 496 115
15949133.301662244 265 88
15978513.642662125 163 113
15995154.949694872 131 111
16005635.132448610 73 88
16007493.212013178 120 113
16043373.179945007 407 88
16044882.420285225 219 92
16050235.733687105 270 94
16051228.093438147 443 105
16079419.464602325 337 110
16094420.028710600 363 101
16106484.579785790 396 95
16119188.460915491 125 120
16120917.713568782 394 93
16123808.043818699 410 113
16153141.998893136 483 112
16165980.014419014 66 99
16169885.003730791 90 106
16185840.393363193 213 93
16188387.200768655 469 85
16192223.894010717 415 86
16196052.826885803 285 96
16217021.186802523 400 103
16235515.331816351 143 92
16245078.560421780 211 102
16251609.058566634 159 93
16254254.838998683 463 119
16267109.884314166 202 95
16300371.609413397 96 95
16322897.648076069 448 118
16327464.345135292 407 113
16358945.280559940 262 88
16374128.397173302 109 80
16378763.877692193 284 88
16396943.536304260 445 103
16411607.516802656 188 80
16420230.807478365 487 89
16423127.274092838 93 120
16439906.559307240 450 117
16454916.006663140 85 93
16466224.468293140 219 94
16519034.867684580 450 90
16525185.788527060 314 90
16528354.190798435 218 102
16541763.134644525 83 89
16543256.067762390 93 85
16544766.267351985 448 110
16545896.356761927 273 113
16565241.385601131 132 107
16569512.813271735 355 86
16597267.403892793 178 116
16601587.912660971 409 104
16603238.629764302 304 95
16614352.477070283 219 111
16614417.248390857 496 81
16629108.640987445 369 101
16638202.092959160 393 86
16661372.714118693 140 119
16697361.220053362 340 106
16705398.589615434 477 117
16709852.022551721 365 111
16719896.066761540 275 97
16757574.813127683 439 114
16764168.576509373 128 80
16773622.551141011 140 82
16785503.003854644 229 85
16802614.750928443 132 81
16804358.282984477 98 86
16833346.661643896 152 87
16853709.705192197 315 98
16860404.717792109 470 116
16867784.704021920 129 90
16880015.430094432 397 102
16894661.180988148 126 113
16902466.553416498 198 95
16913015.072416093 368 82
16914579.235544678 126 98
16936900.220730662 438 107
16946971.152024306 310 99
16955311.689351831 223 118
16958412.433146309 489 88
16960966.678830355 122 102
16970234.102957264 247 102
17013496.728235394 343 97
17080910.723791830 323 120
17102814.821245287 170 111
17105080.276613392 417 98
17107873.215793602 81 95
17116080.698294334 480 93
17145796.521703273 418 99
17160007.025497638 367 84
17173421.330947079 175 91
17175077.387491003 164 84
17179492.822996262 487 83
17193510.267803811 363 92
17199488.879894555 278 119
17215670.966539197 495 88
17232982.221400712 202 85
17279744.825459704 466 83
17288323.558565538 282 89
17291410.259471152 132 80
17311348.341443438 64 81
17319283.936929241 470 111
17332170.355845559 429 88
17337001.034288269 152 110
17348810.208709832 301 95
17356017.157264218 136 109
17375351.103006210 506 107
17406136.607047230 143 102
17408895.594068248 85 85
17420541.698304139 83 91
17421195.263169285 245 103
17429302.112101831 462 99
17466498.921521831 173 104
17468576.734599773 321 88
17481784.649154145 227 93
17504289.168559548 485 99
17512244.849845264 512 104
17531078.262238801 475 95
17562484.814230833 361 92
17565955.276840072 507 109
17569632.882849306 207 100
17580346.600946631 509 87
17584683.069134586 360 107
17589974.403997615 486 94
17606984.643273655 107 100
17609321.401080027 344 84
17609514.514932919 252 88
17621326.186341658 366 83
17667042.387660012 234 100
17668577.373434529 237 89
17695375.222472318 439 87
17707245.913061865 258 103
17710281.474216305 128 108
17716009.593415484 222 110
17739514.182885453 149 82
17740516.625724129 65 102
17741296.483876064 236 93
17776615.133145060 115 94
17800423.718236070 249 99
17816438.693864975 504 102
17837323.144095179 355 112
17850856.833140608 186 112
17863372.344623130 176 104
17875715.473179117 222 105
17883036.386645555 270 91
17899577.463610366 138 100
17900275.776609235 143 82
17906064.488527544 387 106
17923421.569705930 216 85
17924024.154813282 343 81
17940541.534838151 495 110
17944809.432901680 236 82
17948001.409883734 257 112
17952934.333972916 159 82
17954479.725582160 313 88
17961958.545528743 148 93
17995342.018904246 74 91
17996498.175273620 483 112
18005174.497679614 255 84
18007373.271036703 109 112
18045935.371707093 154 100
18055597.201659571 411 114
18059392.778631020 263 119
18082544.897258151 462 118
18106599.196892921 89 94
18113165.776748598 449 111
18114230.850881450 68 83
18133086.004723251 107 105
18135259.878746703 410 100
18136044.631403327 208 94
18171275.458146267 320 116
18172703.213763371 459 86
18178669.735267643 111 119
18201588.917455703 80 116
18204654.987082537 492 105
18205102.478584435 372 98
18212636.129308645 366 109
18215087.147936944 210 91
18225536.635437395 229 111
18226062.130196780 224 105
18227078.455223035 240 93
18236046.671084523 451 118
18240605.477370642 483 85
18278860.568620492 243 114
18280685.084937431 487 108
18294082.194018170 465 112
18297238.640733358 495 86
18348194.316351753 236 111
18351314.796223581 180 119
18355343.195786502 480 119
18389176.558188256 503 99
18400247.032180201 66 98
18417543.507773500 144 93
18419023.010606982 312 95
18421586.237252161 317 93
18462748.843652293 302 101
18466119.078270923 114 110
18473011.542318311 332 81
18491930.838073134 124 120
18545042.818428159 207 105
18549532.575736251 419 109
18569526.163695518 448 91
18593744.600382950 256 89
18599826.273007650 506 102
18626151.731680021 108 111
18628827.766891766 78 111
18630063.563957490 208 88
18642715.033082690 472 87
18650019.353831466 115 100
18651495.396035511 268 118
18655128.099813607 224 86
18687377.026507594 506 91
18688617.119761158 267 112
18691707.919344153 272 90
18697866.359113831 84 83
18709336.953642249 228 99
18737770.042772714 167 101
18741399.749567851 489 108
18750454.889144454 228 108
18750579.426038351 146 120
18751122.162381142 95 82
18769221.747198243 205 117
18772351.022189599 118 115
18792105.429686829 72 101
18805459.629701000 411 100
18829994.604987156 136 110
18840349.032490544 324 107
18842657.718238007 409 118
18855084.470602822 308 81
18856173.989640791 87 109
18871663.222392935 209 106
18887260.629139785 163 110
18895992.585602242 153 112
18900897.017451126 273 112
18934305.617595118 485 108
18944738.297878884 404 81
18953426.744351320 264 111
18956842.727030098 66 89
18981716.525805645 356 89
19009374.156852204 482 103
19015280.292858411 151 97
19024025.456050653 437 120
19035673.306266479 479 97
19046232.078156184 78 107
19076549.980567921 335 113
19090976.728482749 173 114
19106242.338139560 248 85
19110420.154190529 400 94
19163573.763769690 106 113
19166568.289652769 89 99
19246081.137174059 395 108
19276621.781977009 336 102
19279475.908421449 298 109
19291493.116427287 330 117
19293337.441341255 508 80
19305722.872535642 285 82
19343805.394690841 408 109
19353456.722359002 498 104
19362213.845721859 224 111
19366528.322582044 261 84
19371191.531010937 168 105
19375380.823014382 249 116
19381967.985772043 87 102
19385683.816199973 294 96
19393203.666101284 314 105
19405156.922986399 125 83
19408024.045103617 505 117
19418639.640613515 486 83
19435668.996524215 409 100
19443954.389110215 237 86
19448462.285930529 467 100
19454606.216616690 413 99
19460957.395229749 234 108
19471510.029167119 489 111
19476712.051326249 342 106
19503352.697444040 331 117
19517569.115332298 368 110
19518722.876847412 399 112
19539698.781796820 396 99
19550423.350328121 504 103
19553893.850026760 445 112
19563434.758727085 91 82
19568319.145410843 147 92
19571353.441221680 443 91
19581378.211159218 149 87
19599910.445846025 150 110
19648786.862252861 444 93
19654344.279341273 351 116
19666379.037567768 131 80
19675210.284206275 142 91
19690784.771210443 343 113
19701978.417604655 412 101
19721081.855345722 239 105
19728365.509117730 401 113
19735436.519522224 414 96
19775261.675667692 80 94
19780244.635367539 198 99
19782224.883740127 330 87
19790383.772633366 449 101
19817363.155217823 453 116
19838751.155846149 353 80
19839729.186420634 479 108
19861120.806043915 173 108
19864352.011435300 327 90
19883613.715842456 313 112
19897319.002059776 460 96
19901349.229233790 319 94
19904596.948935978 375 98
19909531.036415081 405 112
19912505.566936191 252 82
19918286.820879649 366 84
19930018.434846625 501 80
19939635.270076573 132 99
19967510.122001871 179 105
19992087.187607951 318 84
20009151.246791031 202 118
20023095.115324508 94 120
20031971.372782145 133 106
20060454.354269419 392 89
20076176.162120990 326 82
20076827.862484407 299 94
20081669.474692028 504 113
20087644.261506759 97 100
20111178.301991269 300 104
20119802.150981378 347 117
20120374.005491603 424 100
20128711.293797344 339 115
20142158.188785411 204 108
20149157.783159640 241 95
20153301.424317341 425 85
20155738.359407585 142 84
20176814.776334692 259 111
20180022.366099827 294 117
20184702.498453714 483 92
20221826.576882504 418 114
20239411.196245480 188 91
20243618.918395594 243 93
20250165.002649490 401 110
20270865.956794169 482 97
20275119.584269445 259 94
20285990.964910306 360 97
20286468.761185329 222 112
20292474.085062884 389 116
20294782.605291277 293 91
20300120.038229067 511 110
20303780.054124191 331 112
20307609.735627316 280 107
20377155.118721306 287 96
20379760.917780992 457 116
20390705.568415064 435 102
20396946.826349679 444 83
20401741.515974443 404 119
20408990.830270011 489 102
20409752.486280609 495 116
20449183.680008885 472 118
20465519.580227595 86 104
20481595.503145911 102 119
20494459.642338134 96 106
20499386.365816846 477 108
20504918.667242523 354 106
20512634.469969891 220 108
20524494.603407927 153 87
20539883.800165635 307 114
20547022.759129707 509 113
20621214.176044613 139 111
20647893.459219355 464 107
20667957.296369992 277 86
20679468.026137263 349 87
20680490.429611102 367 93
20719456.652840707 375 114
20769960.580799513 105 109
20779123.014665917 340 112
20790390.255797576 275 80
20795195.888964161 401 109
20800312.242802572 108 109
20832744.369319074 241 100
20837346.651850607 447 103
20839466.209243972 314 106
20839848.110891014 385 91
20844045.963349130 339 87
20848506.538557015 89 87
20853178.545759209 119 110
20853793.214348074 256 96
20856886.304486603 372 103
20856925.233475048 368 86
20911868.350763157 124 120
20934485.948609494 83 82
20935941.637512024 156 102
20944111.540515006 269 106
20961048.675480451 136 82
20966925.058181033 289 117
20970035.446878586 162 85
20971147.368805129 254 108
21048924.685135957 402 92
21059471.921715096 130 89
21061244.434122004 178 89
21077911.221798755 141 80
21104567.882708210 458 106
21137793.715175427 122 81
21152165.380022317 373 86
21159100.022521451 182 92
21186441.947364077 170 89
21204157.942579482 503 85
21209206.327737723 243 83
21235811.736872658 345 104
21265983.314931728 423 97
21269471.300079379 111 97
21327004.174216103 329 84
21329253.671907853 106 85
21364600.036767609 305 112
21395480.229056999 411 109
21399019.101432048 84 96
21411197.312292125 464 108
21414288.299787480 351 120
21431575.287220404 270 92
21436080.795489747 189 105
21447698.471655216 431 87
21451019.877140421 202 81
21459301.942813642 95 116
21472245.419263937 132 118
21481980.606280677 117 108
21495790.083939217 336 106
21497744.714113969 246 97
21499906.513730168 369 92
21508823.794942107 393 105
21514387.483550448 96 96
21521600.131244164 467 81
21530790.786175326 440 107
21537154.028621666 225 92
21541568.161107112 460 119
21584636.325907305 260 115
21589290.368057065 95 80
21598560.579915401 171 81
21605683.317245226 186 106
21618063.416331768 79 99
21625794.626436226 421 93
21626712.343612127 333 119
21631510.957712006 190 100
21638448.674879916 446 81
21677206.043138240 279 97
21680215.761679772 198 83
21711231.557064176 402 103
21716445.793397889 309 84
21717391.891147044 478 84
21735297.985590585 246 119
21738952.634489734 166 110
21739414.109150510 290 115
21750862.646494772 325 113
21770642.895847745 278 112
21779046.554404903 82 112
21793790.465570640 486 84
21794132.618145145 169 103
21809098.991152033 494 80
21831447.224006124 257 98
21848746.941027224 399 88
21863249.003504016 267 92
21882138.928276975 489 107
21886347.109712232 396 90
21888333.164018836 467 119
21916553.276285913 147 88
21922035.618076466 108 93
21924039.763879012 259 118
21931933.150967184 229 80
21949497.925532844 443 92
21958385.124564644 138 111
21990635.114711992 196 80
21991966.158687919 477 81
21996264.121012926 381 94
21998336.114796054 133 101
22001513.684640106 446 107
22016029.237706006 309 118
22017276.521105438 133 87
22031693.628890838 146 93
22057342.888792310 369 105
22061587.583318181 74 110
22063579.117888015 81 106
22080676.943577025 145 100
22083431.087273095 415 95
22096599.404800702 256 105
22111133.041478112 339 119
