7 6.932859857 1.432261459 0.670779218 855160 27
44744.201844801 114.783451108 0.492049893 0.009063361 182.329507388 0.500000000 0.500000000
10
1 0.279783435 0.518650834 0.170351605 0.369546525 2.988928294 0.461505147
2 0.504309901 -1.000000000 0.307058926 -1.000000000 -1.000000000 0.766467955
4 0.909019064 -1.000000000 0.553473998 1.019304706 8.244235768 1.272950323
16 -1.000000000 8.298413340 1.798242325 2.811505493 22.739730341 3.511125578
32 5.323527234 16.596826681 3.241333455 4.669349585 37.766154356 5.831278936
64 9.595662765 33.193653361 -1.000000000 7.754857887 62.722046106 9.684590675
128 17.296191013 66.387306723 10.531123466 12.879271459 104.168802324 16.084172540
256 31.176400303 132.774613445 18.982359790 21.389899820 173.003593655 -1.000000000
512 56.195490391 265.549226890 34.215721085 35.524355222 287.324445993 44.364299686
1024 101.292423424 531.098453780 61.673868913 58.998865098 477.188568867 73.680248831
1573
0.000000000 451 117
245.326914840 508 119
327.825633617 425 112
1103.342752044 448 80
1429.272914463 272 86
1753.427055199 179 80
2372.008446699 427 118
2523.601625036 414 93
2653.588074699 78 91
4061.741102863 291 88
4330.885146915 171 106
5072.383418815 198 116
5207.858287709 499 109
6003.932336121 78 89
6777.995275885 85 86
7221.881558723 508 91
7641.057879893 282 102
8168.913634147 360 98
11376.423375690 336 83
11790.666618327 184 106
12110.667063169 205 86
12371.588578912 240 80
13419.046310421 237 93
14039.301631819 424 91
14403.185804055 494 109
15082.047393690 461 120
16008.358309406 469 109
16310.876957617 494 115
16457.793592521 313 87
17043.985322251 430 96
17304.961569396 421 108
20483.981573023 418 84
21240.866151126 413 92
21642.139419052 334 102
22154.774585856 339 82
22823.935278329 449 84
23021.257288545 365 101
23226.459316928 382 95
23503.927344714 345 106
23616.962388542 330 112
25229.077870060 115 92
25845.233089051 293 91
26628.252954789 446 99
27760.847926003 153 90
28302.806420696 461 88
29983.491523347 425 116
30005.245391795 284 99
30909.833689497 216 100
32435.409429150 361 105
32560.633740205 332 114
32710.530588271 92 90
34112.523275109 307 103
35330.357199528 69 89
39002.622470981 449 87
39137.523359887 128 90
39472.987444718 96 106
40334.223759226 286 109
40525.953634746 488 104
41006.390650132 240 115
41560.391685421 418 90
41623.099618258 107 111
42907.812978337 504 89
43441.067429178 125 109
43636.937623008 316 111
44191.662096325 110 103
45631.581849621 317 84
46018.822161594 189 114
46218.983050503 511 119
46369.343536965 230 98
46563.246620113 399 108
47387.650748185 411 112
47765.583119457 343 102
48941.474488445 380 84
50466.506909677 127 111
51166.961011464 475 92
51238.515431967 145 84
52243.098793069 376 99
52856.234759183 422 113
52923.733589109 146 93
55069.704695160 466 97
55842.434614544 170 85
56052.108100780 360 98
56486.074725169 322 100
56958.217537278 198 104
57044.116108763 152 91
58249.722385043 146 88
58250.314288472 289 90
59393.791898191 344 92
60167.273916775 507 88
60847.123222622 505 80
62452.413115717 451 85
63184.119832049 464 103
63979.577425243 70 104
64056.865802732 509 110
64797.892629923 129 81
64839.649243691 298 106
64871.315395735 329 82
65541.474394105 211 90
67194.897676650 76 80
67564.454725707 269 116
67900.081789555 224 115
68265.206419238 241 110
68278.580568672 371 80
68424.335879371 410 82
69350.986481095 150 88
70475.113774531 315 115
71446.905062940 190 107
71631.653506459 429 82
72084.777988213 252 101
72292.205647091 477 94
73660.354624841 280 110
73671.775374771 183 99
74589.157747866 121 99
75084.356948662 169 86
75268.754748675 233 102
75840.942798037 480 101
76373.925442826 292 92
77020.448728342 137 92
77452.950401386 423 96
77982.352321524 168 87
78181.920748284 318 108
78389.060660600 470 100
78607.524479671 153 113
81464.378695797 85 119
81892.481297470 378 94
82233.687571894 69 120
84496.516812784 507 82
84888.420257404 210 109
85375.353285081 65 104
85456.060367402 83 106
85488.078383703 374 95
85598.704041771 188 88
85858.651195131 167 108
86852.804869401 245 111
87461.043109217 440 107
87773.810896392 243 107
88093.474992439 227 89
88391.867281051 299 94
88766.848201487 320 89
89076.923815504 140 87
89177.138236824 404 113
90010.582005431 217 91
90301.718994587 230 103
90812.750239205 90 98
91914.376376277 183 94
91998.968480765 178 82
92411.757827410 332 113
93171.618596808 375 91
93722.977172021 161 94
93949.915582784 482 105
94394.693630713 367 101
94931.607512570 107 94
95143.050387638 172 111
95180.218323466 416 120
96755.018987610 457 101
97682.891456118 168 92
97685.464654539 209 86
98720.427176781 241 89
98810.649426317 185 87
100171.706597463 331 105
100478.161778291 390 80
101256.687609273 503 108
101883.604054572 99 85
102149.554397981 95 116
102160.540696523 89 117
102755.401914198 188 98
103137.479190370 70 104
104074.158512525 511 85
104088.764723355 73 90
104310.737939917 66 81
104667.884423223 177 90
106773.800313280 252 93
106782.313031873 232 98
106942.514899708 191 96
107154.687335947 467 118
107848.580156016 314 103
107973.881428714 104 94
107981.361622596 244 109
108149.340375228 428 83
108336.562534940 120 100
109380.703431346 350 91
109648.888992156 139 97
109890.325095663 460 120
109932.947739239 284 118
110812.383298473 251 84
111267.487935745 476 98
111455.910560449 228 105
111527.152451848 356 84
112468.052177384 406 104
113032.380933414 485 100
113256.379124465 477 106
113291.130422296 70 87
113352.382989818 244 99
114163.115301875 75 96
115036.690838039 163 115
115860.611491674 358 104
116446.874792036 101 83
116454.929541879 71 110
117313.936765988 340 113
118383.466917926 145 105
119637.392731498 493 119
119708.520453164 118 92
120361.625860494 345 94
121276.551350074 481 85
121748.939480096 497 95
122111.395230613 460 100
122645.874249444 334 102
122660.715899537 210 108
122741.281803286 387 114
123602.927684196 454 106
123716.795850503 130 94
124473.710552525 181 81
124665.068011600 225 113
125108.599335142 439 99
125376.147729754 314 116
125583.179764781 186 111
126041.330901435 356 113
126166.828472281 495 110
126521.275254829 409 102
126722.866037857 70 105
129824.305640560 297 92
130698.358043956 424 80
131108.844078102 285 92
131732.952446159 492 112
131912.479918174 387 110
132866.584523339 339 99
133600.400217607 476 116
134615.871999828 239 109
134667.975957653 478 107
135044.731039731 387 99
135896.733164453 67 100
138920.353007593 129 104
139062.956417721 127 101
139321.308878246 229 120
140195.111651103 484 87
140808.127699853 374 93
140916.988699446 404 99
140924.520469870 229 83
141312.058382792 155 80
142437.362829505 223 112
142917.770007431 143 120
143308.432283919 188 101
143911.493782031 431 90
144046.977623715 177 102
144542.170022963 395 108
144779.878474167 163 104
144943.014859176 305 118
145618.026186603 119 105
145798.744673013 311 96
146517.883345687 125 114
146665.065288686 228 106
147032.092748172 281 108
147509.429006703 503 96
147671.546777182 417 111
147691.275699031 257 104
148260.592311239 158 95
148784.679807828 210 106
149820.917851058 321 109
150585.648783562 377 101
151448.194900456 156 107
152218.452277664 119 90
152350.081787269 360 105
152700.122323052 451 100
153032.802508348 116 81
153805.882655959 159 117
153964.650877353 106 82
154513.054835738 205 108
155867.581231385 236 101
156816.725012972 150 96
157307.975048122 427 100
157615.768984351 289 106
158223.080274592 260 106
158418.877299778 325 101
159588.576107659 230 89
159725.116998280 433 107
160934.341117428 435 86
161083.647045262 267 118
163406.895042173 255 119
163898.016646399 350 85
164669.799778367 119 98
166560.589407192 239 110
166901.039985034 153 91
167721.132834526 240 96
168561.362124604 87 117
168636.647110165 265 96
168712.495985523 409 87
170103.875559442 308 102
171326.522783311 382 112
171821.766512543 382 109
172157.658998272 430 109
173617.921291455 377 119
173784.142353129 177 120
174698.920719650 360 83
174884.745960245 470 89
175032.897607087 273 88
175328.724639271 322 95
175490.346070309 243 99
175751.171368402 484 96
176099.184801251 329 104
176239.380132607 438 112
176478.888300007 217 95
176595.537806932 82 102
177129.377647497 485 80
177285.672772142 181 98
177860.054444790 283 115
177970.565606248 336 93
178379.463605865 245 96
179089.123646527 481 113
179761.594935334 326 108
180278.274380687 375 115
180346.279499467 121 86
180547.738085579 90 82
180979.895862328 150 81
182465.292936317 327 88
182569.328649428 286 98
182641.171763940 511 114
182755.435548600 129 114
182855.599242595 491 119
183536.045919612 74 84
184158.202245194 254 83
184374.515537668 363 111
185367.826156865 324 88
185698.010383601 273 81
186278.599408073 183 85
186409.980192803 135 89
187337.595275454 90 120
187626.223196020 147 89
189823.951198902 107 112
190158.633551629 166 104
190262.547822416 107 100
190803.508763690 484 87
191674.798036056 112 90
191983.917225599 419 111
192337.561850623 236 112
192856.003965271 397 86
193018.637521959 395 80
193175.387011872 77 92
193417.313372795 174 85
193876.274138630 254 84
194310.406117654 430 89
195657.127062346 232 101
196016.825140970 442 89
196873.172068545 266 96
197234.239851753 393 100
197368.053053579 232 107
198986.104874042 374 110
199978.697057059 94 107
200312.713952699 287 108
200641.017238915 146 103
201066.182033679 323 118
201223.711534377 428 102
202045.796080381 186 96
202353.089031757 94 96
202546.421536379 228 119
203709.695878370 96 106
203733.520454356 144 104
203841.378167299 145 95
204882.022368152 77 88
205623.370574944 373 109
205849.419011667 361 104
206870.302752453 275 104
207415.689068711 323 99
208408.144616537 174 90
208902.449869804 131 89
210647.618303630 402 80
211404.546068824 473 104
212808.572824759 174 95
213343.205425285 274 109
213449.574052956 111 96
213570.505019893 368 110
215528.798530451 379 86
215741.294405068 356 93
216071.911733765 301 104
216338.103902466 341 86
216413.230760039 171 96
216419.669294364 354 83
216859.199176255 438 111
216942.362163681 184 102
217286.216666384 397 95
217402.071985785 349 118
217659.379525403 177 98
217761.016570473 278 96
218236.813437747 330 81
218396.804202729 343 98
219346.628932965 254 115
219927.496644297 323 93
221418.767650685 468 89
221451.406426594 436 94
221508.609312781 229 92
222113.303306717 182 96
223139.801461618 85 103
223707.976922043 223 82
224798.978158156 469 113
225201.491774470 441 91
225348.677269522 406 85
225359.726810187 190 95
226127.418455822 462 116
226139.156892732 430 103
226366.196483283 190 94
227331.943335684 500 83
228477.870627204 105 84
228930.520035468 134 88
230046.102555886 409 120
230276.271321984 353 93
230414.799742279 359 86
230487.995524296 454 113
230637.526041706 362 104
230855.009053425 343 113
231000.849555442 271 80
231837.133577605 390 109
232092.355645055 143 91
232692.612649656 387 100
232724.517392130 497 100
232976.006531783 429 114
235197.703440007 449 117
235382.921208797 334 95
235592.473151591 263 87
235690.579730407 303 106
236120.049096708 433 110
236889.540488100 247 106
237225.140208204 73 103
237240.021585577 285 108
237867.395589612 334 82
238378.186067088 351 112
239168.338102842 101 103
239541.552869330 273 103
241143.089586092 329 107
241607.116046805 149 87
241820.685169243 420 92
241917.592900294 432 105
242083.564631964 398 81
242768.210044534 181 84
243317.666456114 393 87
244030.892620457 356 94
244936.952253375 455 82
244988.608799512 369 96
245437.988269695 345 81
245555.559955436 407 111
246279.989972290 318 89
247397.471984816 406 83
248029.213711184 427 84
250659.162921329 318 109
250915.954797970 206 87
251154.984423392 258 109
252337.014703244 88 101
252522.284075773 267 97
252556.809743022 217 99
253483.113091451 320 119
253906.814608837 432 114
255040.240297841 65 102
255257.526453545 483 96
255624.100095654 315 101
256303.615087301 170 81
256800.864870914 334 115
256983.802491948 66 105
257224.340263988 283 107
257227.478910587 318 87
257508.772239871 196 85
258265.025836286 254 99
258959.858962580 430 97
259572.710222810 372 97
259756.698322322 466 85
260023.773105609 242 113
260586.547665375 175 91
260750.229943932 421 97
262200.747561172 408 100
263450.107240091 457 82
263596.172226041 369 98
263634.031212177 183 103
264089.127669139 348 115
264626.622133653 341 81
264746.031277347 353 100
264880.426763855 232 102
265547.686643334 97 97
266104.121899819 495 103
267279.171206337 274 91
267613.235330386 74 87
267692.565116601 409 113
267926.825692826 333 97
268940.940179947 310 110
269880.654218096 147 82
270159.528789591 429 91
271325.947674569 403 81
272153.508287434 467 118
272582.163136913 265 108
273768.716019058 376 90
274171.886683682 372 110
274268.205779570 427 116
274401.207160436 100 86
275993.167224850 459 86
276130.483736846 240 105
276479.729595082 293 104
278987.549039799 233 90
279164.746591435 463 91
279531.470656511 280 96
279693.970869661 373 80
280446.839666848 494 106
280662.818797207 482 108
280751.349695254 96 117
281129.247216730 260 118
281202.637374036 466 82
281417.453704911 125 81
281446.151390164 374 93
281592.256425299 436 85
282997.084891979 254 85
283792.594617017 387 91
284000.922270420 463 107
284091.505352961 275 83
284475.593495711 361 108
284520.197119836 198 112
284665.202576641 482 106
284844.685053191 215 102
285034.566552339 512 88
285438.282196543 418 120
286131.649225826 136 110
286169.517361542 153 87
287058.898315296 328 99
288137.117120410 206 115
288137.236112448 267 107
288355.358434096 115 120
289900.704827414 356 109
290126.404969598 174 85
290214.865558782 197 99
290403.404965114 80 114
291455.941785056 364 116
291589.357119493 442 88
291707.372769866 408 110
292013.450805650 337 103
292377.680094948 280 99
293602.583203516 324 90
293826.193813707 314 93
294199.169106053 375 103
294675.506356627 319 88
295898.099156623 266 82
296303.880363441 335 94
297930.516304080 477 99
299427.440381576 362 101
299612.148978700 253 95
300597.140831090 337 115
300828.257954059 118 103
302351.452753712 184 97
302438.931994808 139 88
303394.761375852 447 89
304349.779210272 156 119
304421.406086321 337 118
306932.152413549 180 103
307039.969863808 497 80
307808.312424405 164 105
308255.501566891 479 81
309166.101265781 208 104
310882.271205439 330 110
311225.632908311 147 83
312423.630523786 313 112
312595.670735475 285 98
312925.158780949 316 103
313471.528032516 472 95
313488.665887448 161 120
313582.403509668 359 95
313862.059546809 496 101
314041.579365070 134 109
315580.749036625 275 87
316658.009875698 221 116
317802.347167073 229 107
318025.019377823 117 98
318717.720793534 445 116
319377.386622837 462 114
320829.545035981 206 81
321540.698118498 71 100
321659.140572897 437 111
322789.941435305 252 102
323593.502714009 386 101
324606.676052380 450 104
324854.310741299 213 98
325565.632071533 424 112
325725.580212249 92 99
326189.865029802 326 112
326746.015796542 77 97
326746.605109393 397 104
327878.873835875 438 109
329334.591830227 325 116
329527.537290286 348 84
334021.709627445 442 100
334402.394494682 135 97
334428.706011596 261 110
334734.322110214 496 114
334803.725143214 318 90
335208.475463249 356 97
336017.698214193 191 96
336154.046447368 275 80
337945.766047330 308 90
339044.312344082 185 108
339134.961727504 71 94
339482.027438125 309 117
339522.675113582 334 113
340387.149400035 185 82
340441.373147535 507 119
340665.245820082 307 80
341075.081010580 330 110
341203.388910381 273 95
342534.330793442 481 92
344422.976905000 231 87
344711.053756495 362 120
345164.795576912 449 97
345824.444717409 453 111
345894.641676345 108 93
346909.342187056 268 95
347327.022555924 293 80
347510.757754049 506 83
348013.119858629 498 116
348643.208376650 243 96
349150.619102415 294 86
349805.064481502 306 80
350925.155313071 144 96
351113.233807866 109 108
351687.193489458 437 116
352322.645417471 255 96
352348.826281549 252 120
352453.086175160 139 118
353234.203486029 263 113
353529.547831908 166 95
353763.315526420 80 112
353791.098045665 311 102
353814.800122668 384 86
354606.099070802 403 110
354875.964787587 188 97
355344.951187767 65 90
355456.698995082 350 104
356015.611587826 174 110
356155.631166017 102 119
356957.472158972 376 112
357572.964704942 415 100
357825.261471785 288 118
359292.723482814 352 117
360046.202930934 493 108
360101.258972084 489 108
360171.188599766 89 89
361039.788632119 180 102
361446.721542714 352 105
363509.699641551 448 81
364129.025811677 233 88
364686.428554153 474 81
365475.004600022 409 117
366122.089161236 402 120
366217.129293034 276 95
366250.874228260 372 109
366535.049117638 322 111
366563.382238591 246 120
366833.343937162 451 110
366846.063383155 165 95
367556.821616133 336 118
367829.659749082 343 89
367838.848290186 441 81
369141.961398394 145 106
369215.202067042 433 106
369341.449445141 151 94
369859.073087890 177 99
373412.738447518 326 104
373505.500887964 182 117
373628.804454927 317 83
373851.146584503 271 83
374010.576824407 511 82
374721.497034759 497 90
375491.441921403 342 120
376875.759070861 223 109
376892.147918617 480 80
377685.242613773 352 119
377862.550406333 212 85
378096.535885487 465 116
378809.581658261 507 104
378909.874516999 459 84
379218.782182530 238 110
379316.463873236 442 117
379470.664527756 237 88
379905.431585672 239 81
379976.772889194 107 94
380598.481371907 256 106
380916.844761115 456 108
381349.178613804 339 83
381558.373348873 504 99
381749.134400275 324 83
381811.021585111 240 109
382595.994260343 165 95
382697.207788256 396 90
383352.557626529 313 109
383749.384106736 336 107
384541.059623333 355 119
385962.521607655 238 80
386267.183027593 222 111
386398.369222171 451 116
386705.564921735 142 107
386776.271547578 324 80
387154.401501783 205 91
387374.819827053 330 90
388735.728138034 291 92
389082.290097528 314 116
389302.449501487 381 97
389817.678010170 397 113
390830.667120170 377 108
391083.170676387 294 98
392590.215258744 412 94
392736.175046511 486 109
393465.502764376 425 85
393866.580107725 331 83
394554.453089115 440 80
394972.694573739 507 116
395244.565752445 328 108
396586.899780824 374 97
396923.807594651 480 85
396995.254451777 472 92
399737.712437644 289 95
400650.305614221 170 86
401155.804517358 271 118
401621.594793084 495 102
403270.503348809 132 109
404150.033128068 203 104
404790.373854863 196 96
405162.348147910 276 110
405164.537597520 98 100
405359.788111993 311 96
406254.705913153 173 86
406665.215550644 216 97
406760.608116111 77 102
407684.984807100 118 111
408386.528498111 437 88
408641.645276855 68 91
408915.405174756 393 110
410766.978659455 235 111
410981.081074724 262 82
411911.119542235 320 114
412212.926201912 436 83
413106.129199487 328 102
413820.536736409 201 93
414781.735373975 442 119
414832.567817467 437 115
415695.172612024 397 109
415842.018530922 403 88
416912.819037091 116 100
417452.548500971 383 97
418152.960441017 160 87
418772.870807895 80 80
420950.575910060 338 103
421180.444363062 100 117
421338.476764979 351 83
421829.468199597 193 102
421983.004502431 104 95
423245.558842125 372 94
424177.278086924 126 87
424218.765539188 269 110
424481.290678892 75 94
424629.022875430 337 106
425091.366733125 71 106
425193.228740820 135 118
425395.209229723 425 89
426661.240865011 121 113
426903.164957803 119 96
427504.379323490 275 105
427798.159729835 388 105
427845.561727249 87 106
428705.868407235 86 115
429686.170424312 205 112
430010.688342133 497 91
430719.660880664 245 111
431236.040646445 402 107
431238.748849164 217 84
432429.982034194 318 86
432868.890486964 450 97
433200.508952366 272 80
433336.899204541 359 84
433713.872056262 219 97
434016.005545710 231 80
434135.913148543 231 80
434189.269439796 421 102
434200.100048861 504 115
434233.966652390 353 117
434243.600561289 353 94
434627.055781372 314 107
434777.363243079 322 86
435059.129982907 431 82
435301.356465872 495 101
436323.725198324 151 108
437814.147473873 375 101
438361.250874472 191 97
438505.550293720 344 98
438748.602671431 507 83
438850.056624897 296 107
438857.615201563 209 87
439481.383401779 330 114
439617.429418215 108 106
440555.350198684 436 81
440573.689163346 184 97
441264.577834179 456 117
441533.014482948 397 98
441903.087283968 388 83
443622.343436556 417 105
444033.280638166 75 80
444259.276092909 310 106
444496.495836855 145 83
445259.815534976 152 91
445695.666095063 186 83
446284.184207850 324 101
446448.654937148 64 82
446879.538486898 354 88
447033.878138293 459 107
447568.918116968 68 102
447947.080873870 388 92
448011.941395731 309 106
448132.307854169 94 85
448216.164683280 86 107
448321.653983245 356 98
450167.423461663 404 119
450890.096314144 201 86
450967.060103433 505 86
451389.615499247 431 94
453214.232716607 216 105
453336.762874458 395 93
454517.604391353 257 93
455283.771802365 191 100
455621.181414843 160 118
455972.420929589 72 115
456094.362592318 159 104
457336.267328695 494 81
458214.791677232 341 106
459254.785447156 502 100
459561.312160458 464 90
459918.351010364 414 113
460035.546888191 228 118
460283.353387556 321 88
460538.087783400 346 100
460857.104717115 406 101
461694.398172081 272 105
461728.579167117 264 82
462431.822587394 176 109
462445.728902456 399 120
462522.463939377 463 86
462588.449857360 113 98
462771.394825647 399 110
463000.027865520 406 92
463261.601171416 90 105
464026.159421576 307 82
465107.539978529 154 101
465393.589412446 507 98
465438.462969277 88 82
466456.692852175 191 93
466789.087428342 333 94
467144.317785144 502 90
467473.992423052 287 111
468719.937743296 126 109
469151.003484120 143 100
469592.700406241 422 85
470354.656209750 278 85
471730.344318465 180 84
471884.615877297 201 107
471887.822455488 338 116
471942.225387584 459 101
472332.347363193 238 90
472521.245913980 279 86
472547.164649307 369 118
473815.455359466 306 85
473990.725370904 391 105
474040.153628106 335 108
474278.803771333 361 98
474343.154579556 444 99
474801.140631486 169 84
474835.455407505 341 106
474977.489030323 493 120
475105.277530266 431 115
475759.022722305 437 85
475761.275108762 342 96
476018.628488635 172 80
476956.991453253 293 116
477585.541121884 287 90
478208.204920956 320 99
479207.890636655 148 116
479319.844432988 350 99
481772.270837818 85 104
482190.249518272 175 119
482572.544350732 436 104
482918.557737057 70 109
484380.458927062 396 85
486062.100635922 313 84
486141.212394728 219 91
486712.733119273 361 120
486905.940058212 84 83
486909.551122131 510 107
487558.951806972 387 97
487902.107499795 465 114
487903.884754526 419 89
487946.476366816 358 87
487951.792475466 378 84
488621.468264174 511 97
489256.688227826 216 84
489478.892641043 363 106
490540.036245042 420 103
490761.960173959 77 98
491473.755941292 334 110
491771.140931144 316 100
491970.299158998 474 117
492194.910050938 435 105
492726.186740178 352 110
493049.859674373 391 107
493118.769147284 130 81
493307.789847410 234 97
493985.862083970 388 113
494727.689650903 195 108
495501.277276358 427 98
496466.875708310 386 102
496550.052936761 467 93
500470.298970130 380 98
500704.714737606 103 110
501464.190794268 292 92
503578.126487952 491 99
503995.191168135 149 107
504141.196624759 278 113
504351.610071736 422 82
504415.314346461 498 120
504561.110658736 488 116
504843.725809623 206 106
505336.544115216 218 96
505470.363326380 285 95
506957.346910026 230 111
507345.513888399 181 85
507749.403012069 260 107
508216.884173385 368 91
509114.879502434 240 101
509146.034189244 158 119
509528.077889781 486 97
509788.076124572 299 82
510333.030655146 496 106
511633.337740242 360 84
512183.667801367 290 80
512354.573910491 275 101
513197.115606674 263 102
513198.710057901 387 97
514896.910074790 118 82
515012.530749089 222 92
515112.869567800 424 106
515169.983123017 437 107
515582.566131308 264 109
515759.543812478 413 89
516051.802134861 338 82
517448.440774607 234 83
518331.051125474 132 117
518463.468854593 424 98
520197.909493286 328 81
520856.489784572 486 88
521146.544463753 285 90
523473.328192066 324 116
523650.938012554 458 103
523748.159123661 428 97
524091.893314035 199 120
526048.568819929 508 96
526849.607103963 381 95
527180.997014106 80 117
527701.657533668 137 110
528482.406558842 305 119
529479.178015605 500 86
530381.412156629 168 87
530693.333360972 229 109
531163.243041906 416 105
532442.918728146 348 104
532684.985514601 432 83
533064.016018003 510 97
533768.085931715 479 111
534252.405661518 152 116
534526.217395208 239 118
535410.532002325 296 90
535811.400569226 492 90
536163.976040361 444 89
536354.874485557 257 94
536592.387236494 256 101
537195.241447855 482 120
538083.375310475 192 83
538118.488414016 490 109
538455.367795295 506 99
539025.163742752 103 82
539445.760341437 511 92
539576.483310634 164 102
539786.648230101 157 85
540265.269164198 272 118
540290.031465532 327 120
540592.609608281 176 86
540622.353803110 233 86
540912.667690028 444 85
543479.993481260 330 102
543512.374600509 82 80
544327.765509275 428 108
545288.916645571 373 92
546413.276845115 308 85
548158.674940230 389 116
548989.182241159 457 112
549401.636885510 236 102
549512.025939792 364 84
550114.635384842 215 80
550183.715989667 64 103
550234.595953347 111 111
550627.226658767 195 84
551280.399016335 497 104
551786.227643835 181 110
552025.366186651 221 119
552597.550611841 468 87
553572.046318504 86 116
553663.562357289 207 120
554157.444918591 91 108
554255.747221830 187 116
555089.753802759 428 115
555191.757300131 133 81
555506.987403635 213 96
555522.313486861 252 81
556608.310064171 88 92
556726.724083427 178 88
557510.164073263 335 104
558038.292655131 143 119
559268.772742131 193 90
559503.239129559 300 118
561116.014886443 87 86
561370.884610471 231 91
563486.467474607 478 112
563722.011964480 390 97
564306.616169705 207 118
564715.396063233 495 100
564764.220763212 265 95
565837.253247735 332 99
566294.487790338 95 82
567185.523608863 75 83
567467.247967793 307 81
567816.413884105 350 93
568238.186196226 108 109
568454.957554335 117 83
569160.282248115 124 88
569388.280724278 393 88
569400.571024631 434 114
570559.393789529 422 117
571154.834993328 129 99
571255.293082691 488 114
571419.725266381 454 113
571523.371857465 65 91
572726.030811226 199 100
572955.978729251 263 113
573467.191130670 308 119
574004.509431412 400 82
574076.660102671 226 92
574840.236947516 241 99
575550.135462871 152 81
575967.076529577 195 90
575972.454209540 432 87
578143.722642429 182 120
578252.702614829 219 81
578333.068609592 259 87
578519.440499886 158 114
580984.199022049 429 83
581901.813099120 77 96
582020.426143509 405 90
583014.985465227 395 86
583193.918599383 466 110
584367.206388743 308 108
584556.316172523 236 81
585025.107199093 93 82
585961.601675516 188 105
587271.722288614 475 96
587488.910616750 346 119
587547.724219602 280 118
589150.847256291 399 108
590741.191141060 72 96
593631.877590896 325 118
593971.005109607 110 118
594194.055100702 274 117
594288.181622064 111 118
594338.209353329 405 102
594378.524440665 498 81
594463.127263091 181 108
594535.986515840 447 98
595139.285841401 84 93
595271.902895990 212 102
595368.259654140 369 103
595535.827377791 501 106
596631.311912383 130 108
598287.554986167 279 104
598365.284018575 436 112
598789.796281290 65 90
599830.817861567 386 84
600041.718619468 508 84
600094.532656944 100 84
602380.890015205 182 97
603224.126313369 425 108
603279.207083134 412 84
603893.067268291 237 118
604043.415066594 324 88
604179.974026300 368 116
604731.563349036 276 81
604822.226492293 477 117
605552.977964384 177 97
605994.963216984 95 112
606176.997156990 109 102
606867.687662432 500 83
607284.260726422 190 83
609144.643416224 71 94
609520.094835646 396 119
609914.786092555 95 90
610001.625955781 246 104
610101.157560421 157 103
610604.375308972 96 89
611575.354658814 117 85
611610.700029326 231 93
613121.719045724 413 88
613552.279751223 402 115
613835.290613163 487 82
614330.491273760 69 90
614365.873021296 120 88
614450.514733738 196 97
614834.229086198 365 120
615693.462439279 400 91
616111.158237635 442 105
617085.834813687 136 87
617930.095451334 235 82
618054.823848897 224 112
618307.721736401 277 92
618751.945495666 109 103
618867.882438458 295 81
620178.462242542 273 112
620469.271260898 249 92
620517.397884491 427 117
622245.968519824 344 89
622888.257819186 177 94
624089.919321756 209 109
624456.228295882 477 101
624786.068701480 376 115
625312.817660263 274 88
625623.857857502 111 86
626086.280449168 458 100
626124.233746447 383 83
626151.714869888 462 114
626507.224165148 416 105
626559.637341888 199 110
627090.650712931 152 104
627412.619241610 71 118
627945.585068998 322 108
628374.158814159 281 83
628839.183328805 277 108
629532.632931463 134 92
629699.938345131 503 116
629702.786041755 494 119
630020.245421588 382 91
630288.437027957 328 118
631042.068274666 127 117
631061.476601651 471 108
631336.773159929 121 118
631371.964107493 136 107
631471.949456446 157 113
631737.091925962 319 117
631953.896765155 191 93
632672.408348029 240 107
633686.281301389 180 93
634539.147743700 381 100
634789.977358033 113 112
637085.739760765 260 86
637230.147907394 274 111
637496.298122979 122 94
637502.919304219 139 108
637793.307154399 96 111
638922.998460840 461 96
639223.679552308 202 117
639365.020156277 340 117
641033.080442506 291 80
641178.574165958 382 87
641242.974758269 499 106
641598.724671899 147 82
641802.111974842 387 118
641831.630745957 240 91
641934.768014183 344 105
641956.653135962 182 119
642218.905240607 323 80
642491.875610033 234 88
644214.832297097 274 87
645527.214193861 250 88
645532.467412222 473 96
645657.168887606 452 82
646240.515733761 118 81
646706.487610744 126 83
646739.500389823 127 88
648152.539974822 178 117
648178.916323281 392 103
648772.649271211 462 88
649209.013271280 77 101
650017.913041589 230 84
650267.844114061 470 96
650813.934543766 255 82
651259.468298910 482 120
651462.703287686 426 82
651582.136952835 338 84
651621.738578771 448 104
651844.149665829 493 101
652428.816583770 153 113
652528.020208396 191 86
654378.878054757 485 109
654510.813425234 282 87
657102.456135553 224 101
657137.500025333 165 92
658259.929437812 342 107
659103.484305862 198 81
659535.139806732 158 92
660159.655930748 267 105
660610.694122248 79 119
660630.163798141 266 119
661655.168549086 93 107
662027.535917715 304 102
662190.930721608 348 119
662598.031671355 285 92
662636.481985676 181 107
663098.963015140 248 116
663333.554617239 365 97
663588.064495147 195 97
663982.475218330 294 105
664360.719539570 420 83
664477.839393409 450 104
664547.016566882 494 117
664983.235522023 274 119
665008.567714573 295 106
665207.821338510 431 82
665418.305842445 465 85
666618.747444064 305 92
666921.304397264 334 111
667453.694777185 270 118
668138.343261609 276 104
668146.163891292 181 116
668786.033766493 330 109
669659.032282170 392 117
671253.879221196 405 120
671322.881971407 75 104
672466.841095115 314 118
672621.943961157 431 91
672637.159398627 199 113
673266.178786716 123 105
673789.633390079 423 110
674369.537328812 375 94
676530.868965257 499 98
677055.732657440 267 86
678780.595311206 130 99
680008.925693365 178 112
680312.771278426 471 81
680341.516770570 70 112
680353.796137732 110 106
681204.855001300 152 97
681774.665433815 339 117
681824.033257520 232 110
681919.935422281 64 116
682609.890121930 104 87
682617.973190878 470 106
683597.240653871 87 85
683626.091170969 311 98
683744.109072509 277 86
683744.382740400 140 105
685457.859473731 367 113
685577.279541148 256 88
685804.134498076 231 114
686930.270549174 73 114
687260.796251178 202 83
687341.972428005 361 83
687802.360214200 305 118
687803.802789412 173 92
688336.167783683 253 105
689584.199406861 395 98
689845.417878461 299 81
690165.230806016 96 82
691942.382266104 489 113
691971.610399172 467 119
692123.497468940 175 82
692179.113320060 268 100
692302.562633022 357 94
693791.867268921 88 111
695826.059255383 104 117
696470.304676034 329 92
700130.828810010 360 98
700361.256039621 496 111
701307.102113048 145 106
701438.481746490 376 91
701590.463371679 260 118
702359.497726283 135 80
704002.862013210 217 92
704935.100044062 131 86
705045.960783015 325 94
705122.631275530 158 110
705457.491096322 284 91
706049.085622085 334 110
707323.918879197 317 103
707623.406634219 186 108
708218.778461130 414 100
708966.260746633 310 116
709276.078362666 191 84
709765.912866561 81 119
710022.368807785 425 97
710712.877254835 269 114
711012.057736443 213 86
711509.813682790 400 92
711946.773539170 261 90
712427.168965042 402 118
712715.713668889 299 82
713170.872021743 68 99
713562.430505115 383 107
714076.714905571 358 91
714774.481975883 294 93
714803.382345171 303 84
715021.980235830 155 97
715795.102197868 113 100
716102.389043218 342 82
716360.259655035 337 87
717079.646648654 417 108
717651.652555765 221 80
719204.077771813 437 104
719432.968152423 84 82
719645.731199795 403 80
720612.047252545 394 113
720946.846758848 503 95
724506.497502854 459 102
724628.653932467 192 100
724634.175960806 199 108
724722.655023545 488 110
725008.921891445 255 113
725089.915442349 69 111
725182.491616885 154 102
726210.196010445 456 108
726271.478827231 250 102
726575.990098471 433 97
728441.929025865 476 110
730132.892969786 491 80
731816.132561591 195 109
733046.737827210 155 83
733916.289109556 412 97
733943.332854057 76 113
735075.917618652 68 104
735344.850445408 431 86
735577.231825267 170 110
735680.902168232 454 104
736094.568673741 299 112
736329.066683566 420 112
736407.719168333 333 101
736488.002141641 252 109
738237.190864222 171 84
738497.591565512 143 117
739145.433962782 70 111
741503.496345134 219 113
741699.948997494 417 102
741796.132974447 157 97
742065.144002567 511 108
742219.457209762 489 103
742745.926025050 74 120
742865.859471410 322 82
743321.637271561 449 106
744153.722342594 355 82
744165.315816209 218 111
744282.673524573 232 115
744382.684981690 299 89
745632.924635936 406 99
745853.499806938 479 113
745894.480008876 431 95
746193.110544236 275 104
747654.818355799 121 86
748098.012011234 88 95
748332.904979980 315 95
748586.690491586 109 115
748705.648418071 84 86
749607.073746832 298 99
749674.706077824 371 97
750840.765482395 323 115
751096.351007500 235 108
751312.655979647 468 104
751745.689608004 248 100
752363.855649797 160 112
752747.138557990 387 88
752749.858464506 246 119
753067.850432532 121 112
754454.136984335 312 88
754672.836539399 163 93
756221.275102327 268 117
757920.782902945 352 115
757951.321952070 458 84
758065.780660624 423 111
758341.481817109 437 83
758474.033338377 71 117
758887.466957062 394 106
758991.833579000 345 100
759753.924635717 272 83
760045.688675393 417 86
760054.559044186 91 103
760086.982342559 374 81
760700.172131382 143 94
760820.894744560 446 80
760923.174142111 502 103
762290.367627744 483 95
762292.395304260 163 115
763049.547338565 102 120
763863.191520849 228 90
764489.846296084 450 104
764720.985569466 156 96
764882.017958204 292 117
765370.504412661 115 81
766397.979924898 318 109
768223.354780318 421 113
768330.914913556 232 81
768335.973559832 225 93
768447.102466236 261 106
768455.321193457 285 113
769207.181780558 318 91
769343.556570609 343 113
769447.564907091 165 114
770286.441137133 181 119
770665.151637940 248 82
770978.128083670 383 98
771239.058841321 116 96
771471.696906752 282 83
772755.629435024 463 81
772864.430450014 449 92
773075.925043104 463 106
773200.335686635 293 96
773649.775574125 185 94
775957.431367186 485 119
776302.705643234 447 94
776511.922504845 421 84
777759.829260242 472 104
778458.653857597 304 111
779557.890891087 424 90
780643.521534675 262 92
780879.373800691 152 88
781664.407309561 319 83
782662.381946672 498 81
783472.974479686 258 98
783672.224625239 242 90
784524.179475779 378 103
785353.041014110 448 82
785684.241340634 473 94
785690.154240431 86 105
786456.196556683 138 92
787724.731432200 276 92
788530.708197747 483 88
788663.139721025 66 120
788687.959972035 238 86
789430.796118312 272 89
790115.967063359 465 93
790596.677843381 105 98
791906.120813428 240 96
792099.196977841 168 94
792734.346907657 423 108
794053.451778077 399 86
794274.217430766 114 107
794446.551036215 254 84
795549.622739466 325 107
796031.343757043 139 94
797408.563998852 162 101
797646.393087300 490 106
798047.172708753 322 91
800075.048444479 139 82
800181.329131111 110 105
800339.881945990 236 82
800926.589665511 318 104
802287.738632167 165 83
802338.944083818 160 115
802628.883104237 335 87
803108.847909091 409 108
804008.377513782 391 98
804112.068544562 393 90
804355.479323678 294 110
804535.941979604 183 109
805457.143867566 280 89
805817.033465092 367 98
806588.528240928 147 111
806862.820650978 381 104
807625.171947364 434 111
807660.944358698 274 84
807852.911047837 69 107
808221.559802287 164 101
808940.635901721 165 114
809163.100539392 267 114
809293.127123420 350 82
810173.928463630 394 91
812788.319279740 483 105
813610.944717696 279 112
813639.438295931 456 104
814152.270329920 484 100
814373.417033585 395 80
815351.061350854 136 97
816850.704657494 480 105
817063.246033218 99 111
817208.733179920 99 116
817498.801371250 493 119
817818.399174555 498 105
818442.498460142 262 90
819206.292450992 320 109
819843.999212630 197 120
819850.710263025 233 97
821287.169107323 352 95
821480.095685539 64 81
821538.699047708 184 92
821567.399759263 461 89
821636.697358099 188 114
822396.605938320 307 95
823112.038323208 467 118
823661.807624206 422 113
823698.121548924 430 96
824191.579929015 350 117
824203.218337453 151 104
826137.059306219 497 89
826349.292554300 422 110
826376.815961435 155 94
826637.577407102 316 105
827128.423942894 177 84
827343.439068466 293 111
827737.237184582 327 95
828073.060290392 378 107
828509.338413809 406 102
828544.662242916 218 83
828675.578624841 182 112
829125.832189190 120 97
829505.200021094 127 104
830515.507053036 373 117
830660.589793231 499 111
831310.499176049 502 100
833267.717174582 454 106
834305.530017217 70 106
834326.392844807 479 94
834910.740091199 179 114
835874.066277388 340 95
836098.406687940 339 107
836260.682833798 474 113
836316.744638754 224 84
836344.054351448 477 115
836511.203767329 326 112
836597.500678410 225 116
836648.173217442 480 113
837917.420085670 436 119
838104.812207777 334 80
839060.650002563 505 84
839128.435881215 148 95
839505.576377592 364 110
840136.547576729 320 118
840789.055185324 184 91
841648.548662051 153 103
842049.316155629 159 95
842096.835579525 426 80
842628.141986722 387 111
842890.898799865 108 95
842929.616300487 512 98
843260.234409056 289 93
843841.992033259 301 110
844213.292393957 105 117
845771.363095772 91 84
847205.044218469 248 83
847218.032910927 460 96
849169.837254586 293 98
849514.589850888 168 120
851385.842375288 464 113
852709.595041995 447 113
853821.196505638 473 102
853844.314071487 169 107
853969.415127930 420 102
854362.832206948 83 117
854806.364012727 96 117
855148.739909917 385 103
855401.200398930 484 100
856362.495219741 378 82
857006.310842886 300 118
857291.703997626 274 84
857745.609014222 157 98
857785.862781458 217 98
858577.379950047 429 111
858596.513000253 328 119
858752.729454394 87 88
858979.670711217 348 93
859381.323522153 237 108
861307.429000338 346 109
861523.981796610 251 95
861842.608143822 467 80
862984.206723556 403 104
863670.219021189 347 114
864158.885587280 335 98
