3 8.793890035 0.249851634 34.612558866 991589 17
733.218736456 95.024912633 0.025799363 0.025671008 3913.627242741 0.500000000 0.500000000
12
1 0.153554074 0.631652863 0.362620995 1.425232784 4.726114090 1.462316469
2 0.276781360 1.263305726 0.653624679 2.396790361 7.947827769 -1.000000000
4 -1.000000000 2.526611452 1.178159089 4.030642644 13.365730289 4.135517500
16 1.620926521 -1.000000000 3.827850173 11.398895888 37.799076105 11.695488187
32 2.921721554 20.212891614 6.899703479 19.169334373 63.566080079 19.668108729
64 5.266405804 40.425783228 12.436721904 32.236752042 106.898023788 33.075532613
128 9.492701335 80.851566455 22.417202739 54.212011851 179.768635653 55.622575242
256 17.110602938 -1.000000000 40.407028679 -1.000000000 302.313936399 93.539563300
512 30.841877627 -1.000000000 72.833706579 153.314777226 508.396338490 157.303933957
1024 55.592512959 646.812531643 131.282823495 257.826920937 854.961699973 264.535419725
2048 100.205556044 1293.625063285 -1.000000000 433.583261591 1437.774926926 444.864832864
4096 180.620607481 2587.250126570 426.539151938 729.149787961 2417.882275384 748.121819472
1543
0.000000000 287 105
419.336364442 221 112
445.871325100 100 113
661.216630033 72 87
1151.918595307 192 107
1335.608936993 431 80
1618.934989296 327 94
2263.640605165 193 98
2782.672383396 374 84
3064.089927150 504 107
3638.766709240 196 99
3762.677983738 305 92
3817.229103310 354 86
3948.727577382 453 95
4078.689552995 366 84
4226.418832331 393 104
4274.674519122 434 83
4310.907704282 179 114
4340.491485633 189 98
4718.278451445 333 113
4987.291104574 380 102
5020.756768325 190 117
5499.623538692 475 109
5538.937073973 99 115
5662.898088231 92 102
5675.056768878 219 83
5680.141032453 215 113
5836.180809956 424 88
6068.425793377 237 110
6077.350759175 301 102
6098.001950099 166 100
6296.330047883 288 104
6353.666896532 193 96
6605.974796005 427 87
7056.070309449 349 89
7093.009949009 283 87
7364.789068024 442 90
7854.785038455 506 97
7912.728913962 312 118
8010.195081317 427 106
8090.132674018 334 95
8319.154602568 510 80
8904.014303985 336 112
9184.712810281 141 104
10972.470942903 272 89
10982.436772654 303 84
10991.412425494 349 85
11172.581587930 191 91
11200.929505360 359 109
11591.691676296 65 95
11754.855063571 424 104
11777.777281575 124 86
11974.700080748 382 107
12134.267273860 230 94
12274.240649080 293 105
12388.916106905 442 96
12524.586840105 406 91
12629.636275406 230 96
12912.135345555 220 108
13127.225112099 69 108
13477.482703358 106 89
13552.869690730 485 114
13653.913649039 464 119
14060.817008898 320 92
14077.230132840 258 81
14233.834755371 86 90
14301.927919855 182 97
14401.749627641 490 106
14635.327633942 332 111
14926.030834779 290 118
15175.724252756 238 112
15420.442880272 203 92
15602.338213715 312 120
15608.371112723 438 97
15801.699995283 241 99
15819.825124373 237 114
15978.182971207 311 95
16068.927091424 90 115
16175.582140685 142 105
16223.665705181 456 96
16293.999484519 71 104
16401.695252500 249 85
16459.263186126 338 91
16529.307641443 130 108
16783.460755973 248 86
16866.879532372 368 116
17095.584595270 464 84
17311.308202975 86 111
17358.488240960 240 119
17458.109283471 332 89
17544.785395035 451 92
18012.360497991 452 102
18120.678479966 69 103
18457.691857003 144 115
18671.486230397 504 97
18858.508273534 264 117
18917.966395940 277 88
18932.382082102 414 87
19419.772916782 165 112
19535.829311829 367 101
19913.746593269 94 100
20053.129196964 350 106
20054.428015896 344 81
20141.630572497 427 94
20564.934974598 308 113
20655.565417852 324 112
20819.030965904 441 120
20962.074368339 463 94
21144.896864910 143 84
21333.439959009 237 94
21394.431922739 272 113
21415.272956655 456 106
21536.751726177 487 114
22010.507469443 93 110
22121.577437032 327 105
22249.023184573 230 87
22635.067349479 141 103
22860.378722701 307 116
23042.635542505 311 108
23190.994315797 423 80
23248.281748531 313 90
23251.032383399 461 116
23304.033800254 232 91
23337.036476074 261 99
23375.968597356 318 107
23379.085824021 140 101
23873.792916088 377 104
24172.634356455 306 92
24205.600567476 334 118
24297.150670344 143 96
24567.486434016 354 87
24602.949627052 205 115
24791.221458850 438 118
25232.698867212 98 116
25395.254275899 289 117
25750.658922193 295 111
25787.704777105 116 101
25796.129157381 404 96
25814.488242345 264 113
26230.979419456 218 101
26264.097619455 101 96
27029.502159415 346 101
27131.841076691 314 95
27136.909135234 201 104
27365.618802615 170 102
27373.393695038 125 88
27524.354636682 429 117
27621.087363615 124 98
27831.657136774 381 99
28097.977244937 137 98
28291.410278133 332 118
28746.828466233 410 120
28872.780952939 231 93
29304.361839032 315 84
29564.795913758 397 86
29862.136004687 430 85
30242.367524264 505 111
30486.599576682 103 120
30522.147271155 461 105
30676.883293893 305 95
31040.215811736 127 87
31168.408818882 220 109
31258.351505736 392 96
31512.805525355 486 119
31630.409718619 428 83
31641.830563091 71 119
31786.921483968 498 86
32100.901756899 196 84
32123.225975680 378 87
32126.161220705 204 83
32568.548527430 213 100
33012.311607148 170 81
33055.152870604 280 120
33328.119391922 143 117
33593.287600045 298 82
34042.024603686 141 111
34613.692097534 169 96
34922.678418129 501 89
35020.223637710 485 102
35365.501329751 448 83
35398.867905759 464 119
35431.208552662 254 101
35564.589694044 156 98
36049.745688194 332 117
36344.385432443 66 90
36477.941623549 383 92
36626.603962328 268 100
37546.189290054 313 96
37705.872946435 94 115
37735.272183306 394 93
37956.085676754 164 106
38008.358122202 366 97
38034.251889344 324 119
38542.239064308 490 117
38659.898121248 123 102
38742.292147195 196 91
38763.395073359 245 80
39305.791763780 325 97
39413.784562407 129 116
39445.787013611 289 118
39521.242978872 396 92
40064.871641944 136 86
40224.829877556 324 89
40296.598799439 207 98
40334.160970108 394 81
40363.663517974 287 96
40452.661256901 434 113
40462.026456657 177 92
40535.967922431 212 107
40680.896126231 284 109
40936.378380267 397 115
40960.553097162 247 93
41087.079948310 441 84
41263.748059205 96 118
41338.042985495 415 90
41372.525686599 162 114
41674.326124191 273 83
41684.182760824 184 86
41729.961636038 411 85
41818.521920481 423 116
41826.989969457 215 112
41915.647334854 120 115
42320.268410990 66 85
42328.768948081 420 100
42940.021494497 381 92
43926.686532863 222 106
44234.565617424 455 110
44240.387838291 136 88
44395.962057839 115 96
44528.338641829 192 118
44752.744599431 335 118
44978.546924435 231 114
44982.968910199 467 80
45049.925877222 488 112
45105.706148912 130 92
45363.716745984 192 94
45552.550424813 90 93
45708.702334723 452 104
45715.665248295 498 100
45742.618874472 77 115
45770.161685815 471 102
45857.766831044 391 85
45900.154214612 361 81
46288.166289482 356 116
46302.207934286 388 106
46846.997697109 109 98
46883.350461615 256 115
46947.560200713 438 93
47233.998305560 267 88
47337.398681364 250 90
47484.025200672 206 114
47645.416272909 460 82
47714.140295439 125 105
47870.906425169 354 109
48325.989510354 362 105
48385.079230980 339 108
48466.261219406 86 113
48534.722180568 305 111
49178.272846534 222 100
49183.986362901 426 110
49206.186049522 276 117
49332.565176966 219 82
49432.353975814 226 88
49547.519745372 140 113
49937.260744080 236 86
50214.446906818 76 113
50280.241329663 476 119
50327.389038301 295 105
50510.844498577 156 88
50531.890069892 336 109
50852.343580822 282 107
51345.416428598 455 100
51509.508285296 232 85
51606.055359606 460 100
51952.999494724 303 80
52471.201793779 80 105
52584.702966438 290 100
52962.748469880 462 104
53285.235489529 100 103
53291.996918282 80 80
53671.373145715 251 113
53738.683710053 424 99
53838.536797709 201 90
53913.465324552 441 110
55044.584340616 124 104
55069.920462597 103 97
55633.143701961 76 98
55805.114132480 193 83
55816.767087936 312 101
56240.303827656 444 115
56310.088339420 104 84
56332.436320543 109 120
56377.818076038 94 120
56808.612929392 395 93
56820.598645686 323 106
56967.193792851 502 80
57428.416033113 493 110
57809.830359264 367 105
57865.727552971 350 115
57918.135474916 421 102
58146.360269211 327 115
58454.718195186 296 90
58563.301013587 117 87
59010.150699165 259 81
59015.620915776 365 91
59027.213198856 359 89
59408.212109100 395 116
59848.297701481 111 90
60211.228928201 446 118
60355.716309102 82 116
60634.287168576 383 111
60779.806605313 171 119
60898.735527850 462 114
61413.203625006 154 96
61532.714417407 90 112
61544.712712495 302 111
61850.390171978 477 107
61949.881053510 467 113
61962.123571358 113 95
62312.153320033 189 119
62737.699225918 259 111
62894.941598105 208 89
63093.009328788 479 117
63433.365062554 455 120
63563.826471858 205 110
63776.390129723 191 82
63809.984805199 256 107
64027.370524100 163 120
64208.607662470 467 113
64400.419122757 219 96
64638.816754212 283 99
64831.658904748 296 100
64899.722138679 240 115
65583.770929650 240 83
65720.111744599 497 120
65821.732301163 82 116
66278.800273445 110 89
66318.919972036 494 112
66517.270612669 305 97
66550.241557345 76 92
66870.940317773 304 97
66880.715756598 484 110
66971.587673364 316 118
66982.978267989 368 109
67535.476238698 393 97
67684.500467858 262 111
67761.245612390 78 82
67925.033261711 286 98
68032.762004601 344 107
68346.057553589 503 111
68460.954114587 338 88
68726.507839858 292 106
69073.590915713 340 98
69270.542029814 79 88
69510.124985965 315 105
69545.895371652 405 112
69963.284044393 434 114
70064.744460632 276 116
70501.206627204 129 114
70537.416668121 310 102
71385.621503619 437 97
71863.945574576 67 85
71983.826160521 175 96
72181.025290400 216 104
72230.706536029 493 89
72459.702061793 274 97
72556.237993872 449 94
73115.110081903 255 95
73507.875619545 188 95
73781.255618239 180 116
73900.245515704 71 97
74045.752702001 479 120
74110.648141395 200 96
74322.244621672 219 85
74495.118933782 187 82
74869.040069759 98 111
74998.020631720 269 82
75182.122948973 83 108
75544.035972020 125 111
75786.998469684 328 115
76228.370859653 314 85
76272.247097954 276 95
76597.408176686 446 106
77033.707354315 85 113
77638.460192400 106 81
77647.098904435 197 99
78253.287668315 181 80
78287.264743828 307 93
78462.062957368 350 120
78618.164562675 331 100
78783.850516474 404 110
78898.551648130 440 112
79551.962087346 399 111
79668.275693853 130 91
79917.339152374 175 108
80132.540314579 147 85
80211.148493737 304 97
80430.766677773 480 107
80670.562912508 373 120
80773.502557058 320 116
81044.392966477 259 94
81277.319167845 152 113
81611.703204989 144 85
81772.693494316 323 115
81822.614345423 297 119
81942.390446542 91 113
82149.612822697 129 98
82718.925237929 510 106
82725.504601001 354 88
82979.435061036 250 104
83057.256512683 454 117
83163.966067291 440 116
83269.091375064 386 83
83621.988662989 345 115
83800.147495684 411 119
83944.136478970 88 118
84589.436537887 449 111
84961.810136763 436 96
85099.803434190 184 113
85467.391953607 398 96
85878.395183807 198 114
86725.924681975 420 99
87353.519721492 467 93
87446.735931365 97 93
87765.784588823 436 110
87909.207213941 114 91
88394.281172062 327 97
88859.450807577 454 108
88894.560811076 244 94
88989.392331190 411 103
89325.484886771 196 107
89456.892166890 482 80
89556.474140323 448 86
89793.762208731 374 83
89837.422852268 119 95
90187.344466259 347 119
90491.043937892 312 95
90786.162408562 130 94
91257.563217437 108 84
91529.046989559 70 98
91598.023439892 446 96
92237.412625776 509 98
92485.315272291 407 98
92494.478347888 495 114
92543.690597564 133 81
92575.967607495 119 101
92596.710968554 156 89
92939.847227533 470 119
93103.011473976 266 84
93141.108633295 175 108
93282.000782634 401 95
93628.890955322 432 89
93648.301918930 237 103
93940.020875459 154 105
94382.018640750 179 83
94418.990699857 396 93
94718.988392887 277 102
94754.256968973 105 105
95016.185786600 372 108
95487.471155485 299 86
95633.392849310 461 115
95715.738802939 325 112
95831.811745052 115 104
96020.227800419 474 108
96351.343239892 207 98
96455.209429234 113 100
96592.131326537 462 80
96595.860697878 266 110
96624.147701232 303 94
96722.893481120 491 118
96769.553286704 156 120
97124.418096169 244 88
97149.428105264 183 97
97315.160221435 284 81
97497.049200578 263 99
97547.430429803 326 116
97610.073550480 327 109
97623.199433644 74 109
98013.778333187 477 109
98926.255930295 324 88
99318.919205036 94 120
99407.644383834 196 86
99459.600310274 268 115
99970.187050745 209 108
99986.552861979 289 86
100016.054905538 280 99
100090.211515366 359 119
100206.365810312 115 102
100280.254935616 471 116
100306.019252914 278 106
100362.102122046 449 117
100463.856235090 233 85
100498.599649612 500 86
100603.584406256 447 120
100703.377663414 503 111
100706.001858278 353 112
100724.047554842 85 114
100816.334240669 228 95
100844.248317060 168 109
100903.718061334 438 81
101146.833437084 209 119
101383.222091293 196 102
101670.826315258 225 88
101846.482716897 299 93
102162.330209095 356 120
102180.931532299 147 85
102254.634689200 420 85
102646.731755831 427 98
102656.806708939 153 111
103020.679519669 376 102
103057.630052733 140 99
103106.032347043 238 89
103317.748911265 72 107
103469.370086983 489 113
103479.401407058 305 120
103609.928529726 403 106
104105.690215989 505 111
104234.955365858 267 102
104281.939190322 208 86
104533.351661515 69 115
104535.918761486 395 89
104562.574798250 132 118
104662.338211154 211 117
104811.333647217 492 100
104929.744489100 134 83
105298.540318599 171 103
105622.373497232 510 102
105753.677679356 461 86
105780.714095445 447 82
105849.214876973 335 117
105855.989319982 319 83
105888.083917163 397 115
105922.531664527 437 89
106319.172778611 397 90
106478.701971757 95 113
106497.544557124 217 107
106522.960958131 362 116
106555.009101652 306 88
106652.404897440 445 120
106732.032604382 354 104
107203.784767598 243 112
107541.830313494 229 84
107622.904858692 181 86
107689.868941793 367 119
108112.223103803 427 116
108164.498307374 422 94
108197.316167818 363 107
108662.378362966 306 93
108893.320352567 458 117
109068.439979437 341 108
109295.303937706 421 86
110022.136944503 170 109
110282.938134587 366 80
110470.517921144 218 114
110628.259908553 463 93
110863.436403672 254 82
111070.973673791 64 81
111331.098536627 466 109
111526.297895301 391 90
111870.492741733 432 117
112399.649144280 66 106
112566.761201530 200 81
112682.271888727 241 104
112775.255706742 119 114
112942.645112782 128 81
113061.029733634 393 84
113387.194317393 69 106
113502.695036779 374 89
113639.440255882 236 85
113811.569488041 494 91
113827.859121096 407 114
114002.044538362 459 98
114050.559648939 327 81
114338.287444469 314 118
114376.781517465 241 90
114421.318535317 418 99
114574.896924162 297 99
114620.258224750 86 115
114692.930510608 302 116
114771.829250578 119 82
114792.714117329 379 119
114814.713563484 151 118
114966.017217842 256 83
115132.374222473 152 111
115502.247742553 433 117
115585.416836158 336 112
115826.578643524 389 87
116279.953289328 240 120
116794.350129110 327 102
116845.623587108 74 118
117171.778416243 346 109
117232.737313693 213 97
117472.682423866 165 113
117855.466885174 93 85
118260.883815478 144 86
118320.282057241 321 97
118427.102427126 340 114
118666.477994477 262 91
118731.785598644 307 103
118915.887626643 484 97
118945.966284792 503 120
119125.013468826 425 84
119153.385536045 200 90
119398.708840234 482 117
119963.261582799 400 119
120227.264716535 338 84
120357.816622844 82 87
120359.577058537 494 93
120841.537414596 118 96
120931.173671054 119 115
121174.484688967 471 87
121267.770327601 297 120
121354.116012491 378 99
121436.123211264 91 99
121649.875328203 510 120
121729.742511575 394 88
121819.921384774 262 106
121903.311056575 271 116
121996.909338439 64 83
122093.046075507 387 120
122248.367240192 280 91
122299.988583121 203 88
122384.116235607 214 90
122405.490170402 222 113
122471.838045238 236 111
123333.653874991 85 113
123545.627121714 75 109
123749.711123361 396 119
124055.837602786 319 91
124072.386799638 259 110
124150.540889860 359 113
124157.293008299 93 109
124357.007362733 494 102
124426.479284856 245 93
124490.947185840 318 95
124530.995027836 339 108
124702.897222542 67 117
125068.215778127 260 81
125076.096709221 96 114
125084.754131992 199 95
125174.270163754 146 117
125393.755978454 378 105
125464.644798690 140 104
125520.036875257 483 90
125540.115352053 87 119
125576.765114705 251 114
125664.129731639 119 92
125756.564977784 340 82
125859.525398958 197 105
125925.876773771 215 99
126029.975528963 160 91
126204.498888947 182 94
126591.399531524 347 118
126770.414918319 65 97
126916.978394980 120 119
127245.503372119 469 117
127245.891872344 178 91
127337.479284616 207 110
127669.161524216 351 109
127894.457361580 69 83
127971.787331506 412 88
128039.619460446 138 115
128101.747334110 276 100
128189.847112758 384 115
128401.658864252 450 114
129117.267117537 383 120
129250.971002355 222 102
129566.156240232 199 98
129648.618550813 76 116
129829.787662214 127 113
129840.223024047 267 98
129869.982187276 99 100
130210.408378203 96 85
130329.355947152 208 117
130463.130693241 496 100
130546.686361472 282 108
130586.683798988 389 95
130636.174228847 242 84
130895.824634947 231 87
131004.329751912 198 96
131063.398420241 482 83
131076.714171887 304 98
131091.178727356 493 88
131217.739767434 102 95
131316.296754765 121 97
131383.947719311 267 95
132051.970415585 503 84
132183.299992500 479 89
132525.822880620 130 87
132793.469100129 326 82
132827.549454692 464 87
132840.337536859 250 96
133017.877667821 459 105
133129.170080891 118 89
133191.238469685 451 118
133435.450094792 167 90
133714.257832825 172 120
133835.361305928 325 80
133994.829210952 496 110
134072.483055001 297 112
134159.445785242 362 83
134204.583846664 474 106
134722.037715260 254 95
134722.345545035 141 81
134943.197329782 198 116
135095.077571218 356 113
135405.097995499 168 97
136055.647985299 191 89
136397.207783778 90 105
136458.298342125 101 81
136523.600449308 482 88
136594.543200504 164 105
136893.039655022 463 107
136909.435287179 478 90
137419.325563210 271 96
137598.310743032 254 109
137950.075357150 395 86
138509.190029110 217 110
138875.750603015 118 109
138974.383727169 225 118
138989.318257007 406 108
139063.743606757 71 99
139141.114362723 348 118
139188.804241311 413 101
139214.281148148 322 96
139389.999385661 219 112
139419.757117326 205 108
139463.720813538 219 86
139620.164784862 294 105
139758.821883959 136 83
140438.817131799 187 95
140695.430268371 141 90
140738.259500692 111 84
141162.438554139 112 118
141246.002714432 108 81
142574.175333230 343 90
142607.485870879 304 83
142682.750818353 180 118
142831.922313785 124 90
143270.452658115 477 87
143616.398991405 221 104
143733.063099117 241 115
143745.311150992 293 93
144120.909398632 194 92
144716.474271804 67 108
144935.112698789 167 98
145172.151495675 421 80
145206.404769339 72 94
145541.732916043 234 88
145851.248118131 64 93
146346.609412506 431 80
146657.628685660 228 100
146715.692089494 509 111
147056.363464476 404 80
147060.525897024 457 111
147224.299621332 125 111
147360.085381208 397 115
147432.333710354 399 99
147694.593894628 505 114
147938.916661154 269 93
148018.373779390 499 99
148066.170772809 397 101
148153.236659388 195 120
148284.109633971 390 116
148354.852383947 351 90
148367.976323022 504 113
148590.289994952 248 91
148733.985951566 450 102
148757.594059986 175 115
148856.143353663 174 91
149461.947741536 269 97
149510.937462502 150 97
149525.953203907 202 90
149596.099648020 92 89
149597.941038231 85 87
149720.267940016 398 105
149797.342039798 145 117
150529.553979408 428 100
150621.324376068 129 93
150672.405165401 478 89
150919.649017139 346 97
150950.136069619 118 92
151081.140077872 463 97
151305.006349819 178 106
151526.857709943 331 110
151717.870651878 433 96
151739.061634533 91 104
151906.030080061 239 90
151911.617105474 251 80
152128.499750888 456 82
152158.734006779 392 80
152329.037736509 86 105
152351.341094220 253 118
152545.076586895 446 89
152660.446168228 338 116
152673.701134327 226 114
152744.647252949 202 106
153176.892593165 315 114
153190.172060418 255 104
153613.956951973 150 111
153890.477928323 142 96
154416.391106883 136 84
154985.548987397 412 118
155121.417786776 481 88
155343.021287291 132 83
155402.584644610 366 114
155474.579770809 65 94
156107.780952461 501 107
156608.759074207 101 115
156973.228399282 415 94
157435.534787813 393 84
158539.322428129 275 84
158690.206112651 173 84
158696.983999083 383 92
159067.680267758 294 82
159088.426052337 171 116
159333.785367187 345 114
159827.726280410 486 93
159988.380589088 503 85
160218.240094380 328 95
160319.145155634 326 84
160364.435412795 239 90
160447.852914948 181 90
160732.398714527 503 92
161061.009101027 190 92
161074.060572937 278 116
161264.896710292 440 80
161889.890007699 421 88
161907.633705132 312 115
162249.211207760 485 97
162270.134444730 349 99
162448.336631472 239 100
162634.726316342 486 111
162781.807251895 200 82
163817.239369851 221 102
163837.336919530 76 112
164022.819430781 201 91
164149.116281314 186 96
164152.738767874 295 98
164698.132662750 395 96
164783.386638969 114 80
164967.241212871 285 102
165180.813711183 210 98
165409.204964411 329 108
165785.822269009 370 93
166255.178695433 489 115
166388.780737648 511 111
167006.386524586 443 113
167054.537935477 414 120
167072.745092970 440 93
167501.252360675 313 111
167556.870123737 445 95
167827.209975587 357 81
168167.018673048 335 116
168171.979527660 494 90
168960.593982734 296 114
169110.500784815 377 114
169644.862570833 277 115
169681.162923601 117 83
169844.941596229 505 108
169866.320050329 405 115
169922.948877579 150 107
170070.950891854 259 102
170359.404824936 222 81
170481.030197144 137 92
170502.874928536 338 91
170559.123798799 114 90
170567.034330977 324 111
170705.898756079 413 103
170726.536771820 68 108
170826.803406525 341 115
171014.808651856 433 100
171194.647261322 373 93
171611.145507754 265 87
171717.885854059 368 86
171781.721413289 462 100
171897.434913728 274 120
172024.916846705 90 110
172039.394129373 72 119
172618.545117482 345 99
172864.871008613 140 102
173302.100065064 376 115
173408.989759799 443 100
173925.472775826 249 97
174220.062009392 106 106
174345.169145579 407 114
174440.665881660 187 80
174489.038745640 200 113
174627.605159015 234 110
174898.837581869 329 115
175253.369706889 248 96
175288.502365553 476 95
176050.866865420 196 117
176450.469249161 170 91
176521.978899996 390 82
176598.474786358 454 114
177104.509962651 437 120
177324.441536954 451 115
177600.857408480 280 115
177686.444620631 511 111
177688.124729038 271 104
177791.851130807 118 92
178121.935884817 166 118
178223.052647928 166 92
178256.245531162 411 113
178405.014366197 512 101
178523.343315905 429 91
178702.002360255 271 97
178764.043972175 121 96
178856.570277737 332 111
178902.866083783 483 112
179217.727194855 154 89
179292.556062472 206 113
179450.904802726 291 99
179476.891694052 159 88
179527.108220892 476 82
179770.553915098 507 83
179831.691078200 218 110
180005.857534920 426 107
180032.754466573 122 109
180376.589338505 192 102
180401.845398213 467 92
180440.919649225 82 83
180585.976287644 193 99
180955.183365218 307 80
181526.975273175 292 89
181620.858853051 259 88
181846.271943146 312 93
182006.022954944 437 105
182086.551488410 208 104
182322.413062281 74 99
182479.156330141 196 84
182543.567798860 165 82
182567.322239695 184 99
182888.880415666 262 110
183031.710299609 163 99
183233.099745463 134 100
183313.129199604 428 95
183427.441330786 135 112
184062.266389993 394 120
184145.669471614 210 116
184254.124912591 161 82
184567.353435383 245 84
184605.799637574 404 97
184734.007215283 264 86
185155.256286162 65 109
185205.586806716 163 102
185580.554049946 102 85
185996.561181722 495 88
186057.558666021 289 95
186177.925981189 280 119
186337.486316771 172 99
186455.279727358 222 96
186682.637800654 441 98
186843.075427257 361 99
187100.782841703 90 82
187185.841883883 423 94
187273.529944764 267 113
187392.160644088 164 112
187695.877533299 289 117
187787.167493349 428 101
188007.124118438 393 115
188098.327130931 239 93
188130.485519311 181 80
188467.107183452 213 83
188523.737331835 73 87
188781.884253597 108 91
188896.111607295 401 103
188959.995422951 381 84
189111.219094267 421 88
189328.075209019 116 80
189409.393644351 331 112
189468.490203915 169 95
189577.736214809 334 101
189621.696432870 308 108
189867.847828006 153 102
190054.883268385 476 95
190351.161128457 414 101
190886.249517639 268 114
191470.963788764 328 85
191953.089927726 508 89
191954.703049450 321 81
192199.337929707 362 85
192636.654261778 267 117
192680.042880557 486 113
193476.095175299 466 87
193693.148610880 396 115
193727.460556348 213 99
193964.166172541 344 109
193971.395860455 143 89
194444.780996938 445 105
194674.252767718 66 98
194754.881037752 458 120
194840.852895823 106 109
195086.390670524 191 97
195193.837552425 487 95
195331.124184650 162 92
195345.585038790 467 99
195458.202066487 99 99
195499.025742110 122 95
196418.275660107 184 108
196623.445978436 485 81
196657.136428358 385 118
196924.388289136 95 87
197080.669313885 190 81
197528.002970210 311 113
197780.725587596 400 114
197824.423574921 145 87
198231.798282526 384 106
198290.991033095 360 81
198472.008373472 153 115
198567.795095103 424 91
198712.067142495 288 83
198837.220060034 318 91
198862.813810488 174 100
199122.508483452 323 107
199130.100280587 290 118
199410.023692713 415 104
199449.845944233 471 118
200088.538971959 254 104
200229.537123201 474 97
200265.418193024 433 89
200397.380612715 313 80
200418.394731373 512 106
200421.685605706 494 111
200665.669317169 385 96
200733.089552676 138 109
200965.731405294 133 87
201000.654178627 481 103
201023.605201098 119 80
201192.401742011 448 111
201601.342569727 493 98
201619.170367973 151 95
201784.222641461 130 105
202049.879732551 370 108
202052.569346237 294 88
202270.878875973 411 106
202328.303805493 273 87
202347.114966992 392 103
202565.606668870 494 88
202695.546280234 217 118
202795.036348394 315 98
202946.202820731 265 93
203074.661095285 119 91
203152.169272938 96 90
203344.776102457 438 85
203740.984402617 440 101
203856.185179673 382 98
203898.888611720 266 81
204172.394871465 156 85
204294.651227881 322 99
204494.656594760 306 119
204503.083998182 295 119
204697.087700156 138 101
205093.982722362 142 91
205187.371072548 431 90
205286.760617196 366 109
205648.170161319 284 115
205777.873960888 323 103
206076.514428643 251 82
206155.243420667 100 119
206626.726576987 420 89
206969.099627509 203 93
207044.332258609 179 96
207233.553648045 78 101
207460.097716256 455 98
207645.868360463 111 90
208009.917805408 487 102
208050.198559371 269 112
208346.696675024 281 99
208904.814611702 78 96
208979.037093958 262 89
208995.521643452 293 102
209010.418386487 496 117
209832.624415186 112 106
209882.857607019 218 89
210042.300663401 111 85
210312.870946187 404 110
210336.312612564 303 97
210409.490417277 401 99
210512.195369180 191 85
210545.053764478 317 113
210816.345754627 157 106
211360.093185393 481 90
211386.441239705 215 92
211398.742803784 502 94
211429.563539925 471 116
212048.269142655 216 90
212157.213609042 433 105
212183.432663750 455 90
212813.171326862 344 120
212821.836872024 150 112
212839.462726269 371 116
212898.060549239 450 106
213065.928136118 474 117
213197.690537062 302 82
213212.477471080 224 102
213216.207457321 123 93
213464.129671915 420 115
213781.490300735 329 98
213815.909644913 352 116
214207.899288253 184 89
214762.301629975 310 102
214778.122964029 441 120
214840.967009207 172 119
215098.372752125 71 83
215239.142773185 434 99
215279.352250882 260 113
215411.301547745 165 115
215421.609852847 322 101
215468.987611416 143 104
215946.155523053 204 120
215952.655041662 137 114
216312.063107748 177 83
216360.339443628 96 102
216559.899853751 85 84
216573.650157278 269 111
216699.366169653 72 85
216769.786320340 402 112
216798.697207479 175 94
217040.727596810 349 95
217223.681355489 262 94
217255.856471113 487 119
217384.913891176 165 82
217400.513020702 91 101
217474.376326133 238 107
217768.762515839 64 86
217931.969270097 391 112
217971.873704686 172 111
218445.627274082 212 95
218552.186503385 493 108
218755.031710354 73 106
218856.501128731 335 90
219148.500216616 348 114
219213.783739004 138 102
219314.109989527 304 83
219637.049397845 189 99
219856.990495784 205 82
219902.554409120 245 112
219940.497223017 455 111
220093.596284789 368 99
220324.740863541 502 86
220370.938923441 108 113
220561.568096115 165 100
220899.396508160 327 105
221141.410890422 333 113
221159.552263509 428 83
221223.901306585 135 94
221277.130342167 148 110
221519.072353770 285 103
221789.254003010 508 84
221936.081719506 372 105
222098.847501081 475 85
222114.754825932 380 86
222323.778979123 247 113
222358.609169411 149 87
222576.684257513 426 107
223181.836335055 371 109
223658.779762401 369 102
223746.386953424 466 105
223875.058948667 315 114
224063.765531565 97 82
224283.629466936 74 81
224331.580234051 394 117
224527.895268801 87 80
224634.256593177 115 93
224800.714630244 395 97
225330.017575152 471 92
225401.178248443 229 108
225672.173004501 152 91
226087.664974557 247 102
226257.102095254 510 102
227071.188766900 259 97
227517.228437525 425 92
227716.427358014 174 86
227885.996697144 296 90
227975.673913043 212 92
228049.867906401 230 100
229057.319446937 358 120
229175.438322131 453 111
229441.016897964 340 82
229574.430705680 477 90
229701.323454031 320 118
229974.631223640 118 96
229986.263600294 375 110
230063.020860247 241 112
230483.765161847 201 106
230627.641506642 140 83
230758.533158953 300 86
230834.773006238 502 102
231129.114148571 270 104
231586.609565890 276 88
231895.800147936 390 89
231956.080660122 131 99
231984.821833688 240 112
232744.173557295 186 117
232825.336016763 195 114
232833.273498681 85 101
233089.176165691 107 81
233379.216007018 67 106
233405.479579451 251 101
233981.774384110 481 83
234196.810739310 87 82
234290.304280551 243 99
234693.407982623 192 120
234711.784297751 73 83
234770.364233083 254 97
235084.802765990 509 109
235445.066119882 380 105
235497.423321731 93 111
235537.330060023 451 84
235650.598957834 188 93
235691.711354531 255 118
236291.152896138 373 116
236319.627718690 253 91
236358.861649108 440 82
236372.874081843 336 88
236747.614715328 176 103
237056.718170572 131 82
237124.972846628 427 111
237188.633538231 308 98
237328.569625593 293 108
237405.005933724 164 93
237446.608121565 355 112
237564.143315618 449 94
237613.896836279 198 109
237941.757650562 490 109
238081.581846293 117 97
238124.505751857 135 103
238246.778258163 115 119
238252.756097371 504 113
238260.747403473 308 110
238716.166554479 505 81
238873.456348247 303 112
238919.795697298 308 116
239534.518096100 325 82
239614.220103960 467 85
239710.367530102 160 109
239865.712939082 422 89
240077.260983719 174 111
240576.978377661 459 84
240630.259102409 492 101
240728.595565662 413 96
240829.376534604 181 110
240923.046269206 359 117
241327.814743554 411 84
241349.249409778 173 94
241494.187348141 95 96
241733.076448924 206 114
241968.178659396 159 113
242098.451180013 441 93
242388.085095564 358 86
242427.767619259 369 91
242436.905972799 485 105
242946.389630805 280 86
242973.822445946 283 97
243281.230911646 266 81
243746.552941265 341 109
243785.687923368 380 101
243818.434804645 185 115
244885.066535121 281 93
245039.383767878 510 82
245119.173964894 501 96
245234.425521292 318 80
245274.144241616 178 114
245631.116697636 415 86
245914.083164724 321 95
245962.029747885 145 106
246361.017368484 260 105
246366.437295817 241 116
246399.537552558 191 90
246968.063903804 327 89
247581.141215774 199 96
248041.669904949 347 114
248083.740795382 256 104
248211.630705528 458 109
248357.562268571 124 104
248577.035733332 476 84
248734.871759362 488 113
248774.688989827 324 105
248866.925525862 460 96
248915.199377654 210 103
249148.146516487 79 103
250011.000873543 275 114
250647.380799080 355 102
250690.953903096 505 89
251075.740078823 364 91
251502.518102109 208 82
251756.644395341 364 90
251759.040141639 488 115
252047.324558538 445 100
252429.522468078 368 118
252610.160273244 154 94
252803.774927592 405 80
253028.103207956 314 86
253297.224994030 214 111
253313.052018528 313 101
253366.064391239 199 84
253513.257792623 125 115
253729.830019543 136 96
254347.420049532 148 80
254674.685495047 342 97
254785.485550482 305 99
254803.786664982 353 80
255059.144207275 453 108
255139.787080945 206 88
255228.936520259 153 92
255513.966745335 237 118
255937.972990731 497 87
256079.146380211 181 85
256403.005853718 66 84
256729.211588779 132 102
256885.431926254 312 120
257019.864268760 194 90
257759.429015758 370 108
257864.904218253 436 80
258019.879424918 368 118
258038.630060696 283 86
258627.531426564 126 107
258728.896101141 477 93
258778.322366545 289 86
259208.274697853 132 81
259230.668308549 467 119
259525.357715221 288 113
259554.695720758 182 95
259753.055299383 429 88
260032.004058560 322 110
260033.672376631 129 81
260163.152221954 79 111
260194.609429640 72 103
260479.671579376 512 111
261155.890415260 376 113
261720.806196224 444 107
261827.170804587 79 89
261854.109174162 222 113
262066.233326734 323 96
262159.398089932 350 96
262190.355400704 193 95
262585.273821102 206 97
262840.218161632 84 120
262945.161837013 423 81
263111.979609589 185 92
263378.122186270 150 100
263852.532239925 280 87
263988.919196040 124 103
264130.834991118 177 102
264553.228371337 109 85
264856.405625060 370 95
264932.364730186 407 102
264970.781100143 165 115
265424.049708027 356 112
265766.466999671 82 81
265883.585870138 496 113
265905.406050458 415 102
266017.607175464 154 119
266472.022306455 91 92
266771.496085403 136 102
267467.431574120 154 84
267507.467831781 315 86
267547.407517997 100 114
267549.263273717 352 109
267727.125095820 137 89
268108.165221592 201 80
268201.357132918 162 95
268480.960919614 135 93
268708.342286420 391 86
268727.602673591 415 81
268909.169093218 299 111
269033.395931197 239 105
269483.753568196 256 120
269577.738514957 357 108
269633.937565333 249 107
270064.460128254 298 99
270184.319894156 322 112
270257.118641772 446 98
270585.019688502 258 81
270637.468571122 334 120
270892.478954868 326 106
271250.594520102 436 81
271276.438663142 261 87
271850.910495102 201 113
272158.807421030 403 105
272334.766548734 478 91
272407.838910960 340 101
272454.724883198 501 93
272455.287400931 455 116
272644.407496127 92 119
272680.620372265 380 86
273301.607750716 363 88
273339.667690690 119 105
273693.017350385 135 95
273885.559673524 298 97
274255.629075301 357 83
274586.378925744 304 92
274683.374924040 445 114
274847.936979819 151 116
274982.130639668 235 80
275371.341879734 219 119
276251.351150136 252 105
276456.508991210 178 105
276483.111526403 354 111
276788.137882205 70 116
277040.642998293 342 101
277157.171355172 244 95
277308.720494539 364 114
277344.030009759 306 110
277409.419026205 446 87
277414.516781500 293 108
278006.440928269 455 118
278265.173020052 68 107
278269.010474674 364 84
278458.863573937 386 89
278555.546759235 392 110
278576.436496109 318 82
278731.299090600 306 85
278772.019558615 436 109
279006.234994652 121 87
279050.920121213 124 111
279245.843261630 163 90
279344.591887956 180 81
279429.384568338 257 85
279531.128208826 289 120
279628.395818179 213 97
279879.002168549 478 94
280063.682696999 478 113
280098.503422749 369 104
280326.245916712 124 102
280723.942338193 282 86
280989.027497642 182 82
281690.107638342 391 114
281832.059764584 497 112
281927.822661301 117 99
281942.866177848 440 98
282145.912041942 302 93
282245.952186898 234 114
282387.396172685 360 83
282468.258833997 69 86
282492.980808051 198 104
282506.630919651 167 99
282573.448457773 415 105
282711.755949778 296 114
282713.306768184 251 110
282726.632650681 87 109
282821.052764202 482 88
283070.198391691 235 82
283393.176979158 310 82
283429.750912770 128 106
283503.427769121 149 114
284182.587334837 82 99
284493.448404634 500 107
284861.008828165 438 110
284972.423644964 208 119
285204.266506329 92 91
285321.882061542 224 103
285674.594291569 490 118
286221.226540985 435 119
286256.927785244 467 84
286433.499262537 103 104
286579.733486891 232 119
286675.166032557 432 116
286749.368401450 144 86
286930.446755020 159 84
287009.755246862 464 84
287041.523211182 495 99
287187.588210288 67 110
287493.469656835 466 101
287552.666315551 98 112
287583.690799533 469 88
287616.976924883 507 83
287697.582056549 99 119
287717.368723496 94 103
287722.605676746 319 83
288247.256147188 320 88
288284.801419126 257 120
288373.261313989 177 111
288966.013303907 174 90
289073.704034687 307 82
289228.962750774 226 104
289366.624717884 450 109
289507.327950003 140 110
289748.032966086 409 85
290012.923750552 467 119
290108.486952000 379 109
290198.217382274 217 100
290256.519650770 425 108
290332.509470645 395 103
290579.553074341 319 95
291014.683143119 111 94
291289.089119178 203 89
291309.443598756 123 102
291442.064794321 219 99
291672.441521644 146 91
292204.918311562 319 104
292511.172502552 465 118
292844.938831452 489 107
293042.293741431 331 112
293118.382331815 504 106
293340.208900350 65 103
293433.284830234 263 102
293470.396271888 414 94
293597.991989919 464 86
293734.628331646 140 108
293852.138545330 512 95
294075.940620725 183 81
294128.567774997 90 114
294188.924076059 435 106
294236.502298385 495 100
294313.433473567 240 81
294524.111731859 259 115
295137.369479055 93 86
295148.071296836 442 120
295759.922114089 222 113
295766.380592352 200 99
296262.057289067 512 101
296467.003272499 67 88
296724.253809980 497 109
297038.813877762 434 103
297119.876800974 409 99
297256.462681891 232 111
297350.736464815 143 100
297514.864070110 101 97
298051.744848903 250 107
298597.222057633 145 91
298790.152604701 394 109
298796.680687254 444 114
298797.758650257 499 108
298900.507879476 65 93
299127.362346377 165 99
299145.198351644 502 105
299230.421150562 96 81
299279.642336125 297 82
299383.689956909 131 91
299640.022356737 500 112
299681.081254086 309 89
299685.926708163 497 117
300118.402396535 441 88
300379.118269359 186 84
300398.942812184 181 97
300487.441980922 238 80
300811.849921233 229 120
300900.639860103 340 98
301131.265833724 205 106
301303.841616762 288 104
