3 2.071526806 47.737313277 99.099582465 588380 40
39375.792864437 184.525272372 0.002032015 0.002021905 0.000000000 1.000000000 0.000000000
11
1 0.073844479 2.073533222 0.199357973 0.413131003 1.475337890 1.909017750
2 0.133104742 4.147066443 0.359342931 0.571270063 2.040070494 -1.000000000
8 0.432458582 16.588265772 1.167508628 1.092317327 3.900789651 5.047438106
16 0.779506994 33.176531545 2.104435382 1.510436602 5.393941229 6.979505930
32 1.405062078 66.353063090 3.793246723 -1.000000000 7.458644170 9.651134300
64 2.532625696 132.706126180 6.837330728 2.888084251 10.313677974 13.345413589
128 4.565060161 265.412252360 12.324294963 3.993590557 14.261566972 18.453796033
256 8.228525164 530.824504720 22.214553074 -1.000000000 19.720636326 25.517574689
512 14.831924221 1061.649009439 40.041752469 7.636087457 27.269338486 -1.000000000
2048 48.189063964 4246.596037758 130.096037589 14.600853747 52.141312584 67.468402958
4096 86.860832380 8493.192075516 234.498228121 20.189795929 72.100062008 93.294084782
59
0.000000000 2356 20
3466.310035298 3291 23
4190.845337331 2636 24
9956.783434667 1047 15
11779.951995282 2746 10
12054.094717494 1543 22
62922.230075974 3426 5
71510.425024322 2296 23
73352.902719235 2600 9
74872.656813045 3000 9
79776.993385455 2675 7
88958.293694321 2637 6
90630.723124299 1448 8
92394.383693491 2581 19
93387.642178845 3758 18
98815.228891783 3188 20
102466.799674199 1730 24
129886.413929863 3939 17
140501.639806796 1434 19
148795.971037244 1784 9
150817.872469790 3844 13
158860.041996225 1287 14
174105.104784841 3320 15
183031.909675947 1401 21
187416.971997671 2189 16
193517.035318542 1234 14
200502.751156269 1086 15
204013.724335271 3730 20
208511.321117213 1887 10
231251.056043797 3425 21
236759.882349551 3471 10
250090.377586332 1569 22
254934.445378719 1761 20
266580.608052684 2960 19
267784.350965661 3808 21
276070.460320270 1294 24
280604.575393231 2680 11
281320.077775290 2642 6
287447.494574112 2334 13
294697.737424623 1682 10
296155.871723525 2937 12
296951.507759107 2044 14
299271.552671784 2237 14
300254.665753527 3940 10
307985.408309776 1244 11
312319.373130496 2836 15
323001.443038982 3483 23
341623.505356272 4051 21
344789.378207744 1350 21
346232.233676439 1322 19
354329.832732880 3446 14
359245.635652872 1535 14
374468.444756900 1893 12
384311.385669926 3186 10
386564.916404003 2336 12
389144.260647699 2884 9
389294.926367114 1085 23
402204.195374050 2803 23
402805.116960554 1126 18
