2 1.731916179 35.222305089 75.512855890 900099 27
16149.073126303 182.335183801 0.296033848 0.003044050 0.628552349 0.250000000 0.750000000
9
1 0.118077018 1.303949424 0.149733165 0.308391014 4.456357077 1.784778543
8 0.691499493 10.431595393 0.876888739 0.834624079 12.060607324 4.830293621
16 1.246428475 20.863190786 1.580592764 1.163109604 16.807337050 6.731366901
32 2.246688480 -1.000000000 2.849019920 1.620878171 23.422251562 9.380651345
64 4.049658063 83.452763146 5.135361041 2.258812099 32.640617999 13.072622686
256 13.157377865 -1.000000000 16.684837248 4.386716505 -1.000000000 25.387631727
512 -1.000000000 667.622105167 30.074434577 6.113209797 88.338001130 35.379518784
1024 -1.000000000 1335.244210334 54.209196151 8.519204279 123.105455598 49.303943071
2048 77.054114915 2670.488420667 97.712126218 11.872133291 171.556442348 68.708645168
60
0.000000000 2362 7
6558.924469748 1267 10
16328.827027778 3945 4
20268.893054933 3227 13
21085.896272532 2581 7
26264.679123606 3331 10
27348.535126620 1526 18
28346.651068955 3997 21
33733.306360821 1396 20
34284.728520493 3528 7
38126.228079101 3908 17
38886.787493518 2913 23
38928.768924259 1036 14
39827.933177692 1478 11
40737.297136562 3944 12
45633.202427514 1941 21
49058.841731703 2760 7
52954.336044506 1575 20
63681.511158467 2548 15
63811.140575048 4040 19
64001.895863504 4064 6
74189.615036545 2757 12
76044.521489943 1586 12
80948.412255974 2498 5
81419.329840638 1349 18
82081.019434961 3602 24
88752.273770932 3462 21
89160.040447636 1742 21
90010.274638927 3631 4
91003.582462280 1294 9
93124.888911619 3739 18
94044.910789174 2999 7
105337.475460615 2950 4
109112.475354107 2606 23
109860.289310451 4025 10
112685.268895919 2666 23
124844.684730964 3829 18
141160.528952156 2331 18
157404.806074469 3378 8
158062.942882063 2743 14
159034.048200021 3078 19
161810.376677325 2691 10
164160.180894430 2410 9
165448.250160223 2262 13
182830.146925789 2634 19
184688.761834007 2416 22
187829.611334064 3244 11
201869.002903889 2846 9
205045.239139541 1837 14
205452.924336278 3431 16
207797.984594388 3461 11
210398.471184313 4017 9
210777.081075282 1485 16
211532.021375595 1226 7
236897.777726972 3285 13
239449.277181904 1820 18
241261.205786802 3910 5
243308.749367153 2181 15
249480.577605328 3452 21
252927.192628255 1735 22
