5 4.910380986 0.060117777 0.497754583 687228 23
413911.970473203 93.294108652 0.000473968 0.000222520 0.000000000 0.750000000 0.250000000
9
1 0.376781737 2.413807528 0.139442980 1.424562805 1.784249121 1.639722333
2 0.679149430 4.827615055 0.251346101 2.005218583 2.511514045 2.308077735
8 2.206563007 19.310460222 0.816625892 3.973031060 4.976177357 4.573099715
16 3.977331861 38.620920443 1.471968926 5.592449616 -1.000000000 6.437107931
64 12.922389342 154.483681774 4.782441149 11.080575562 13.878298049 12.754135615
128 -1.000000000 308.967363547 8.620354596 -1.000000000 19.535131091 17.952756910
512 75.677941570 1235.869454188 28.007614711 30.903144957 38.705846459 35.570616304
2048 245.878357567 4943.477816754 90.997008661 61.229810962 76.689659421 70.477684880
4096 443.195967007 9886.955633507 164.022192304 86.187252903 107.948578768 99.204586056
71
0.000000000 3771 8
106578.215740382 2852 8
151686.788197252 1360 16
251021.988616543 1908 20
268730.254687259 3834 6
282479.029958334 3681 9
392469.841085696 1718 21
421394.316746963 1609 15
520287.240634501 3598 9
548168.921878085 3858 16
660578.567336075 2009 17
736329.659357979 2198 4
786680.714264724 1708 15
830959.738417172 1429 10
836249.477866086 3840 24
848939.813626654 2752 10
918851.835311321 3285 6
935739.698053362 2771 24
941875.414584694 2852 12
1017279.875708051 3052 15
1034722.603376061 2326 20
1037611.557879468 3250 9
1085483.370841511 1578 7
1205345.980321927 2326 9
1295012.576704426 1155 23
1337967.205093168 3810 21
1353027.818533999 2872 9
1370218.725936798 1407 18
1373967.782577938 3505 6
1397739.907943512 3124 14
1757009.925546244 2952 5
1803231.341826034 1106 24
1859788.491156227 1106 21
1954829.039661505 1373 23
1966673.749415400 2354 23
2209352.128030199 2017 15
2212931.065799844 2701 6
2262905.176873721 4050 23
2289846.289197367 1783 11
2307121.374308958 3910 20
2347225.650055659 1832 11
2369321.508614824 1537 15
2467786.835758429 2016 15
2487934.605326614 1940 17
2545965.947953114 3623 5
2691989.502990519 1525 13
2955352.406117346 3157 23
2981164.065211372 3179 4
2989659.534653971 1924 9
3013135.012046079 3228 22
3013398.147412259 2886 17
3151992.299550456 2637 11
3296601.200006390 3806 6
3452951.071754969 1589 10
3462203.887919193 3404 24
3573614.250072198 3663 17
3573626.876553666 2970 17
3581291.511605131 2375 12
3603618.345358694 1442 19
3642024.714441677 2947 7
3857308.108905907 1199 5
3881010.803133082 2218 21
3937290.332776858 3126 6
3951460.785908549 3679 23
3961504.105005890 2580 7
3979686.891238016 1046 14
3997652.316204772 1131 22
4094009.244893160 1048 17
4107701.475039249 3349 22
4158162.350300008 2302 12
4264805.807939257 1977 11
