4 9.003474527 0.025624787 12.793336324 25767 48
8893.904336815 46.144913055 0.007376446 0.003651706 1.139666012 0.750000000 0.250000000
8
1 0.396217298 1.509457794 0.117225575 1.833900235 3.588214197 1.624775015
2 0.714182047 3.018915588 0.211299207 -1.000000000 5.829965160 2.639859609
4 1.287313800 6.037831176 0.380867017 4.841176369 9.472258873 -1.000000000
16 4.182494875 24.151324704 -1.000000000 12.779860203 25.005109291 11.322533882
32 7.538950881 48.302649409 2.230487806 20.764128238 40.627149882 18.396331554
256 44.150680592 386.421195269 13.062501166 89.058730494 174.252554720 78.903092637
1024 143.445984446 1545.684781074 -1.000000000 235.099496253 459.996314885 208.290385782
2048 258.561519684 3091.369562148 76.498484441 381.978833214 747.380825747 338.420625303
80
0.000000000 1816 9
5818.138659202 3203 8
15250.652253348 3112 16
19848.169363203 1283 18
21004.620756905 2691 8
21893.671745138 1838 7
33621.929832150 1526 10
35287.989623455 2680 13
36164.484770851 1807 12
36286.720414098 2799 23
38468.771400414 3010 21
39744.767260534 2041 8
41780.033777775 4015 14
46737.319158432 2668 22
48686.427523749 3673 13
48712.136323583 2310 13
51410.846229026 3600 19
65744.512037134 1709 16
67193.431269929 2120 15
73397.066125992 3956 18
73879.780557633 1082 14
77385.442447583 3341 10
91226.247562563 1888 22
106888.186887121 3170 21
112640.958766026 1910 15
115101.095665450 3503 8
116533.885235805 3835 24
121092.980579223 3545 11
122189.705895354 3397 13
123328.482457451 3846 23
125494.978187129 2467 20
129713.555315885 3569 12
133198.934989599 3167 24
137709.504620273 3752 16
139526.178011064 2615 22
139801.594376998 1566 23
146173.308830399 2451 16
150868.016663705 2594 15
155444.995010939 1809 9
155579.799789628 2174 24
156169.578536962 2575 5
157631.407938884 1401 19
165275.703636875 2765 19
170915.893658010 1995 7
181018.336886678 2185 11
185955.349533680 3936 18
191907.512454834 2477 23
192998.399075502 1301 4
195664.972474200 1085 19
196895.499851983 2057 11
197384.906174333 1293 17
200091.816482710 3677 16
202109.377394678 1616 20
207027.331422345 2262 18
208775.767796382 2870 7
211069.084875798 2461 5
211701.880161356 3487 22
213569.251574947 1271 18
218133.578913003 1608 12
220224.751584521 3069 4
223827.776055298 3949 8
227286.226318291 2906 13
227370.551838740 1691 10
230086.666248515 4052 14
232331.828087389 1647 9
232384.583385379 1756 16
235284.235378674 1082 12
235355.894728410 3188 22
242326.918043177 3927 8
253199.607455954 1340 10
263096.277605424 3485 17
264457.286303999 3248 10
265966.794847992 1041 22
266544.404654489 2251 5
271594.701474349 3594 22
280582.142707993 3037 5
281586.579185735 2310 17
291587.488865404 1399 17
292909.295014267 1742 11
297057.153696336 1303 21
