8 1.723821663 0.822440561 0.807383947 495407 39
89604.292680073 45.246046736 0.022280526 0.000410398 0.427288654 0.500000000 0.500000000
12
1 0.305573098 1.811554269 0.038777535 1.386503436 2.751087504 1.108751218
2 0.550795792 3.623108538 0.069896542 1.859353936 3.689313166 1.486877630
4 0.992809926 7.246217075 0.125988582 2.493464475 4.947509527 -1.000000000
8 1.789540809 -1.000000000 0.227094536 3.343830867 6.634798788 2.673975738
32 5.814235243 -1.000000000 0.737832323 6.013489229 11.931910623 4.808833024
64 10.480164406 115.939473204 1.329943445 8.064318185 16.001146780 6.448828314
128 18.890506038 231.878946407 2.397224290 10.814557956 21.458147515 -1.000000000
256 34.050154611 463.757892814 -1.000000000 14.502734280 28.776193425 11.597464448
512 -1.000000000 927.515785629 7.788604695 19.448719259 38.589971825 15.552641717
1024 110.629278715 1855.031571258 14.038967170 26.081473569 -1.000000000 20.856685135
2048 199.409377241 3710.063142516 25.305251313 34.976249824 -1.000000000 27.969609457
4096 359.435586974 7420.126285031 45.612738904 46.904483694 93.067449847 37.508311991
105
0.000000000 3447 11
14994.743301563 2161 15
48857.451763579 3112 4
73015.684126092 3634 10
94906.580210002 2073 9
114017.718263627 3374 8
156303.622842831 1826 16
165957.649035997 3922 21
174845.234130091 1551 14
187506.190865405 1451 12
200813.453214701 2181 24
236561.747223916 1753 12
253029.272138800 3375 7
301461.305132207 1598 21
324881.132716752 3387 6
347092.346763176 1970 20
405934.101693707 1900 20
406962.825550816 4038 7
466405.443702026 4046 6
470638.560837005 1520 7
504864.807123430 1738 18
513204.444550015 2985 6
601633.618831712 3969 23
662456.367274470 1841 13
671053.212047212 2489 15
693617.976417057 2013 5
755737.888094124 3721 12
793472.573423261 3606 23
802950.182760982 3976 19
812756.488440086 3979 5
820917.600791195 2429 11
827763.734160890 1893 7
830954.364951571 2402 6
848340.201251181 3353 15
882974.970177099 1707 20
885612.393662519 3519 14
908648.036937484 1405 10
1058218.075482077 3797 13
1109044.250764666 2712 18
1109417.469146082 4004 7
1233056.327032982 3967 11
1266798.512752274 1140 19
1282493.858876902 2989 9
1299829.701600546 1056 24
1502260.005048295 3752 22
1504940.125720438 1525 18
1519961.599647652 3784 24
1563544.305363923 1479 8
1592935.831962514 2662 15
1663464.659345476 3743 17
1670473.709276629 2977 23
1734296.596077893 3167 9
1757880.288316827 3815 19
1783011.176933836 3585 22
1790379.107573011 2508 18
1792389.058459812 1550 8
1795069.347122505 3115 16
1798729.053175405 2607 9
1876043.505606870 1525 13
1909407.146736943 3681 4
1937134.677282718 2196 16
1968564.456065756 1413 18
1993774.065829933 1062 5
2031505.984730491 1752 12
2060855.427372880 2582 19
2066100.420452822 3463 12
2198679.528848862 2440 5
2202001.028021757 3094 6
2223847.598466175 1743 7
2242330.756197282 1664 9
2265328.665334453 1977 23
2269274.129963632 1227 12
2280241.150908586 2323 23
2390202.918596669 3333 8
2479239.836724940 3649 24
2516396.091549043 1429 23
2534885.319052586 3405 20
2551067.754071226 4052 24
2641914.741551540 1159 6
2749963.553665951 1285 16
2752815.612965479 2919 10
2769078.588357783 3047 14
2783026.483862671 3884 9
2783996.035183769 2529 20
2816422.273638953 2134 20
2821401.997526340 2559 23
2843108.623707822 1780 7
2854267.810205027 3086 11
2864898.584949985 1728 7
2872275.723179235 3230 21
2887716.662784255 3439 13
2905215.247766800 2773 17
2955911.065973107 3273 21
2995295.321991317 1973 6
3015754.294364225 3827 13
3100377.181762494 1651 13
3131990.749680664 3648 22
3146681.904196537 1463 21
3170041.412777540 1703 14
3220905.573474308 2670 12
3225254.912773130 4083 10
3236502.302377458 3175 14
3285465.266273105 2218 20
3301611.266130471 3714 12
3308184.366420174 3419 19
