8 7.275395978 44.230843177 2.860316870 163976 49
29811.274484412 451.278673291 0.018795638 0.001382032 1.586027439 0.750000000 0.250000000
9
1 0.306476759 2.039299203 0.329556488 1.391969029 4.412567965 0.309100905
2 0.552424641 4.078598406 0.594025875 2.216519093 7.026407153 0.492200648
4 0.995745927 8.157196813 1.070732189 3.529501582 11.188586301 0.783761788
32 5.831429475 -1.000000000 -1.000000000 14.250795024 45.175287863 3.164534234
64 10.511157024 130.515149007 11.302716749 22.692429646 71.935428151 5.039085211
128 18.946370261 261.030298013 20.373157397 36.134570903 114.547268385 8.024049637
256 34.150849926 522.060596026 36.722635058 57.539330725 182.400759010 12.777194644
1024 -1.000000000 2088.242384104 119.312193304 145.897756737 462.498628877 32.398083405
4096 360.498533091 8352.969536418 387.646459704 369.940963040 1172.719800480 82.149160093
86
0.000000000 1186 21
5312.382090009 2863 16
7891.551824178 1107 24
22704.303217433 2187 12
47170.456257324 1062 16
49347.120151018 2617 22
75236.547231382 2424 7
76559.295233412 1422 7
82426.993228896 1585 18
83278.837964545 2910 19
91823.593808936 1918 23
96691.234802537 3770 7
96922.577296980 3087 19
100341.411844756 1697 17
116662.639516278 2219 14
135434.754161434 1821 19
136389.100822327 1579 15
137291.950531525 1395 24
138101.637614895 2827 8
160737.100284990 3720 24
163558.019252192 3840 13
163627.586206582 2211 10
171791.013768066 3878 10
173661.436272032 1631 9
180813.854105904 3925 9
188313.701219238 1830 16
198152.937678304 2042 5
202394.443992408 1772 7
210736.037247441 1038 22
229671.969356215 2462 19
233104.997540976 2240 16
246524.490183617 4029 7
254796.450819181 2522 24
273196.285945394 3047 13
282791.311444964 2884 15
284669.079937274 3627 22
293715.547543037 2959 24
302109.904449850 2342 19
304748.423799680 2144 23
307822.535360977 2553 4
312023.324936642 1582 12
313537.690852701 3698 9
316868.950975036 2358 11
319031.254214923 2658 15
320240.126780042 2938 10
328510.261009851 2535 9
331375.434911146 1159 4
347155.174841685 2255 7
348526.323023983 3165 18
374439.917870273 2837 8
383935.901504868 2585 5
404900.746136239 2314 12
414045.698725395 3323 23
418777.105246393 3119 7
424870.349412848 1989 9
433452.223993727 2725 6
434789.873274494 2038 18
439932.659495786 1137 17
457197.637636222 2286 23
458746.259349078 3956 23
461555.248551107 2023 15
463084.106412523 2577 5
471882.195103186 2478 6
479732.590642435 2404 4
530154.730206260 3099 7
534451.497748461 3060 9
561432.831150897 2154 17
574057.790741039 3068 15
588982.092447355 2122 22
597098.141250244 3001 17
633221.605755155 2886 16
642465.116930763 2891 13
652852.381409642 2934 15
656357.587777434 3229 5
670935.838445687 2353 12
679826.818854401 3180 13
687576.922484703 2747 6
718633.573740060 3505 19
731607.663808110 1766 7
738640.823684180 1053 8
747897.587997472 1509 7
757967.145167510 1141 17
761134.905382741 2790 10
786861.959130837 3236 14
791972.501758827 3269 19
799871.089700156 2821 9
