7 3.134691699 3.830795257 0.648128275 610349 43
297158.103804794 44.885319945 0.000514864 0.000306466 0.000000000 1.000000000 0.000000000
11
1 0.203837702 0.890031943 0.339693081 0.566466197 2.982653677 0.770061863
2 -1.000000000 1.780063886 0.612297093 0.917587380 4.831436343 1.247380780
4 0.662270649 3.560127771 -1.000000000 1.486349236 7.826177513 2.020563393
16 -1.000000000 14.240511085 3.585821659 3.900028039 20.535087578 5.301751228
32 3.878483934 28.481022171 6.463446858 6.317440524 33.263656857 -1.000000000
64 6.990970879 -1.000000000 11.650368942 10.233273805 -1.000000000 13.911251770
128 12.601231478 113.924088684 -1.000000000 -1.000000000 87.280425924 -1.000000000
256 22.713731398 227.848177367 37.852160368 -1.000000000 141.380752685 36.501698681
512 -1.000000000 455.696354735 68.228554084 43.494555012 -1.000000000 59.127090401
1024 73.797131033 911.392709469 122.982031863 70.454433055 370.968602912 95.776715758
4096 239.767586104 3645.570837877 399.569800358 184.865210454 973.383588166 251.308284625
73
0.000000000 1764 6
1653.117175549 3771 22
46409.229596929 1583 20
87847.957700142 3579 5
212423.461522301 2904 10
239903.318507372 1078 23
240543.467904309 1846 12
241369.715307469 3499 6
247588.146371125 1435 23
248551.670941357 2111 14
297672.822637849 2418 8
324054.552304383 1187 4
369491.172537461 1562 10
382189.736991229 3251 23
424151.951629029 3457 7
440746.754383961 2920 17
464051.747968302 1690 18
476226.616064666 1985 23
479445.927866216 1957 21
659975.885409335 1727 14
774125.834373554 3037 8
775226.278115693 1254 11
786271.063929663 3263 8
804985.459270992 1853 16
916389.896508483 3904 14
971009.070584143 1978 20
978696.892304932 3816 13
1094688.753926549 3178 9
1186098.160128789 1938 5
1206463.611958096 1391 6
1219962.249598144 2794 7
1288701.124223833 3551 11
1304295.146498047 3112 5
1332242.903048709 1681 17
1333884.302183458 1226 6
1352346.751206853 1574 4
1433195.177880710 1207 20
1512130.274344141 2777 12
1525729.057893106 1813 7
1541100.499386726 1278 4
1557962.885672593 3006 15
1623291.366104253 2130 9
1660565.952456847 1114 15
1689716.883493725 3941 9
1703740.563926493 1204 9
1712349.380377728 3483 6
1751984.282857014 2396 19
1772788.839176093 2369 19
1851285.329686439 1114 18
1864708.691644209 3796 14
1888987.788202102 2832 10
2053320.662780218 3883 16
2074341.495088275 1787 12
2081960.962057987 1918 17
2104661.156308082 1421 9
2116569.500546352 1359 19
2128718.426845545 3583 20
2187805.865373655 3953 16
2189622.413691764 3731 15
2369229.112904495 2796 5
2370066.266886718 3578 9
2371286.928974051 3314 6
2388766.901989074 3555 20
2397152.738123245 2860 8
2419364.933411841 1778 7
2506300.489430659 1063 20
2601843.341749202 1036 5
2643644.393649986 1712 8
2665642.896116589 1346 12
2674248.244551620 3749 18
2699747.571868025 2102 15
2729080.638107034 1066 4
2749641.693547441 2100 5
