5 6.559566259 33.595241228 13.476657190 578699 55
16213.354010812 143.593351755 0.001554172 0.001546440 2.373923296 0.750000000 0.250000000
12
1 0.392898839 1.535172609 0.286721627 1.477855168 4.314262299 1.098500682
2 -1.000000000 3.070345219 0.516815997 2.400139590 7.006662067 1.784041517
4 1.276532096 6.140690438 0.931561313 3.897993645 11.379306570 2.897407519
8 2.300950283 12.281380876 -1.000000000 6.330612818 18.480785397 4.705591350
16 4.147465014 24.562761752 3.026651635 10.281355564 -1.000000000 7.642207666
32 7.475809526 49.125523503 5.455542373 16.697636592 48.744955247 12.411476831
128 24.288976809 196.502094013 17.725109463 44.041718516 128.569788077 32.736535253
256 43.780903170 393.004188027 31.949526207 71.526814345 -1.000000000 -1.000000000
512 78.915118471 786.008376053 57.589050548 116.164521794 339.115921276 86.345948592
1024 142.244574058 1572.016752107 103.804316895 188.659263622 550.747844545 140.231826607
2048 256.395976348 3144.033504213 187.107377246 306.395766977 894.452808730 227.746240724
4096 462.153984591 6288.067008426 337.261220602 497.608037998 1452.653578166 369.875736621
103
0.000000000 1597 19
64548.869288918 1860 20
68598.490170829 3883 18
91740.283461009 3390 24
93263.943080514 2935 22
94187.604145389 3239 23
95814.807112995 3232 9
106710.500185865 1333 4
111464.545378044 1639 20
115513.489220129 2991 14
126164.013019028 2405 5
133370.688780198 2614 13
144710.699615593 3066 4
146490.032227341 3655 16
148937.629186019 3161 21
160596.618439758 2671 23
183414.421717597 2779 18
185033.175787230 1182 22
187219.324015123 2098 7
193438.652898379 3462 20
196625.580042319 3454 12
204906.831406674 4023 22
213321.465327065 2363 21
235373.109265485 3829 6
252665.542329894 1531 4
277427.842249333 3560 9
279041.789459108 2083 21
282164.765934939 2434 17
285326.210691133 1406 11
297451.125137275 3643 21
299724.887412806 3016 4
300281.449378921 2169 9
312921.122562418 3831 8
323791.749093029 2459 8
330937.417694252 2809 4
353242.881508952 3561 6
356530.775808410 3975 18
356902.585001662 1727 21
358541.263396151 3540 15
374014.732098109 3923 17
375607.511194954 2320 5
414813.218392591 3390 12
421633.284986270 3397 4
433835.548916673 2549 15
433879.402307662 1842 12
448376.216593744 3281 8
448745.054617747 3165 19
460936.910989602 1651 4
466710.591024010 4085 7
467050.961461121 1448 14
474186.844288938 3654 23
487599.356963142 2358 15
496482.221174266 3629 18
499479.160714464 2296 21
503372.931102261 3776 10
506134.901349382 3863 15
508962.166290195 1193 20
510251.726081359 2263 5
517257.858593915 2468 15
519502.116762722 2329 15
525639.585600543 3342 13
530052.617502599 2622 18
530534.987011956 1316 11
535358.023487658 1778 14
538006.482477646 2838 8
543192.970148993 3327 18
543933.033761245 1561 19
550436.216413696 3680 17
562508.723005170 2879 10
569196.245373244 2851 17
571640.761010775 1646 23
573005.348446107 2349 14
585720.412170748 3434 10
592547.006225735 3740 10
595514.453098431 3656 18
604073.289199517 2780 18
607332.743637461 1357 8
615322.557107780 3320 9
620601.768336370 2163 21
621383.453345731 2674 10
647052.307819707 2874 8
649505.596168090 1033 16
656581.163077669 2745 9
658316.801904886 3260 12
663544.714643349 2874 12
672833.542143435 3240 4
678542.606722640 3361 4
688498.470195738 2936 7
690121.098875348 2199 10
691506.771937755 3090 11
700114.023777110 3426 11
701492.710350187 2186 14
713786.064624638 1770 13
715363.182558074 1667 11
717063.482351135 1240 10
729739.253672416 3863 6
730320.732604028 1758 24
734258.120428831 2149 12
735697.181547328 2195 10
737333.316222900 1269 15
750591.554234796 3516 18
754435.735470712 3373 10
767318.265303003 2855 24
