4 7.401327784 28.189004842 11.285889072 536092 15
23657.726847489 156.088885869 0.001975562 0.000215438 161.409620566 0.750000000 0.250000000
8
1 0.315476396 2.579542348 0.130227049 1.420985891 1.634890553 1.344112929
2 0.568646496 5.159084695 0.234734376 -1.000000000 2.517398713 2.069660351
4 1.024985835 10.318169391 0.423108930 3.369119447 3.876281667 3.186855716
8 1.847537916 20.636338781 0.762654238 5.187758253 5.968684851 4.907109201
16 3.330188803 -1.000000000 1.374684970 7.988091876 9.190559900 7.555949455
32 6.002668398 82.545355124 2.477870931 12.300035720 14.151591747 11.634624343
256 35.153683754 660.362840995 14.511261546 44.905169165 51.664859824 42.475874556
1024 114.214655481 2641.451363979 47.147227860 106.468952073 122.495997383 100.709159692
1832
0.000000000 665 1
78.799051174 3689 1
1334.979697617 4040 1
1360.896178829 1291 1
1513.204970326 2496 1
3238.487427441 3524 1
3246.226629910 3713 1
3341.664075573 3572 1
3657.063645522 1492 1
3775.942325143 909 1
3850.917485016 687 1
4077.255760855 3462 1
4743.934392413 2350 1
5714.344814087 1599 1
5883.641180857 956 1
6216.761903906 3444 1
7566.188481926 1965 1
9834.530850409 2344 1
10250.462640484 1762 1
10280.145577063 2094 1
10564.379206261 2711 1
11013.866666516 2688 1
12030.612336778 3516 1
12047.406976035 1349 1
12325.677669592 2219 1
13597.365878166 2858 1
13624.168734903 3446 1
13641.748438021 2024 1
13752.785916444 2922 1
13793.018093590 1039 1
14327.697282630 2410 1
14460.632000750 3286 1
14713.844074741 3077 1
14778.397480728 3682 1
15228.378489767 1251 1
16354.069515125 3499 1
17161.201737059 1012 1
19072.991363838 3470 1
20297.434691200 3042 1
20321.629141789 2978 1
20353.585322755 2786 1
20679.472196803 522 1
20716.922192404 2071 1
22295.472414482 2069 1
22338.615421099 3144 1
22612.310714152 1505 1
22884.172087107 2793 1
22933.710496302 1587 1
23174.048995431 3609 1
23783.727729895 3965 1
24199.218334525 3490 1
24238.433284104 4016 1
24376.384539371 3054 1
24393.542364279 622 1
24754.293075240 1114 1
25797.988832737 3599 1
25988.778605125 1571 1
26117.616290279 832 1
26533.397180534 1409 1
26596.103271955 3377 1
26607.217831392 633 1
27229.942507392 2390 1
28289.912780765 990 1
28491.785250229 1472 1
28754.186386644 3626 1
29318.609139236 1102 1
29412.849976963 4069 1
30184.251422562 691 1
30292.504918080 3387 1
30456.865511646 1834 1
31401.154011920 4083 1
33659.399479921 3710 1
35390.104542241 1113 1
35411.548194427 2356 1
36829.634744007 1669 1
36935.964946817 2820 1
37007.277010666 1955 1
37022.601345642 2187 1
37960.098959139 3854 1
38344.718337733 961 1
38832.501883956 3968 1
39213.532315451 653 1
39243.701617086 1896 1
40500.408427931 1227 1
40938.742934154 1812 1
41090.965818910 1096 1
42080.924859996 685 1
42660.633680798 3466 1
42799.017280887 3937 1
42921.532187151 805 1
42937.664129628 3412 1
43352.927329514 3605 1
43874.651776093 910 1
43973.439761261 3170 1
44160.809219135 3856 1
44370.207902664 2991 1
44782.535209828 598 1
45486.381309678 2214 1
45799.783082865 2949 1
45971.990358946 3965 1
46184.233063360 3182 1
46243.160006481 3505 1
46291.862419183 2460 1
46511.821955101 3357 1
46735.326642172 4069 1
46768.393141426 927 1
47021.167658689 2705 1
47542.703807769 2079 1
47772.981011408 2393 1
47781.086639449 4043 1
47894.993039965 545 1
47984.240491719 2282 1
48277.062999178 949 1
48550.645011933 724 1
48579.236926307 3386 1
48735.442165811 959 1
49564.027152690 2352 1
50978.125172941 3424 1
51195.728203818 3518 1
51209.335536638 1446 1
51259.169445049 2726 1
51688.678199405 936 1
52877.390058783 2476 1
53887.224698493 2946 1
54156.218479408 3513 1
54164.558179815 3961 1
54333.761691387 2455 1
54751.261029555 3411 1
56734.062194012 3684 1
58002.626626103 3439 1
58407.277782935 3151 1
59006.786234791 3682 1
59219.999890755 2537 1
59293.003340867 3226 1
59415.794875359 1716 1
60214.783484893 3438 1
60299.543059404 2237 1
60653.363786717 2426 1
60674.637766402 2894 1
61683.784979485 2943 1
61690.437977773 3263 1
61804.672851058 3460 1
62467.288112171 2803 1
62596.092657681 3968 1
62645.837230187 3504 1
63004.243172731 2380 1
63213.646196145 3705 1
63242.435831948 1234 1
63401.335183330 2654 1
63942.160215146 1202 1
64716.472904984 1911 1
64969.916766812 2204 1
65110.045079715 2747 1
66005.057569710 983 1
66044.669975877 688 1
66078.617158991 2963 1
66867.289644533 1093 1
67310.034273691 3116 1
67697.676617282 4040 1
67783.264381710 3883 1
68123.819428259 3367 1
68473.102417400 3127 1
68969.921393522 3181 1
69219.566289186 615 1
69306.988468059 3800 1
70747.719825765 1462 1
71281.656165969 2669 1
71482.464949312 1698 1
71548.951122571 1018 1
71651.446761714 1420 1
71724.534420270 1761 1
71812.229016721 564 1
72898.825053412 604 1
73065.376939943 3843 1
74043.290250774 2970 1
74051.529747880 3794 1
74108.189928194 1731 1
76413.630911249 1037 1
76542.222455171 1048 1
76686.006797184 3355 1
76862.776555809 2191 1
77103.078672873 3001 1
77925.096449446 1352 1
78549.405957258 2668 1
78689.788294263 1316 1
78762.242821612 1058 1
79389.761800614 1235 1
79545.110316225 3203 1
79749.187273266 2844 1
79773.636872285 4038 1
79900.867585831 1405 1
80988.833030716 1171 1
81230.264000178 1833 1
81511.415789159 1883 1
81776.112030459 2064 1
83346.039926009 1585 1
83560.058281047 2734 1
83913.552361878 987 1
84162.399740634 950 1
84265.122833387 1869 1
84416.042620053 1358 1
84816.795308289 788 1
85056.606079919 3542 1
85386.828047578 2848 1
85822.193666297 3523 1
86231.439818051 643 1
86276.478929998 1815 1
86457.305132402 3276 1
87904.718337166 2984 1
89042.933817015 1780 1
89785.926409364 2050 1
89958.123433404 3147 1
90092.936413782 3529 1
90680.281311799 2337 1
90747.423775745 2606 1
91949.391027090 3121 1
92018.228428760 3325 1
92777.173904011 1895 1
93175.897548052 2950 1
93280.447003634 2392 1
93940.779504297 1210 1
94323.481009833 4062 1
94670.537532203 1145 1
94756.477499545 1596 1
94861.360389240 3293 1
95365.631064079 2871 1
95408.724590775 2765 1
95417.002479247 4061 1
95671.550757646 1495 1
96139.506603251 1726 1
98033.658632417 3318 1
98222.945466888 3365 1
99244.599933269 3760 1
99459.448978999 1354 1
100059.656683024 1441 1
100156.298357337 2386 1
100255.123091777 2729 1
101180.077785952 592 1
101232.463019904 3723 1
102808.338172545 2397 1
102822.503957801 1714 1
105107.643065859 670 1
105932.724032936 990 1
106133.209991757 1847 1
106369.116583808 3797 1
107200.153671328 2202 1
107979.429320793 2180 1
107988.257427212 2465 1
108087.005681233 4084 1
109242.477713526 2734 1
109864.921486547 640 1
110366.371256644 1780 1
110411.557606504 3201 1
110529.175326231 2810 1
111028.979979147 2507 1
111111.060239729 3892 1
111412.979641791 1807 1
112036.510902365 2339 1
112192.783329570 1011 1
113098.514006206 1670 1
113154.756679091 3781 1
113693.072349698 3938 1
113733.069510378 3079 1
113896.275773085 1766 1
113906.013140144 2731 1
114686.357136311 1939 1
117153.863415775 2798 1
117778.319846402 1940 1
118275.479823973 3496 1
119887.120759808 2440 1
120015.718761673 2648 1
120247.461450328 1197 1
120338.272186562 2088 1
120491.072595460 1305 1
120808.962360344 2354 1
120837.941520825 2585 1
120927.659511850 2402 1
121475.995316830 3175 1
121672.785086313 574 1
122442.431516547 1598 1
122508.364257530 2442 1
122705.418209825 2129 1
123194.265134068 815 1
123988.003330479 737 1
124104.057582551 3005 1
124679.685745299 3202 1
126028.512526560 2773 1
126382.877658227 2396 1
126761.435795707 1447 1
126879.426499200 868 1
127749.356342378 1346 1
127793.523646061 1255 1
128159.359987951 2959 1
128964.437477148 3963 1
129087.557488424 1614 1
129721.577178458 2899 1
130344.824100733 2683 1
130432.965528390 2874 1
130532.111409809 2094 1
130682.632767421 1654 1
131299.105458719 3324 1
131531.452234345 2789 1
132661.972673318 4095 1
133637.273541245 3102 1
134262.231919859 1770 1
136027.346109893 1144 1
136382.845336494 3818 1
136949.129199230 2704 1
137726.499555421 2331 1
137897.979084319 1192 1
137948.163492386 3443 1
138172.752363558 906 1
138697.504031181 1383 1
138865.423495935 4072 1
139019.841170784 2454 1
139581.224518757 4058 1
139881.150765322 4017 1
140336.558697940 3281 1
140475.436167581 1637 1
140493.317909628 1758 1
141280.553792786 2435 1
141376.635710304 3784 1
141582.881673416 2636 1
141991.888301194 922 1
142154.788023745 1159 1
142432.804683389 1507 1
142512.614934200 1547 1
142643.822469533 2715 1
143019.667417486 813 1
143291.523809225 3084 1
143550.798874755 3516 1
144379.321125865 3988 1
144418.474296073 1522 1
145197.256101372 2658 1
145889.186708980 4026 1
146066.523135810 2854 1
146342.727729616 1271 1
146489.283741684 1845 1
146713.911733476 2208 1
146961.938694257 1563 1
149329.657845469 3534 1
149715.655397615 1662 1
150394.542490526 3419 1
150907.724481287 3660 1
151008.221272529 3985 1
151830.301650168 857 1
151980.888118104 4066 1
152257.922634831 3797 1
152429.038531223 1238 1
152518.989645831 1147 1
152540.374350325 2357 1
154476.175034819 3297 1
155669.922004953 3948 1
155721.641440169 2716 1
156654.337463059 3067 1
157250.284565190 3822 1
158215.823183000 3449 1
158347.897873039 2117 1
158583.696236148 2540 1
159448.017242437 2761 1
159628.835408848 2677 1
159924.692958375 2985 1
160090.069664419 3270 1
160259.305052819 3601 1
162265.873637554 1941 1
162589.335540033 1945 1
162916.638239805 3258 1
163344.142982861 1684 1
164104.419069865 2766 1
165070.848698255 1725 1
165160.858857524 1565 1
165866.497090378 1466 1
166168.617347953 3129 1
166425.091455047 1721 1
166794.697433053 2890 1
166851.414540559 1053 1
167031.078502183 3783 1
167963.714345996 669 1
168888.194697470 861 1
169208.097733458 659 1
169474.858384684 3788 1
169693.374871751 753 1
169745.493964940 2901 1
170181.479185089 2596 1
170337.089826782 1248 1
170400.217267874 1153 1
170660.530929617 2832 1
172201.902289077 3787 1
173795.403453812 3202 1
174032.342034333 4017 1
174722.292349213 2335 1
175111.628786648 828 1
175993.932538181 2630 1
177881.194194435 1012 1
178116.978478887 3635 1
179269.914391181 2380 1
179310.586579954 3630 1
179443.483744936 1730 1
180332.849075718 2756 1
181295.683124603 1251 1
182736.264508488 3605 1
182865.777426921 905 1
182873.549047092 2549 1
182925.481470838 1114 1
183131.502747047 701 1
183771.078692681 785 1
183847.130482065 3551 1
184568.486159783 2193 1
185241.038129122 2990 1
185345.909222415 3116 1
185446.240136706 975 1
185536.956926208 3253 1
185693.415629818 1601 1
186163.436296881 3546 1
187861.988052639 2116 1
189326.370511869 2183 1
189730.584402361 1778 1
189832.684269872 529 1
190039.145006443 1492 1
190617.207037918 2159 1
190972.174746141 3741 1
191455.610046061 1195 1
192701.661588340 2560 1
193636.149850506 3414 1
194698.776780660 1520 1
194852.093682534 1947 1
195487.992258520 3535 1
196064.713476158 1698 1
196188.858804444 1770 1
197139.265629832 3104 1
198794.030819397 2084 1
199023.577727116 2438 1
199073.858922947 792 1
200295.841420230 3585 1
200770.125632388 740 1
201661.075738992 3020 1
202660.384200582 4027 1
202681.619699670 3203 1
204397.085581820 2197 1
204858.668806084 2353 1
204950.637127894 748 1
206164.813304852 3077 1
206506.709195563 3110 1
206686.496348414 2268 1
207037.848445989 1388 1
207483.012552954 1921 1
207830.373059759 2512 1
207858.871888607 2986 1
208020.075279823 3661 1
208272.941913450 3187 1
208298.127092149 3615 1
208585.815076018 3188 1
209212.413153079 3412 1
209353.607980425 3421 1
209443.222210560 767 1
209962.603483000 3213 1
210353.606935586 3165 1
211236.547454145 3244 1
211736.626365695 1520 1
211894.677391018 2954 1
212219.057839650 3717 1
213068.631409121 928 1
213268.391527409 1759 1
213420.919726922 517 1
213644.482474050 2716 1
213818.273411911 2005 1
214182.005191555 1205 1
214222.979086897 2731 1
214230.078344989 2900 1
214812.969339493 1795 1
215157.137642240 2750 1
215485.524988776 1191 1
216269.524384090 2759 1
217659.516600341 3641 1
217707.060469848 2063 1
218146.709395974 3917 1
218788.335671371 2489 1
219218.616709764 1614 1
220045.582213877 1471 1
220174.445924699 1053 1
220188.275919190 3388 1
220284.470373718 2580 1
220514.866597844 773 1
220661.921447458 2100 1
221203.710685443 1355 1
221243.318572227 700 1
221542.122294068 2242 1
221649.553137308 3377 1
221876.238209503 3106 1
222753.569315566 3958 1
222889.822408561 2402 1
222991.023479163 2168 1
223551.560872877 3689 1
223805.766759675 3102 1
223849.165319494 1038 1
225415.662310199 770 1
225529.924729975 3068 1
225832.506864714 2878 1
225982.684084626 1960 1
226059.375163033 2299 1
227380.798381056 2919 1
227398.897453836 3978 1
227760.259505488 1340 1
228852.783925320 3542 1
229142.818380605 2734 1
229346.942127061 2773 1
229827.897031642 2228 1
230392.366698723 2914 1
230753.403577508 3350 1
231042.761454539 1399 1
231273.290127932 1890 1
231312.323918016 1439 1
231455.947142704 1492 1
231514.831342799 2048 1
232054.862741141 2677 1
232476.881582987 1575 1
233503.212054419 1687 1
233722.063929852 2608 1
233801.332885095 2534 1
233985.921451292 1119 1
234553.268402401 2981 1
235299.626411120 4027 1
235422.678830440 2405 1
236660.054606837 2635 1
237736.774136343 528 1
238238.131355488 1225 1
238308.189370974 2078 1
238441.841450041 2935 1
238491.072675241 4048 1
239296.734985860 1186 1
239473.712294808 2638 1
239846.333618886 934 1
240899.574808100 3605 1
241393.702924749 1390 1
241446.892381228 985 1
244340.891341803 2186 1
244850.575943150 3061 1
246371.382768874 1693 1
246407.251421124 2013 1
247563.806307671 3328 1
248355.745697358 2833 1
248562.272437530 3486 1
249156.164351476 3264 1
250058.344983195 1443 1
250350.951087952 1881 1
251667.385213472 2993 1
251975.377385766 3224 1
252297.394781143 4045 1
252561.205903046 2044 1
252701.580463351 1851 1
252922.065728293 2035 1
253050.816288312 2721 1
253673.771321385 3446 1
253760.955159545 2931 1
253981.777752898 2855 1
254312.892564186 2810 1
254701.976123050 770 1
255304.272931553 1650 1
255497.450640990 2797 1
256571.649065389 952 1
257391.271529779 950 1
257486.296127065 2009 1
257867.266709223 2204 1
258557.016407300 4011 1
259272.799427594 3662 1
259377.121873510 1354 1
259502.699864831 1248 1
259631.418476962 1729 1
259888.107784418 1582 1
260457.727152526 1403 1
260890.989287964 3465 1
261502.141848668 3611 1
262607.275875506 2322 1
263292.442919119 1767 1
263409.154951578 2720 1
263414.607813937 1424 1
264181.909680475 1181 1
265444.728513252 2542 1
265927.324601211 3520 1
266157.782892760 1135 1
266749.866227322 2816 1
267016.746808377 3532 1
267447.954195533 1930 1
267471.370176773 2573 1
268505.726676218 1459 1
268541.247298974 3033 1
268605.545516456 760 1
269946.566768315 2230 1
270051.471721353 1170 1
270173.789786589 3278 1
270536.665394177 2604 1
270975.516272301 3692 1
271235.013585235 1363 1
271823.894035078 4028 1
272324.205100564 3167 1
272362.079943769 3249 1
272564.126367760 1908 1
272653.180853578 685 1
273120.064950300 3830 1
273856.803218156 3404 1
273860.773815532 2268 1
274003.716980844 2405 1
275928.733490946 1897 1
276440.995885904 1660 1
276672.553153143 2495 1
276927.594051103 2779 1
277698.000676956 3999 1
277932.882824116 2385 1
277996.350095199 3806 1
278169.684261224 1373 1
278178.831175087 1275 1
278609.505512982 3184 1
279183.048205900 3362 1
280214.220320661 2090 1
280617.120153479 1588 1
280660.591466975 3146 1
280745.664901718 2262 1
281447.580833861 2658 1
281468.435599996 3588 1
281986.401739610 1589 1
283322.368931070 3114 1
283437.524337511 1794 1
284210.892128228 612 1
284487.211732843 2663 1
286300.321310525 4012 1
286312.039824088 2208 1
286380.340323359 3004 1
286766.015193131 3022 1
286940.595277051 1894 1
287070.571777324 3652 1
287094.904039375 1068 1
287284.754181571 810 1
288234.206843240 1377 1
288309.910077492 2232 1
289091.865460952 781 1
289428.577602663 3991 1
290257.319026202 2038 1
290836.310762896 1163 1
290871.167286653 2626 1
290927.541181792 1515 1
291025.669378231 4059 1
291156.252725079 3796 1
291507.779404647 3286 1
291532.058535947 1864 1
291929.396829753 3971 1
292572.724971011 3101 1
293619.773878255 3576 1
293914.524271542 2469 1
294064.656442515 1075 1
294082.610087656 2880 1
294455.199585377 610 1
294792.185374513 2573 1
295381.977108927 2875 1
295442.314326168 1590 1
295896.747452593 1574 1
296081.630502265 2446 1
297232.134657263 1578 1
297316.931017569 3190 1
297819.961564089 1585 1
297956.072976823 1007 1
298113.712025317 3845 1
298290.488582002 3115 1
298545.030105886 2964 1
298817.932181301 2655 1
298924.943390853 2890 1
300150.344921506 2195 1
300323.138149386 775 1
300601.564206600 795 1
301446.913755193 2166 1
301585.534156477 3625 1
302011.884735558 1863 1
302707.035417421 1259 1
302727.014097694 3233 1
303411.984677899 1768 1
303852.356554995 3933 1
303992.560692820 3049 1
305859.558725565 909 1
306196.088477991 3591 1
307170.839333046 1095 1
308282.192044269 521 1
308320.209502492 3529 1
309023.631966821 1936 1
310299.421753439 3328 1
310335.497771555 2396 1
310621.295473793 3652 1
311382.680530499 1398 1
312084.583314920 649 1
312733.863585912 2884 1
313573.366232992 705 1
313735.703159122 2548 1
314508.015913877 1240 1
314738.280509253 552 1
315605.626951924 796 1
315718.757949257 1894 1
316158.168010340 3990 1
316701.157008367 1007 1
317094.184298923 575 1
317872.165630604 597 1
317952.325980043 3540 1
319316.755933757 2874 1
319671.750755244 2826 1
321146.119360843 1803 1
321236.253003823 1677 1
321534.066969074 937 1
322701.786051598 2902 1
322856.731130867 3136 1
323114.559493912 2087 1
323372.986520566 3248 1
323408.898761480 3417 1
323981.469978269 2518 1
324014.173918221 1482 1
324209.647890815 3973 1
325176.821601991 2752 1
325646.464395858 3600 1
325823.075091789 525 1
325921.046656424 1557 1
326163.248973396 1543 1
326634.995270607 3979 1
327970.939335881 2429 1
328270.937647409 2243 1
329136.307243265 1522 1
329570.059304353 3125 1
329924.449240948 3169 1
329941.164579238 669 1
332830.691417705 840 1
333109.127813081 3279 1
333349.536152986 3836 1
334711.770321585 1200 1
336636.795671888 782 1
337558.957072776 3028 1
338035.943025793 2213 1
338330.665445360 3631 1
338731.191462334 2255 1
339345.885007716 2115 1
339519.810670221 4006 1
339914.784821951 2375 1
340549.158000434 1842 1
340700.344368397 2628 1
340980.217536948 3067 1
341178.817241678 2422 1
341489.485326988 1308 1
341630.747661564 2384 1
342304.919729200 2964 1
342503.442763715 3305 1
342650.686641239 2476 1
342994.952543717 2232 1
343097.339681770 1508 1
343887.387299481 1806 1
345005.148290142 3827 1
346179.905763877 2437 1
346936.344844161 2515 1
348122.374940644 3549 1
348507.417209586 2226 1
349651.122508981 1966 1
349896.720758907 4015 1
350610.180537536 1857 1
350836.432883286 2665 1
354138.443088112 1268 1
355183.649187225 2012 1
355230.737741707 3222 1
355242.058671992 2807 1
356601.404267349 3644 1
356649.520586600 1071 1
356828.166509124 2391 1
357523.277304634 3618 1
358388.339549683 1380 1
360735.483658143 524 1
360786.916959424 3085 1
361664.565456421 3987 1
361739.343547812 1805 1
362128.721995577 3815 1
363502.371179167 1479 1
364321.608907626 2878 1
364837.719662984 964 1
364908.946382739 770 1
364959.114343208 1055 1
365809.659552928 724 1
366118.279536067 604 1
366609.316442377 1168 1
367034.411771651 1467 1
367949.121257432 2017 1
368023.217737368 2002 1
368357.493521740 2259 1
369221.337146173 3441 1
370069.041779420 2094 1
371040.234781340 1581 1
371482.516169248 981 1
371570.748556935 1829 1
372262.164527194 2532 1
372360.453941651 1375 1
372746.337397111 3112 1
372857.007483686 3848 1
372879.107477896 4050 1
372995.518667116 1148 1
373390.129442034 1792 1
374396.249948279 571 1
374416.142133164 2626 1
375942.776275381 1143 1
376345.144601981 2500 1
376503.591024638 3517 1
377466.697123057 817 1
377832.751556196 3850 1
378462.335204901 1942 1
378658.481401244 1912 1
378787.587616456 1597 1
379217.128490316 2952 1
379405.784835523 1680 1
379555.556341071 1089 1
379559.334962859 3296 1
379697.912543400 1273 1
380080.085699892 3003 1
380271.822083849 2477 1
380290.715487328 2330 1
381075.722407340 2377 1
381424.192840312 1726 1
381558.873193920 2995 1
384246.089319746 793 1
384495.936415412 3925 1
385112.230977324 805 1
385347.986987962 3823 1
385568.266323658 3551 1
385985.884345828 830 1
386225.488688349 1952 1
386689.171429862 3002 1
387337.131233143 2103 1
387461.584674004 841 1
387854.273999958 3872 1
388417.344622624 1540 1
388814.889535379 847 1
389522.394150324 1937 1
390346.305994349 888 1
390734.097806394 1711 1
391261.723652732 1756 1
391670.005904118 2374 1
392091.900215741 2962 1
392151.436468049 1486 1
392739.973797506 3920 1
393784.327859820 3908 1
394261.047241504 3174 1
394271.774639812 2790 1
395848.996175808 585 1
395916.071503453 3643 1
396009.574190014 3023 1
396084.808151274 1309 1
396145.213676767 729 1
396824.885578443 1990 1
396919.056858726 633 1
397280.300917579 2590 1
397828.564516277 3735 1
398251.464461484 550 1
398571.195944590 1649 1
398648.589197855 2203 1
398825.116211395 2480 1
399016.630129604 1301 1
399729.052737188 2626 1
399862.935716899 3663 1
400045.256862764 4086 1
400188.442402238 3309 1
401284.366645833 2447 1
402234.389379242 1096 1
402234.752414660 1132 1
402251.742805066 2357 1
402940.387949754 2764 1
404232.921214924 2077 1
404277.369281597 3605 1
404280.236751254 1962 1
404862.154436319 3561 1
404924.828343810 2971 1
405025.492517054 2924 1
405397.904753332 3660 1
406035.434558248 1205 1
407964.889030573 3827 1
408149.429617475 574 1
408745.645036919 2707 1
409188.300428351 3946 1
410088.800894316 1530 1
411288.767868959 2436 1
411887.764094237 1838 1
412525.450005622 1328 1
413830.286030176 1225 1
413929.753950175 725 1
414145.698206803 3503 1
414532.988625267 1303 1
416000.348410040 1099 1
416437.213354809 3923 1
417281.646499792 1760 1
417912.032971602 1186 1
418081.022653435 2249 1
419113.650656554 2172 1
419583.232691313 1237 1
419642.750427782 1504 1
420015.425660228 4049 1
420018.148926084 3821 1
420027.887871422 3598 1
420128.570472818 2987 1
420162.210836325 1542 1
420447.211396131 2030 1
420685.567017475 3904 1
420843.891683000 1883 1
421516.619256412 1204 1
421572.181894209 535 1
421707.325332762 2554 1
422118.694187697 2669 1
422163.665291892 3253 1
422533.462828147 1078 1
422641.285670843 2758 1
423069.936414540 1237 1
423521.164805564 1347 1
423747.991189967 3020 1
424452.247266775 2271 1
424806.912059411 1726 1
425193.435644242 3759 1
426223.807190460 2946 1
426657.571005627 3816 1
427786.760130690 2997 1
428823.746779536 3547 1
429067.354558352 2395 1
429265.601835102 1267 1
429436.721792300 1432 1
430640.718779166 1689 1
431345.472502627 2757 1
431555.787430440 3448 1
432084.123833557 1573 1
432170.431414345 2220 1
432205.975753709 3776 1
433380.304011157 1426 1
433504.329413945 2702 1
433842.367463978 1089 1
433879.242454438 3227 1
435068.107432700 3808 1
435109.900583295 1207 1
435278.470935605 655 1
435312.471636199 764 1
435656.865483459 2277 1
436227.849247774 813 1
436503.979494557 3051 1
436550.285369799 3512 1
436701.575745362 2204 1
437018.662967296 559 1
437711.028964121 3091 1
438797.166538373 870 1
439030.348453334 3947 1
439338.789376414 2162 1
439348.193858164 2239 1
439470.023684947 1418 1
440544.866251435 692 1
442878.456393057 2966 1
443028.299096503 1744 1
443089.608159748 1490 1
443215.260497015 3800 1
443940.941588640 766 1
444484.025810231 3869 1
444890.211600463 711 1
444915.249747517 2099 1
445410.022476662 700 1
445745.411953527 3661 1
445822.499777092 1839 1
446571.242874540 1219 1
447171.651208524 2562 1
447622.119412922 3050 1
447927.611853175 2479 1
447955.892481645 706 1
448055.056797102 1093 1
448122.583736388 3799 1
448852.462556606 1911 1
449244.668495376 539 1
450697.571601547 3431 1
450748.630406746 1363 1
450932.751794404 4091 1
451327.380247812 1519 1
451904.215216594 1598 1
452014.792077377 3142 1
452590.955226556 1040 1
452942.428857493 2547 1
453068.506553552 2046 1
453538.133855954 1223 1
454035.551216911 3736 1
454144.229222104 3719 1
454342.128148156 4045 1
454518.283363786 3439 1
454551.436045962 2763 1
454571.581521775 1594 1
454719.953315707 1971 1
455355.746670119 2162 1
455509.632671400 3334 1
456455.095492091 1580 1
456488.802464114 1786 1
457477.025086378 2928 1
458720.494613959 703 1
458805.897950950 3925 1
460398.598998678 2988 1
461009.798208064 952 1
461975.474319567 2909 1
462015.326104546 969 1
462468.084683956 1707 1
463115.868994628 1930 1
463398.860728566 3569 1
463950.957533189 1876 1
464343.871498829 2125 1
464476.758140022 3198 1
464639.535649736 3058 1
464782.430070532 3008 1
464921.977277999 2742 1
465354.896969402 2541 1
465683.705255143 2688 1
465908.809580442 3254 1
465948.361739053 4057 1
466611.410451751 2084 1
467250.130301166 838 1
467512.111107884 3880 1
467988.644237485 3839 1
468958.140273031 1711 1
469372.820648653 989 1
469731.014857669 2558 1
470122.938289682 786 1
471201.588465171 3539 1
472333.332153310 3910 1
474306.747966570 975 1
474581.748087293 1068 1
474932.624045456 3447 1
475774.824121493 3903 1
476217.503412537 2052 1
476366.225962192 4034 1
477178.678753197 1253 1
478149.940461538 2774 1
478173.123257278 3224 1
479255.843560347 875 1
479888.437030655 3583 1
480883.377270541 894 1
481723.527900829 3168 1
482548.209062453 3081 1
483136.703708898 979 1
483218.387323985 750 1
483235.386164644 3680 1
483246.907261774 3070 1
483532.973355004 3573 1
484240.081120058 632 1
484835.163731727 3883 1
485362.087766557 1230 1
485630.274241276 3159 1
485921.793229634 1349 1
486033.502271647 3771 1
486035.167992521 676 1
486381.576699966 2680 1
487063.076601609 2921 1
487202.273843225 4088 1
487256.562145812 2731 1
487659.835112683 3519 1
488078.868883046 2402 1
488153.570891943 3075 1
488299.533278297 1128 1
488440.508443271 1328 1
488887.396408226 3000 1
488899.592434888 1947 1
490139.808973362 798 1
490153.461292401 2380 1
490652.852291870 3319 1
490673.639633848 1212 1
490884.897693278 1448 1
491061.268179249 879 1
491494.922653266 1062 1
492849.880863431 3008 1
493186.543472837 1676 1
493414.547366645 1007 1
494163.777301391 3141 1
494267.960560769 3382 1
496793.074947400 3571 1
497160.325060952 1367 1
497748.180585558 1191 1
497897.014084614 3952 1
498298.397658871 4026 1
499061.081576484 2548 1
499073.682417840 919 1
500357.229675220 2161 1
500710.315457105 920 1
500752.430017421 4029 1
501043.764565332 3657 1
501257.772167996 2642 1
501350.301577114 1689 1
501411.259174164 2137 1
501486.081138369 2339 1
502450.186714188 1590 1
502549.139983471 2170 1
502550.702984784 689 1
502986.805860961 3813 1
503016.647089226 1541 1
503324.971574210 1092 1
503529.069266658 1566 1
503592.723112130 2051 1
503779.911027074 2012 1
504319.227815313 4059 1
504978.196720763 2272 1
505001.674107707 3966 1
505108.756301970 562 1
505398.652980866 1420 1
505679.821361250 2523 1
505751.055031918 1484 1
505937.802793711 1688 1
505960.819101688 2694 1
505976.156393021 2493 1
506060.753649638 658 1
506301.030960140 3626 1
506895.598963051 2983 1
507881.081407178 1694 1
508010.856445250 2578 1
508472.174568330 1571 1
508505.710731520 1110 1
508637.125139566 715 1
509430.334819851 2892 1
511286.665756411 3514 1
511465.818451389 3116 1
511767.091546382 4080 1
512198.783567820 3602 1
513527.830331112 1967 1
513992.129707206 766 1
515021.615229991 1497 1
515161.967599783 928 1
516638.175265317 770 1
516917.057448299 789 1
517077.596694171 1295 1
517818.193054681 4058 1
519514.752454082 3107 1
520219.745101973 1856 1
520326.353392307 1523 1
520400.940008441 1276 1
520752.605251589 3654 1
520956.041242962 3139 1
520984.596052844 2661 1
520989.412850330 1490 1
521055.794352207 2024 1
522481.033865083 1663 1
522481.270827126 679 1
522527.437447302 2823 1
522732.261690776 1803 1
522780.474885664 788 1
523218.490216671 2089 1
523455.385221480 2897 1
523960.716027231 3051 1
524304.041422169 1759 1
524778.668336808 876 1
524909.828432839 3422 1
524977.793338444 763 1
525219.479564846 1716 1
525337.550154578 1881 1
526112.550581236 3865 1
526526.303443631 3772 1
526558.084832162 1672 1
526579.767242060 2446 1
526617.696551342 905 1
526790.682070891 1265 1
527247.328651045 3927 1
527762.605453312 1027 1
528142.612847532 2561 1
528388.115208525 2912 1
528531.769465450 2516 1
529105.998746571 2698 1
529110.868648100 3842 1
529297.941321024 2972 1
530935.200136207 1529 1
531730.381468471 3156 1
532172.252467896 1921 1
532246.968830301 3141 1
532649.555771363 1308 1
532930.675782068 1903 1
533488.376129549 3108 1
533511.714094271 3422 1
534262.117248784 1010 1
534917.275861929 3202 1
535654.020945796 2926 1
535929.055287329 3205 1
536643.012860897 3571 1
537069.488144880 3046 1
537189.479152708 2365 1
537765.990791153 1553 1
539031.221867386 641 1
539034.652388259 1966 1
539151.537395139 2209 1
539879.409585049 3593 1
539937.632496190 2556 1
539945.300711242 688 1
540400.698584220 4019 1
540699.606297850 3460 1
541900.927891324 1005 1
542613.164683725 2085 1
543188.797999483 3552 1
543346.782992892 2889 1
543528.506326562 2867 1
543688.896195912 696 1
543693.162326775 2999 1
544352.946142608 527 1
545414.106724985 1047 1
545822.536061144 2615 1
545845.097557281 2703 1
545860.466636852 1681 1
545895.496905647 2861 1
546023.907449744 2017 1
546097.341472747 979 1
546500.734115041 2022 1
546527.238066607 3409 1
547435.035771722 3803 1
547890.709004797 3809 1
548176.442483060 2352 1
548209.642491868 1040 1
548332.240624597 3665 1
548423.963245963 1520 1
548750.097677673 1065 1
549921.406928829 862 1
550648.436445456 609 1
550687.633984385 3238 1
551096.647053360 2745 1
554746.660701031 2402 1
554788.873325330 1814 1
554971.788706533 3732 1
555006.990280100 1862 1
556732.303575423 3010 1
557019.283551390 1036 1
557814.495793285 784 1
557838.667624971 895 1
559134.383831818 1708 1
559532.438232206 3758 1
561147.570413754 1762 1
562229.714819334 3699 1
563249.070429984 749 1
563265.810855512 586 1
564305.530017962 2973 1
564526.449097650 2055 1
564938.773206920 1387 1
564948.274178191 1676 1
565330.193076132 644 1
565738.315747819 1584 1
565745.032249055 2180 1
565815.769921115 1159 1
566424.908529807 2552 1
566847.899251902 1652 1
567055.896395560 2018 1
567174.465974002 3096 1
568138.513492481 2202 1
568362.602680007 1768 1
568464.396943183 2692 1
568741.388720914 1268 1
568866.273292241 2722 1
570821.616340937 2342 1
570858.550624377 4010 1
572660.927791629 1359 1
572720.230399201 3121 1
573016.715944171 1949 1
573160.573950215 3861 1
573362.717673330 3416 1
574606.546287871 3619 1
576181.593793196 1708 1
576479.135259661 563 1
576606.260283716 1613 1
576630.690762162 3026 1
576710.138152702 2705 1
576821.435390305 1046 1
576961.428692032 1828 1
577130.591643400 840 1
577290.432879379 2871 1
577345.526913787 1330 1
577847.138525337 2175 1
578348.253685736 1086 1
578689.608479223 2824 1
578754.805604701 3756 1
579128.097443009 1747 1
580271.320387464 3639 1
580886.738311701 3121 1
581496.286288683 2612 1
582617.540664220 1799 1
583770.918736745 1770 1
584291.410905275 1746 1
584866.682078739 2549 1
584895.455552803 3243 1
585644.157002906 3163 1
586224.917785753 904 1
586824.684042427 2200 1
587035.933225331 2536 1
587194.741984770 3403 1
587645.414712383 2323 1
587706.565515097 1252 1
588116.492896677 4006 1
588267.024493975 1444 1
589344.024123207 2273 1
589511.717228592 924 1
589749.895644900 3237 1
589907.968300081 3616 1
590291.515755679 1492 1
590300.767213475 923 1
590922.331525461 990 1
590999.497935342 674 1
591490.876405446 3084 1
591694.215476622 3590 1
593264.947467394 1526 1
595574.618030470 1730 1
595769.517940660 1437 1
595788.271288663 2246 1
595807.094568719 2720 1
596948.196749661 1432 1
597197.422946342 689 1
597398.551063109 1480 1
597399.979996449 1107 1
597652.903969101 884 1
598168.641365548 2756 1
599136.558946093 613 1
599403.245788480 3483 1
600384.152935931 1906 1
601226.171760626 3867 1
602299.474862483 2591 1
602365.435031807 1597 1
602582.428497413 3627 1
602726.889894545 3136 1
602847.131818559 3972 1
602853.666685839 552 1
603023.875642635 3295 1
603368.889783047 2039 1
603813.987360740 2570 1
605629.685751638 1244 1
606492.312444389 1599 1
606540.597692307 2202 1
607427.238583246 1992 1
608048.471113498 831 1
608752.921408279 2041 1
608841.045771800 2055 1
609585.329727784 1812 1
610282.465046539 559 1
610310.650441132 4077 1
610728.771780810 1953 1
611947.670698816 1695 1
612053.693755200 4092 1
612096.615372771 1872 1
612495.554825150 1305 1
614067.058810653 3346 1
615118.803662593 1632 1
615616.101030823 1574 1
615637.100353016 1047 1
615649.774074886 2314 1
615921.205888816 2218 1
617053.029121585 1397 1
617398.210991869 1263 1
617449.698534816 1904 1
617949.209098143 2670 1
618519.241704721 990 1
619016.330371883 584 1
619369.161218996 1821 1
619662.206629770 821 1
620019.390647643 2141 1
620864.747303032 3237 1
620913.613551080 2582 1
621839.839413832 3644 1
622148.329144326 1461 1
622159.607811076 2337 1
623204.414639841 2112 1
623291.843226235 984 1
623823.088218516 881 1
624393.484601472 3141 1
624847.514155636 4006 1
624915.842648217 3361 1
626616.828808296 2369 1
627082.604715529 3649 1
627112.353808444 2314 1
627238.919171443 3129 1
629159.623365686 664 1
629403.744055566 2960 1
629658.288803069 3661 1
630474.701949353 3938 1
630847.615641770 735 1
631451.635478481 614 1
631788.138288381 1773 1
631988.856740128 3334 1
632428.384635604 1485 1
633366.571992015 2247 1
633633.863189575 3639 1
633990.672946818 3559 1
634278.648835602 3499 1
634684.974509180 3553 1
635135.514514537 1162 1
635153.808363350 3208 1
635269.143321992 715 1
635965.588682666 2784 1
636745.646174931 3442 1
637435.674095429 2662 1
637564.363571908 1078 1
637752.049031037 2409 1
637880.063102672 1069 1
637944.104200413 2494 1
638031.716014972 1748 1
638333.682822745 2382 1
638642.617412328 4025 1
639131.288356809 3165 1
640080.587451847 2912 1
640139.469668233 3548 1
640467.506602646 3988 1
640975.732293116 2766 1
641259.547725816 4004 1
642594.573749278 1282 1
642707.363723403 2134 1
643112.292143149 1364 1
643534.009068260 2828 1
643826.991901575 686 1
644726.099999983 2340 1
645361.903437676 3998 1
645439.120652836 3583 1
645883.638933527 3081 1
646207.576050539 1908 1
650042.902715333 2077 1
650250.696536720 2991 1
650732.266381037 2879 1
650993.757721463 1186 1
651456.321806877 3872 1
652260.473163752 1653 1
652621.230156483 1903 1
653500.467797788 3575 1
653666.518979841 3147 1
654208.723284388 3551 1
654218.488360200 896 1
655441.440731432 3809 1
655641.106001307 2996 1
655938.465866995 3894 1
656195.636520050 523 1
656478.191103200 2846 1
656524.964514743 1449 1
656805.123315222 4026 1
658254.218146142 2859 1
658486.888105794 2619 1
658495.976038370 1817 1
658569.135516630 2617 1
658753.036126488 865 1
658919.818223882 1142 1
659113.101194650 2884 1
659119.554581285 633 1
659721.987746131 936 1
659752.405496978 3855 1
660130.223400081 2370 1
660345.449285776 683 1
660726.187743270 3599 1
663191.874891541 3063 1
663342.347484723 3329 1
663420.371363992 2949 1
664134.028235803 2628 1
664380.394197076 3261 1
664664.901045191 1031 1
664849.027735237 1835 1
665076.425349203 1369 1
665918.058437972 2366 1
665989.763998724 2466 1
666821.991444636 715 1
667158.896225874 3032 1
667588.560497408 2963 1
667821.919176679 1689 1
667854.441810709 2628 1
667998.561304910 2799 1
668235.804690864 2976 1
668861.252091241 3254 1
670690.680146436 3552 1
671586.511823762 3891 1
671803.203898159 3075 1
671804.132210323 613 1
671917.679168377 3551 1
672988.958995714 1824 1
674545.603893629 3926 1
674637.710378630 3414 1
674784.659641566 2325 1
674907.443513593 1525 1
675203.708106549 2945 1
675848.324409324 1093 1
675848.493454961 2539 1
676356.752804260 856 1
678109.222958326 2827 1
678826.181741185 1356 1
680882.308895714 2133 1
681082.307686827 1923 1
682681.535464072 3697 1
682870.149881661 1509 1
682986.539927623 1879 1
683062.209091650 1863 1
683444.208269796 1186 1
684103.151920515 3970 1
684320.654081345 2564 1
684428.394242899 935 1
686154.911181200 3337 1
687384.859279078 3227 1
687930.501822689 3953 1
688427.553540199 1798 1
689398.074019776 1977 1
689763.362730703 2614 1
690739.684800740 665 1
690954.086441571 2937 1
691137.602860855 3333 1
691308.991026708 3307 1
691346.174962922 3484 1
691678.752612260 3100 1
692449.485048129 3059 1
692976.526542000 3360 1
693146.832229694 3763 1
693935.143646366 3335 1
694394.784244894 1991 1
695076.947774387 2226 1
695218.521932416 3836 1
695439.374277683 3098 1
696647.648807744 2339 1
696714.326232241 1618 1
697551.417316864 961 1
698430.080766543 3742 1
698732.088497151 1816 1
699941.676579894 2933 1
700095.350965995 1353 1
700289.419850473 2970 1
700761.426902101 1682 1
701434.514327234 825 1
701587.049495955 1833 1
701877.066582586 3036 1
702377.104132841 2943 1
702434.513274023 847 1
703087.529531483 588 1
703259.140007698 1245 1
703395.388033630 3684 1
703968.070172721 1332 1
704535.427551311 3906 1
704823.463332001 1377 1
705037.894476456 2541 1
705051.155268420 2053 1
705144.360777244 1408 1
705344.601136541 3260 1
705599.140880679 899 1
706179.613748128 1911 1
706270.451762088 3104 1
706955.844397777 1910 1
707200.096908530 4039 1
708415.283019888 2346 1
708814.131045424 2747 1
708968.480227966 3411 1
709365.986038312 2849 1
710371.087576846 3099 1
711120.619947161 2698 1
711582.187861511 2549 1
711800.266092135 702 1
712648.858093786 2137 1
713517.136610374 3034 1
713562.752575916 2633 1
714212.005670808 1894 1
714598.975582869 790 1
715096.349051512 3437 1
715238.065155475 1653 1
715416.598267246 1283 1
715566.680438468 1741 1
716636.725950750 2024 1
716650.544177820 3335 1
716657.340079048 3410 1
717217.185963380 1099 1
717333.833949004 1204 1
718494.036939390 3073 1
718620.951016273 2093 1
719416.162319514 887 1
719828.543633263 994 1
720071.788740301 1556 1
720080.449385470 2804 1
720360.684819816 3517 1
720446.936974676 2677 1
720471.024768917 1110 1
720765.205933277 1951 1
722598.792419761 1496 1
722769.863633548 1537 1
723958.021105046 732 1
724269.707971156 2271 1
724304.682122562 3535 1
724801.487920439 2230 1
726088.202005015 2148 1
726241.083217322 4088 1
726331.317926117 3772 1
726970.278387925 515 1
727626.796029397 1386 1
727662.125916117 1995 1
727895.823559927 1491 1
728531.032677163 1298 1
728566.114317777 2320 1
728889.632778277 650 1
729257.851309184 2873 1
729342.226856869 954 1
729449.573431458 3040 1
729888.330551145 1005 1
730508.993325663 689 1
732870.949451101 3454 1
733423.628482661 2973 1
735091.822977916 2027 1
735474.713016811 3615 1
737033.637833436 1565 1
737600.360723660 1517 1
737920.383078137 2530 1
738227.356025713 1499 1
739047.112754235 2451 1
739467.941430001 2190 1
739970.234787687 1709 1
740191.292258898 3586 1
740714.475071563 3804 1
741273.597714072 3850 1
742177.889940369 3709 1
742666.156557527 3287 1
743147.020947392 1088 1
743216.684265783 2151 1
743614.854550923 1610 1
744010.810314746 2900 1
744058.465659024 1923 1
744718.466783781 2721 1
744880.398334468 969 1
744914.647005627 3795 1
744997.318820464 1206 1
745088.368503035 2966 1
745420.625788508 1734 1
745840.860744489 4033 1
746028.805642586 3233 1
746657.236420237 2304 1
746866.607254203 3235 1
747122.799617074 1274 1
747192.121851897 1561 1
747259.627799213 3658 1
747819.557735976 2807 1
747825.652029760 2083 1
747980.781519789 3751 1
748100.518966547 3213 1
748242.956702094 2963 1
748323.043914366 2836 1
748335.514121435 911 1
749872.944007805 1405 1
751292.328785479 856 1
751321.139094096 620 1
753366.393654020 1399 1
753576.141730840 3724 1
753710.605122033 3845 1
753726.866187125 1792 1
754080.011338163 1145 1
754091.685500783 2756 1
755576.088410347 3380 1
755724.617746443 3844 1
756216.036317150 1230 1
756469.248255422 631 1
756671.640721218 2881 1
756851.326110471 864 1
757808.761448212 1838 1
758121.273201892 1873 1
758340.509417778 1421 1
758832.498505686 1145 1
758891.679812443 1757 1
761004.071399081 3761 1
762193.405475845 3915 1
762460.887082931 3031 1
763259.374548057 557 1
763874.170462145 2733 1
763924.741450032 2535 1
765356.111386913 2161 1
765627.374437411 1161 1
766075.731719067 629 1
766394.744773032 3828 1
767192.076070127 1335 1
768269.430418696 937 1
768579.149910822 3160 1
768771.851038172 2295 1
768910.405460966 3619 1
769516.050987557 2581 1
769600.705494766 3012 1
770271.638578888 1389 1
770862.538561250 3181 1
770993.875519984 1175 1
771965.951880341 1772 1
771995.916076655 1877 1
772286.402922712 1530 1
772375.990412048 3671 1
772401.320803229 2781 1
772851.679641540 2241 1
773292.809935262 2706 1
773851.291425199 3190 1
774033.390669050 3817 1
774203.382105664 1735 1
774949.445078160 1594 1
775205.921987489 3522 1
775393.666008458 612 1
776984.666083557 1136 1
777143.317515055 1010 1
779316.405717073 4067 1
779572.148378744 2944 1
779677.647351150 2986 1
779946.363426465 4007 1
780697.326518615 2853 1
780718.491791544 3385 1
781227.553153741 3602 1
781375.107743945 2058 1
781759.120383266 844 1
782674.818740699 2718 1
782943.116548865 3653 1
783453.654318630 3733 1
783595.287282727 1684 1
783649.365271006 2717 1
784077.774623638 3797 1
784793.480464814 3621 1
785030.174684090 3447 1
785573.053281469 3699 1
785645.023376385 2038 1
785822.096228853 1927 1
786425.233765839 2232 1
786612.892590495 685 1
787042.196862484 2820 1
787332.562798684 691 1
787511.164757582 1706 1
788152.216214663 2886 1
788426.866889420 2550 1
789080.287781120 2468 1
789405.786879613 3687 1
789698.110302502 2427 1
791038.530549489 3888 1
791169.855793349 738 1
791982.085390085 3913 1
791993.878427790 1381 1
792638.330830265 2962 1
792678.139745608 2713 1
792679.389132240 1903 1
792857.894976828 4052 1
792887.372882908 3029 1
792966.299882220 1387 1
794318.934752354 2058 1
794578.859823419 1276 1
794630.650881560 2265 1
794996.962131965 1497 1
795155.773005416 983 1
795697.559147111 4010 1
796678.329208591 1782 1
796840.378815332 1111 1
798789.747435661 3074 1
800149.250939781 899 1
800636.076848839 3012 1
800889.430609436 757 1
801005.192780355 1392 1
801707.927442140 3014 1
802321.218561752 2347 1
802341.489873595 2464 1
803170.251646860 2754 1
803883.298473000 640 1
804917.294468968 811 1
804934.564218225 2316 1
805113.940467402 3906 1
805182.223877499 3714 1
805586.033065165 629 1
806747.116740221 3987 1
807744.601588223 2218 1
807879.172637003 2275 1
808479.359310886 1916 1
809031.396890030 3010 1
809384.919823689 674 1
809434.722579517 2072 1
809668.690208756 3017 1
809757.699323189 2651 1
809985.333280942 3723 1
810511.559382470 3426 1
811104.882991213 3819 1
811186.140117753 3174 1
811348.682593468 2060 1
811989.007107987 3802 1
812895.275469721 3860 1
813487.556828251 1617 1
813900.016926495 2698 1
814297.904913343 1373 1
814591.396280869 3149 1
814748.947615396 3697 1
815808.125952023 1645 1
816276.695714385 1061 1
816327.471530182 2811 1
816591.532652275 1474 1
817102.724079489 1250 1
817870.925042750 3036 1
818261.200378868 538 1
818323.137019006 3959 1
818698.490308746 1713 1
818869.766687211 2460 1
819442.392003526 1730 1
819798.177846088 3672 1
819862.575433681 2346 1
819980.201911637 3373 1
820312.486699161 554 1
821463.969586647 665 1
821908.921013075 1286 1
821989.197501194 3062 1
822452.228325428 2992 1
823031.788069936 2961 1
823673.257381037 1729 1
825487.234260271 3546 1
825497.270676441 2063 1
826039.232854541 2211 1
826437.323567404 2042 1
826783.343952117 1943 1
827733.012289478 3233 1
827832.173557334 1707 1
828615.228210548 3167 1
828910.044569283 667 1
829140.967295883 1673 1
829683.059544492 3207 1
829722.055578368 3076 1
829842.158068276 2665 1
830421.269537608 3011 1
830450.526173301 1205 1
830553.603653807 1951 1
831447.154004510 1116 1
832972.529275262 1167 1
833489.799730995 3401 1
834205.692820164 3724 1
834406.142633541 2589 1
834560.716145954 4094 1
836186.166812843 2042 1
837171.816997596 2034 1
838400.991345933 2314 1
838567.172965155 1137 1
840514.154805901 4020 1
840543.435362061 3948 1
840724.248232506 2854 1
840844.926080777 3805 1
841808.834193244 1929 1
842132.711821732 1609 1
842264.830929845 2136 1
842692.161914249 1880 1
842760.505702696 3614 1
843466.423538538 3489 1
843491.270226681 723 1
844158.941105669 1336 1
845428.803422678 1470 1
845497.115871156 1980 1
845860.397454988 961 1
846197.376288618 2861 1
846726.773415497 2767 1
847167.554395547 1418 1
847679.036186244 3342 1
847806.445744646 2823 1
847952.348783113 1578 1
848146.718313077 2577 1
848524.991987101 1911 1
848646.734921700 1916 1
848944.065565431 1695 1
