5 6.723986223 3.583748985 83.977342327 460248 23
31127.381839339 120.286474306 0.001838063 0.000179850 132.729298488 0.500000000 0.500000000
13
1 0.272165791 2.148790355 0.168964722 0.334940667 3.899396260 0.243289099
2 0.490579091 4.297580710 0.304559068 0.496834274 5.784169865 0.360882911
4 0.884269265 8.595161420 0.548968001 0.736979175 8.579948998 0.535315706
8 -1.000000000 17.190322840 0.989515330 1.093198139 12.727068277 0.794060610
16 2.872999318 34.380645679 1.783602298 1.621595578 18.878698111 1.177869892
32 5.178583929 68.761291358 3.214944792 2.405393977 28.003718893 1.747193433
64 9.334402324 137.522582716 5.794940962 3.568041417 41.539319460 2.591699568
128 16.825268825 275.045165433 10.445386446 5.292654624 61.617354032 3.844397836
256 30.327562624 550.090330865 18.827818734 7.850859811 91.400108793 -1.000000000
512 54.665459689 1100.180661731 33.937160688 11.645573753 135.578361303 8.458934451
1024 98.534541667 2200.361323461 61.171763539 17.274463092 -1.000000000 12.547561337
2048 177.608602521 4400.722646922 110.262160376 25.624076703 298.316802829 18.612426471
4096 320.139670371 8801.445293845 198.747646095 38.009476959 442.508261867 27.608744827
1636
0.000000000 2088 1
529.126519179 721 1
885.849360488 652 1
1351.678014973 3775 1
2209.352626833 939 1
2687.819238633 2706 1
2731.280977372 931 1
3333.318237132 3884 1
3524.651398572 2661 1
3545.974939506 3503 1
3621.691920856 1717 1
3702.089180992 2803 1
3901.782361173 615 1
4649.771676303 873 1
4884.059978842 1276 1
5375.085538552 2240 1
5518.789359553 1927 1
7255.698015888 1130 1
7433.545357397 3080 1
7711.819517588 1302 1
8006.596724907 4028 1
10378.936380305 3074 1
11440.857313817 1167 1
11510.144729829 1170 1
12613.263714596 2177 1
12984.063729866 1969 1
12984.112652886 2068 1
13031.897189202 3301 1
14569.636647098 1458 1
15358.829770887 3773 1
15573.663223480 2734 1
17395.120497238 2760 1
17417.463604064 3977 1
18107.675762877 1325 1
19021.255153663 3489 1
19517.330989283 2030 1
20037.194646723 2934 1
20512.077164502 975 1
20876.208993591 2142 1
20933.075302547 1973 1
21693.568743401 1101 1
22063.998884542 1655 1
22831.170948113 1368 1
22948.647913619 3565 1
23455.062017353 1340 1
23494.333997517 624 1
24050.575438520 537 1
24513.224108053 3520 1
24586.444385923 1001 1
24609.039431070 3733 1
24889.339955496 3959 1
25122.014619287 3118 1
26190.158138155 1466 1
26227.162119294 1033 1
26285.241908969 995 1
26730.894744164 3661 1
26938.674547956 2464 1
27043.850104764 1338 1
27585.625696128 2167 1
27615.857546796 1689 1
28990.655184190 3545 1
30610.019912340 2740 1
30649.836128775 2885 1
31186.312652522 3522 1
31724.547711271 557 1
32338.197610537 3903 1
32951.357975484 3704 1
33109.329681400 555 1
33351.126318832 2149 1
33490.583546644 1251 1
33893.959191702 4052 1
34092.462979675 3615 1
35417.341377628 2391 1
35503.809117434 3967 1
36205.704440569 3817 1
38494.532138111 1083 1
39319.137419278 3950 1
39325.707288230 1002 1
39461.276985670 1627 1
40622.418060895 3717 1
40630.946260721 2747 1
40850.755191536 2634 1
41190.042912162 1284 1
41246.033341299 2213 1
41792.836694175 667 1
41825.450260829 3860 1
42186.753951307 3519 1
42273.015767453 1505 1
42575.334517154 3401 1
42622.638709408 3619 1
43423.346563992 1464 1
44085.772769949 2906 1
44707.655058983 1171 1
47446.547539159 3672 1
48093.394488911 3768 1
48276.562327910 980 1
49088.209611708 2098 1
49508.872800723 1201 1
49799.742599098 3562 1
50203.556366558 525 1
50997.358155399 1198 1
51118.463850081 3951 1
51817.507498754 3070 1
52551.246751377 1458 1
52570.599953250 2861 1
52793.088863581 1570 1
52919.331605237 800 1
53298.195914523 930 1
53438.258242276 3757 1
53600.650900381 3450 1
55464.812394631 1964 1
55985.298119137 3553 1
57363.015254385 971 1
57614.986372016 3488 1
58691.104031356 1967 1
61782.488254196 2609 1
64027.292555109 1107 1
64320.301778735 2549 1
64404.714334159 3171 1
65135.973308865 2294 1
65813.334371224 3826 1
65835.081327554 616 1
65923.192897207 2462 1
66221.328416391 686 1
66588.820398298 3555 1
66734.370587606 2628 1
66814.021828490 2429 1
67156.765491478 3965 1
67633.642784750 2748 1
67766.878195867 1433 1
69468.838328270 3127 1
69656.986643415 1809 1
69940.771982197 3939 1
70161.907066103 1292 1
70332.224310787 3068 1
70850.761479841 2434 1
71188.454693600 2562 1
73141.614456206 2477 1
75226.256228667 1807 1
75676.851040134 3420 1
76112.475394380 3614 1
76178.689851049 2800 1
76632.047471438 1348 1
79001.369783226 3151 1
79192.609444855 1418 1
81008.239039762 726 1
81668.462035730 1376 1
82604.970694101 2629 1
82798.546267337 2614 1
83711.576601566 634 1
84872.257958869 926 1
85317.817145334 2288 1
85750.662704054 2844 1
85962.688873746 3995 1
86645.742413946 4061 1
87137.247337700 4024 1
87422.793598806 3722 1
88529.863757866 2939 1
88547.545395120 1132 1
89146.981770386 3612 1
89847.867068420 1578 1
90389.943932989 731 1
90782.731773338 3022 1
90817.342779887 2690 1
91788.416900004 3728 1
91974.185644214 788 1
92956.976658145 3283 1
92976.161532928 1172 1
93927.352686113 3836 1
96000.699429033 2752 1
96523.036125821 3965 1
96920.741719921 2869 1
96929.883269361 3992 1
97082.626436171 2273 1
97717.592574074 2424 1
98578.556601523 3951 1
98770.401631423 1580 1
99301.149976116 2190 1
99569.387532170 3168 1
100214.844442995 2841 1
100291.884917715 2241 1
100296.025119635 1938 1
100439.707977836 1121 1
100440.156935971 3535 1
100536.262987628 3238 1
100602.069777707 619 1
101226.726295960 1692 1
101440.465053386 1372 1
102208.652013234 1700 1
102233.706173452 2973 1
103408.077958191 3129 1
103635.546403400 1834 1
104209.821427020 2463 1
104533.310751162 1175 1
104889.232520142 4073 1
106308.257184536 3405 1
106785.840901448 1883 1
106791.978088802 3551 1
107823.657668470 1032 1
108354.031462107 3456 1
109647.127514893 3703 1
109783.492749884 2810 1
109975.080319655 1422 1
111547.124626821 1767 1
111891.761865128 1789 1
112425.603984768 3673 1
113381.570112113 2113 1
113414.915415781 3802 1
114918.338698908 3911 1
115608.631221882 1286 1
118608.773872896 3222 1
118817.535528041 2587 1
119684.290272233 3575 1
120170.556495489 1424 1
120825.652913066 1584 1
120834.416924224 2791 1
122741.805123514 1239 1
122788.327573951 1095 1
123069.015058808 1914 1
123121.799349285 691 1
123327.350141007 2002 1
123889.423465744 3554 1
124418.874145399 945 1
125092.178633789 3931 1
126216.073066679 895 1
126605.154299580 3779 1
126766.008968661 2068 1
127182.439020240 1732 1
127299.816637996 1908 1
127461.643366286 2720 1
127471.553666060 1361 1
127654.736935639 4070 1
130749.907350342 563 1
131429.505156053 2126 1
131709.735077085 4080 1
131784.356912472 1139 1
132686.996836919 3951 1
132981.911827250 3793 1
133079.088692605 1225 1
133857.118196348 4028 1
134805.277088523 3529 1
135450.415618691 3077 1
136439.367907526 3644 1
136531.996216858 3807 1
137468.789947402 666 1
137550.186905729 695 1
138570.330847689 1152 1
139762.325375704 1661 1
140129.358701591 3712 1
141043.140336191 809 1
141236.701231722 3603 1
141838.108976796 3168 1
141924.669843278 3914 1
142294.219063488 2653 1
143871.677780143 691 1
144187.467203524 2369 1
145046.663468316 3066 1
145047.833013806 3978 1
146011.295799837 3716 1
146460.513114073 779 1
146678.695105796 1188 1
146736.692832347 1250 1
148287.577109061 3550 1
148295.375080346 3033 1
148390.805153497 2660 1
149932.154504493 4094 1
150713.332772504 1218 1
151095.932145422 3677 1
151494.990659912 1262 1
152209.557168033 3919 1
153346.127163653 2458 1
153614.306373981 560 1
153647.886272852 3986 1
155297.650345173 1245 1
155607.183223937 990 1
155657.533893368 3228 1
155780.600994039 1415 1
155805.364931270 2620 1
156009.000102382 3288 1
156184.857408173 2990 1
156298.908319299 2259 1
157190.348448887 3680 1
157300.719382972 3862 1
158346.962669440 3313 1
158747.824299860 953 1
159029.886873949 3283 1
159130.244557981 1624 1
159763.886688603 3456 1
160019.505930944 957 1
160430.867270712 1872 1
160962.154535110 2314 1
161857.616404453 809 1
162190.840872243 1310 1
162276.123563689 2721 1
162700.484302614 2198 1
163008.036400961 3241 1
163933.260798972 684 1
164360.261749986 3187 1
165627.851766881 720 1
166618.740499809 3541 1
168201.806029053 3257 1
168409.236776663 1198 1
169314.665348656 1269 1
170086.513028561 1065 1
170126.206657808 2502 1
170531.423339503 533 1
171457.543449341 905 1
171658.722069511 3297 1
171994.954341219 1714 1
172296.035611272 619 1
172422.092216934 3493 1
173766.802349045 2948 1
174313.519496910 3695 1
174340.901776711 1841 1
174816.344318252 2862 1
175210.105137356 2629 1
176609.053936984 3539 1
177114.154009715 1217 1
178044.804587442 2475 1
179800.505643598 1058 1
180091.792287195 629 1
182527.684619024 1743 1
182606.766163628 528 1
183381.756014264 3850 1
183890.080046837 1113 1
183997.206638474 3065 1
184326.572318749 4064 1
185235.300742104 2889 1
185308.145851397 3088 1
186246.068474576 2580 1
186324.818208648 2927 1
186751.431939545 3216 1
187575.446213173 2585 1
188149.750909975 2342 1
188251.465425305 3301 1
188260.099671098 1152 1
188548.196343139 1393 1
188576.852369158 2620 1
189112.679867765 2374 1
189181.338768873 2934 1
189460.752564524 2695 1
189553.169678195 2053 1
191020.759719006 1061 1
191749.415903328 4001 1
191894.126461830 2685 1
192687.048131059 1982 1
194092.372702772 4038 1
195111.216364811 3969 1
195758.352183779 1890 1
196412.071305656 2688 1
196457.850294862 2365 1
196466.661709187 3601 1
196480.695265629 3462 1
197128.187063348 1944 1
197978.406866791 576 1
198164.742711312 2796 1
199684.423506711 3321 1
200003.662323401 3853 1
200262.862127327 520 1
200546.941210894 1494 1
201078.887779132 1106 1
201357.173615573 1546 1
202256.761392401 2064 1
202368.061660031 1354 1
202411.532594489 3193 1
203137.864142349 1431 1
203274.298344498 1699 1
203818.440572676 2248 1
204354.849397078 3498 1
204356.548859720 1723 1
204680.061323370 4029 1
205116.396718311 2648 1
205537.639077381 3222 1
205993.938900891 1334 1
207437.866259090 2685 1
208010.476226295 1081 1
209739.566013550 1392 1
210212.364182077 3119 1
210413.797830403 1752 1
210556.928418134 1172 1
211008.260887383 1003 1
211972.465643878 1974 1
212511.294887860 3222 1
212786.348230004 2941 1
213056.018658724 1865 1
213352.900295272 1838 1
214085.795323627 3565 1
214328.708079075 1423 1
215042.038638827 4050 1
216983.506409006 4088 1
217574.943882535 2620 1
217830.116174784 2168 1
219715.691229176 2984 1
219776.429379425 1682 1
219912.299364564 2370 1
219969.714405438 1985 1
220212.981489573 2850 1
220939.976830224 3874 1
221677.169258747 1202 1
221932.062421520 3679 1
223047.943241259 2895 1
223293.879968228 3826 1
223711.260917493 1421 1
223782.876511135 938 1
223877.631014151 3347 1
223945.342098296 2088 1
224634.295617374 2151 1
224648.990141805 2712 1
225048.988964304 2305 1
226270.975229740 2176 1
226330.031415260 783 1
226438.097467744 1052 1
226588.853693541 1631 1
226736.053693232 3099 1
227133.344633935 631 1
227148.353392025 2790 1
227269.857086567 1865 1
227880.298076792 1252 1
228007.351730434 3951 1
229048.542262831 3399 1
229195.030067359 1165 1
229633.336295621 2848 1
230204.836619356 847 1
230891.472877656 3803 1
231826.019583785 3513 1
232775.614582103 2799 1
232946.313208683 1035 1
233176.801221095 3906 1
233556.470066248 2309 1
235673.504804915 3694 1
237163.214395583 1831 1
237614.014440258 2539 1
238183.327590495 1569 1
238615.630448051 3133 1
239897.489895381 3273 1
240072.614263809 1173 1
240152.538727724 545 1
241390.049404608 1485 1
241539.921626073 3578 1
242375.725431783 647 1
243530.785724820 2163 1
244631.420203328 2030 1
246012.775008128 2064 1
246510.542447016 1793 1
246707.829558805 3423 1
246923.725759574 3259 1
246966.125804988 1449 1
248104.697287853 3397 1
248822.093987088 551 1
249067.647059352 1020 1
249129.779390630 3866 1
249361.270679529 2388 1
249958.625646930 691 1
250008.294176900 988 1
251045.941029849 945 1
251541.614600765 995 1
251829.852848414 2767 1
252557.522227733 2861 1
253174.383487760 4092 1
253388.827059221 3277 1
253843.652232262 1372 1
254193.807868986 3780 1
254762.275253193 668 1
255346.447813679 2710 1
257934.026230567 1672 1
259824.568755120 3487 1
260092.455810814 1450 1
260420.579286097 1948 1
260719.581299630 3864 1
261052.902643660 3573 1
261099.576191582 657 1
261392.009022229 552 1
263000.414958233 3524 1
263434.936855157 3067 1
263543.158260422 3368 1
263564.791795786 950 1
264083.086156469 2913 1
264925.299940232 788 1
265876.006424057 2828 1
266856.688010121 3127 1
266872.018859891 2754 1
267301.756814480 3692 1
267822.918126119 804 1
268022.919868133 1212 1
268209.820266254 2515 1
268856.841364924 3718 1
269112.352706579 3625 1
269259.542273308 935 1
269583.375311493 3477 1
269601.561687538 3908 1
270041.560844524 2143 1
270250.081449301 1952 1
270591.494375629 2925 1
270941.489457471 2305 1
270993.298504924 2011 1
272482.670996794 1874 1
273676.060190402 2457 1
273918.389896106 3066 1
276052.717033541 3521 1
276778.581072853 3887 1
278883.333134064 1337 1
280341.000274740 3726 1
282144.803782179 3059 1
282373.751580742 4045 1
282577.539126859 3157 1
282725.310845942 3084 1
283581.478339393 2625 1
283900.295093997 2453 1
285164.373316787 1550 1
285702.289797636 3117 1
285825.448375871 3178 1
286263.445810931 3174 1
286306.492933992 1537 1
287109.284995666 2044 1
287966.702872302 2487 1
288995.864388475 2275 1
289234.899773350 747 1
289754.857288606 3287 1
292479.649700992 3269 1
292672.984833999 830 1
293474.724529416 1312 1
293850.692490627 2617 1
294392.166991186 2630 1
294428.940286769 2233 1
295461.589762161 3975 1
297215.279880618 568 1
298649.219489590 2264 1
299225.945465060 3785 1
299813.568534853 2793 1
300006.202176747 2289 1
300479.638523819 3710 1
300690.109757991 2521 1
300857.391218509 3594 1
301365.935253552 2492 1
301420.997825185 2283 1
302199.880096815 3078 1
302453.451527205 2763 1
302779.425812726 734 1
302852.741998405 2425 1
303395.615435879 2845 1
304766.107059445 1647 1
305442.049206768 3642 1
305724.904140031 3875 1
306214.288688368 4074 1
306386.544154582 1822 1
306842.534295708 2986 1
307198.199524845 3761 1
307419.624324009 1711 1
307953.295075692 564 1
308286.151235356 1301 1
309133.830028740 2066 1
309239.580840426 3364 1
309303.643049412 1131 1
309520.986317725 2088 1
309833.058401311 981 1
310206.959259577 2719 1
310644.794907583 3727 1
311366.793525872 2439 1
311758.612819135 914 1
311759.971655898 1253 1
311928.716156640 2579 1
312336.276266405 1206 1
312881.331031060 956 1
314245.860288668 3280 1
315162.041542619 3686 1
315695.203776753 1519 1
316670.122090533 4074 1
317919.421363014 710 1
318475.166850274 1949 1
318478.927297991 3793 1
318619.999276335 2945 1
318668.528524183 3075 1
319034.320035193 1474 1
319143.785349108 3334 1
319315.670353421 2703 1
319406.513715483 3983 1
319444.193583367 3968 1
320043.648052510 933 1
320338.947132139 3252 1
320905.668415700 1985 1
321109.980560405 4000 1
321169.504621549 4024 1
321190.617064744 3917 1
322132.806879144 2228 1
322223.550954008 2969 1
322225.339074250 638 1
322358.625930667 4078 1
323100.772074676 733 1
323935.922276914 3908 1
324613.122161863 3983 1
324701.324923051 1056 1
324919.872315983 735 1
324947.445721412 552 1
325296.272143429 2463 1
325563.349655539 1392 1
325833.651918129 4093 1
325991.551176903 747 1
326628.301588100 2439 1
327172.474205103 1538 1
328068.861510327 2379 1
328198.523345402 3151 1
328402.981793942 1836 1
329102.588314048 1239 1
329376.944378165 1382 1
331226.524605342 643 1
332404.014000152 1997 1
332528.908722631 2310 1
333309.679383328 2514 1
334037.268223506 3470 1
334485.521490227 3097 1
336798.868213072 2807 1
337829.651996606 2405 1
338650.751892207 1174 1
339083.812369295 1634 1
339105.981370365 2338 1
339671.107763810 3407 1
340160.658484890 3973 1
340636.708696569 3827 1
341615.645440160 923 1
341643.562235449 3436 1
341696.578703623 1580 1
341719.548821031 2235 1
341768.225992401 3657 1
342112.910279404 3888 1
342250.372694383 2879 1
343318.929298150 3165 1
345391.732755948 701 1
345610.563419380 2288 1
345818.717890952 3467 1
345881.372065279 2106 1
345892.224810837 1132 1
346043.774280468 1471 1
346426.602018489 1786 1
347466.413529004 915 1
348314.688574656 1598 1
349771.739868078 3921 1
349984.338182584 1188 1
350212.803799573 3785 1
350853.617298468 1173 1
351262.231379368 1183 1
351297.733209071 3225 1
351540.417634741 2896 1
353806.076158279 2455 1
354018.010401869 4067 1
354416.879241877 3665 1
355258.690985683 837 1
356287.249178058 3581 1
356670.711405185 1154 1
356685.590893204 1700 1
356717.051977315 1538 1
357184.017124591 3967 1
358655.692998341 3464 1
361999.160225252 4093 1
362797.218649047 3296 1
363489.609210543 3729 1
363845.503421109 3333 1
364400.552416342 2515 1
364411.258513533 1025 1
367004.760045349 3082 1
367587.554131899 2326 1
367657.521389362 3481 1
367959.855329145 3449 1
368067.576701576 1952 1
368208.047324057 1968 1
368755.499256043 1460 1
369958.359889393 3245 1
370155.104918692 3104 1
370623.709290827 2611 1
370830.191450747 935 1
371656.257610276 2205 1
371939.446758733 3397 1
372158.330808281 2498 1
373255.842546681 2556 1
373403.794815632 2143 1
374259.831506695 3069 1
374423.015928567 1038 1
374470.389734842 957 1
374768.232299757 1324 1
374948.672113255 1857 1
376716.610555949 3486 1
377622.669297120 3219 1
378010.711334007 2611 1
378052.516462808 2109 1
378198.905317172 3563 1
378896.241071991 2027 1
379095.411226815 1013 1
379104.337876797 3444 1
379464.164090564 2130 1
379706.447252550 1694 1
379878.885000832 2447 1
380197.025638137 2762 1
381090.634064388 3069 1
381283.056311366 1542 1
381558.547720299 2883 1
382076.766770752 2125 1
382771.206018640 2580 1
382850.842063897 3471 1
383001.257159087 3613 1
383468.858902976 3573 1
383629.161350818 1044 1
383996.247382172 4021 1
384219.833644182 2232 1
384267.174127699 2816 1
384518.607743663 1241 1
384615.292077278 1592 1
384757.196648264 3825 1
384821.395087315 677 1
385569.530345704 1094 1
385706.153101080 1234 1
386114.735241394 3805 1
386222.668605679 1970 1
387008.033229537 937 1
387473.612505297 2984 1
387581.108833227 1161 1
387748.803608331 2175 1
388099.248839569 902 1
388606.414208915 2919 1
388609.321584800 3760 1
389651.467914490 2096 1
390621.207430780 2761 1
391268.158672738 1034 1
391672.877729513 3957 1
392901.943439252 1304 1
392940.045746564 1057 1
393331.857899379 3650 1
394072.777872460 1572 1
394115.231299333 3530 1
395703.497972084 3776 1
396074.320018083 1037 1
396517.621834013 3711 1
397145.146315553 3831 1
397357.780627794 3359 1
399914.471820233 700 1
401300.272389998 2993 1
401521.419070057 971 1
401972.008345574 3699 1
402181.991713659 635 1
402343.914864903 2928 1
402533.847954920 595 1
402764.966597769 2056 1
403599.205420383 3260 1
403719.344922899 2274 1
405128.621544571 3452 1
405542.496381196 2417 1
406235.911544949 2809 1
406547.195540415 2964 1
406919.299375509 2636 1
407256.148845804 890 1
408873.105624173 3083 1
409148.728454205 3240 1
409990.970534335 562 1
411423.259581088 969 1
411456.907545856 3247 1
411489.471316519 3319 1
411559.745493657 3107 1
412188.126668772 2558 1
412424.876277706 1926 1
412467.082517001 2197 1
414138.829032426 1763 1
414152.116045939 3492 1
415205.747818297 2472 1
415810.852603216 2850 1
415878.029504697 1878 1
416309.039262895 918 1
416326.619463047 2824 1
416676.981702402 625 1
419080.428268491 3915 1
421340.671718992 1000 1
421772.281881957 2449 1
422237.550309410 3954 1
422360.185985686 3775 1
422732.789582002 3000 1
423155.133174777 927 1
423305.337692746 1174 1
424841.552182774 1038 1
425128.579003411 597 1
425292.476103531 744 1
426293.869438680 2828 1
426978.947839544 603 1
428512.740447159 2327 1
428765.543360998 891 1
428955.155027602 2383 1
428994.395264823 2325 1
429206.032250863 945 1
429565.846148158 1084 1
429741.514302803 3426 1
430067.992229178 3138 1
430720.522626852 2116 1
430783.631842523 2942 1
430879.006946641 2089 1
432881.177387350 1983 1
432999.478770488 4032 1
433598.517837668 1501 1
433820.757678783 3692 1
434129.807202237 2735 1
434176.310267439 540 1
435109.604121979 1202 1
435796.977032692 3246 1
436158.692696277 3880 1
436337.567940116 1128 1
438314.756886742 706 1
439664.866737305 1828 1
440582.318098579 1580 1
441778.191253446 2712 1
441788.576330563 538 1
442150.651302847 2799 1
442195.726902175 679 1
442651.887923675 1953 1
442721.351700633 2882 1
443493.768706439 2012 1
444321.908631312 1402 1
444343.367224912 3785 1
444891.525476934 3428 1
445348.808730660 2356 1
446021.712171364 1026 1
446357.434515377 1030 1
446455.937265743 2983 1
446521.891192479 729 1
447047.409091005 1967 1
447883.669162754 2860 1
448410.594974317 3580 1
448546.736372313 1300 1
448874.015501416 1060 1
449201.231479386 1835 1
450526.828708600 682 1
450705.803711341 2625 1
451033.783350772 2516 1
451496.157224579 2300 1
451872.324515514 3226 1
452464.990427017 1078 1
452473.477294544 2229 1
453400.086792891 845 1
453521.560413589 2013 1
453538.185260528 2750 1
453607.381782310 2422 1
454654.709655996 3107 1
454774.117773988 2970 1
455161.814302662 1673 1
455345.840319823 3232 1
455777.393432361 3029 1
457480.365599027 2823 1
457621.557084368 1138 1
457756.402406384 2613 1
458610.530046193 2092 1
458869.674987650 3738 1
458892.516072136 3614 1
460463.432894424 2071 1
460979.740849510 749 1
462521.075249732 1313 1
462954.429575030 613 1
464045.236044865 1674 1
464338.975858333 895 1
464839.866147012 1169 1
465915.527250356 1625 1
466718.396108574 3172 1
466982.604864056 1138 1
467679.981816806 2950 1
467961.871916477 2448 1
468154.139706443 777 1
470072.397750273 3928 1
470772.840817205 647 1
472577.345760903 1632 1
472777.346476848 3015 1
473649.159792678 1018 1
474386.766854970 3199 1
474489.692242442 1473 1
475856.391116903 2733 1
476187.681022163 1836 1
476415.738911203 3555 1
476611.038157882 521 1
476893.049417270 2886 1
476917.950298127 4068 1
477168.618598251 848 1
477314.364808408 3555 1
477357.913354852 3048 1
477491.544576976 1018 1
478576.146351341 2662 1
479270.904754680 2831 1
479926.983524483 1648 1
480217.700036882 1541 1
480782.126439708 1629 1
480822.401553837 3940 1
481496.738439821 1366 1
481828.970497529 3466 1
482038.517109651 1915 1
482560.934969265 3685 1
482735.256871784 2243 1
484629.380623649 3457 1
485157.921093729 2841 1
485496.188105802 917 1
485669.903987869 2074 1
486377.030108492 3173 1
486422.241606866 1111 1
486571.165771889 2246 1
486736.433759264 2493 1
486752.835885439 939 1
486803.881656235 2367 1
486967.364716545 1340 1
487012.143463112 2818 1
487791.538477028 3030 1
489465.986258410 2568 1
489530.711287337 1470 1
489724.375187761 3538 1
489873.021257882 2712 1
490195.878769377 1278 1
490214.791401232 2723 1
491146.355013193 3880 1
491196.101503869 1512 1
491284.974951346 1073 1
491286.377699463 2335 1
491392.352672707 2356 1
491716.241212359 1385 1
492429.637194751 603 1
492566.967233693 1786 1
493346.986626056 1630 1
493483.614539653 1913 1
493571.360843683 837 1
494374.508020732 3830 1
495378.572134975 3228 1
496998.231873358 3709 1
497534.170817269 1760 1
500175.990793407 3427 1
500449.590233013 2808 1
500551.403727873 1859 1
501641.716029318 2629 1
502005.665470945 3831 1
502111.608767235 1496 1
502258.510943979 1486 1
502842.528368945 3593 1
502901.093769882 1986 1
502960.047755806 1667 1
504376.822760707 3764 1
504541.735703466 3339 1
504573.867449822 3790 1
505481.627894614 2737 1
506011.523587192 2078 1
506693.647368697 2452 1
507686.428040349 1701 1
508288.356261401 1409 1
508551.232111164 1620 1
508584.263053552 3673 1
511046.344520496 3500 1
511757.089911682 3470 1
512066.191930551 623 1
512828.160947870 2213 1
512964.695419244 1788 1
513277.150859350 1676 1
513827.568878806 2962 1
514218.580431723 2879 1
515662.002839776 3179 1
515838.086173749 3342 1
516074.794703624 1363 1
517537.946591753 3565 1
517550.519898461 2053 1
517656.053970763 2100 1
518854.512521241 2700 1
520301.354929679 3031 1
520528.716250928 852 1
520921.512336114 3818 1
521024.007503467 3748 1
521168.949886179 822 1
522955.756618956 593 1
522996.517654724 1162 1
523704.120209712 1207 1
523748.619224038 3126 1
524598.683578271 1089 1
524694.273465262 1953 1
524859.586096221 1823 1
525352.743826389 653 1
525592.537553226 1995 1
526262.696695266 3297 1
526923.949917925 1747 1
527638.556429687 1302 1
527828.896588050 2869 1
528351.531537686 1073 1
528470.064102803 802 1
528666.664317023 3973 1
528776.006210530 1401 1
528808.825464634 1781 1
528944.135898485 3545 1
528982.434799847 2014 1
529395.956368601 906 1
529559.338346702 2789 1
529654.322665503 3874 1
530043.838920454 2683 1
531174.319354476 1959 1
531384.172622378 1842 1
531443.091285181 1928 1
531762.443459479 3001 1
531901.184864486 3900 1
532095.468526571 3787 1
532168.098158349 1365 1
532170.878078066 956 1
533156.329534484 2807 1
533360.419266225 3381 1
535126.502033105 2870 1
535644.829582567 3897 1
535911.457674692 3542 1
536123.877317840 2598 1
536191.202020654 1256 1
536382.143010583 2917 1
536402.616431877 2464 1
536996.295316088 3088 1
537251.640349087 2048 1
538499.215611631 2187 1
538877.029387405 3472 1
539451.065974447 2275 1
539764.063155687 1379 1
540351.115610291 3325 1
540472.981835703 1981 1
540529.359535919 999 1
541025.832960145 2997 1
541062.262631124 3764 1
541066.168393850 1070 1
541173.129695761 3568 1
542770.993586761 1539 1
544113.932422042 3420 1
544404.063170985 3877 1
545012.602792134 1043 1
545097.681784075 3319 1
546213.017585833 519 1
546961.046288464 3230 1
548689.129454572 1846 1
548846.077242515 1557 1
549851.360596048 3828 1
550667.780186795 3654 1
550702.115301890 632 1
550775.749990661 1269 1
550807.269350666 1583 1
551254.844458899 3811 1
551388.490334543 3773 1
551733.367668479 1858 1
551810.363828663 1079 1
552198.084007561 3475 1
552585.937126840 1613 1
552802.753129804 1586 1
553550.929636462 1272 1
553794.911058659 3129 1
553915.766053947 2105 1
553925.624279735 3484 1
553933.880798957 3775 1
554095.200773739 3239 1
554760.157618326 2756 1
557078.015160418 3756 1
559010.019431149 1950 1
559064.686011610 3355 1
561708.596243611 3727 1
562243.117976377 1730 1
562280.483793196 3200 1
562590.968961468 2583 1
562750.286318000 2188 1
562993.325582008 2920 1
563516.952140695 2382 1
563793.096696275 2596 1
564156.478816154 2730 1
564727.330538146 3669 1
565403.053260800 773 1
565796.424575464 4031 1
565975.448887457 3349 1
566428.176830780 2870 1
566938.576245283 3494 1
567097.898046890 2873 1
567956.318329709 2316 1
568702.352202072 2766 1
568929.604256409 1622 1
569150.174454605 2360 1
569248.357472847 3903 1
570075.376837516 581 1
571531.235080668 1205 1
572122.303225355 1538 1
572423.945937355 3598 1
572621.065219726 1570 1
572780.787720632 945 1
575257.544305724 3109 1
575389.776073421 3879 1
575453.462540974 1442 1
575619.160866839 2828 1
575996.986607339 916 1
577141.205867199 3975 1
577253.240135543 872 1
578427.022645202 1129 1
579002.440534922 884 1
579048.843567554 1272 1
579274.948540815 822 1
580242.021963657 3498 1
581139.785717389 3205 1
581960.382871225 3506 1
582000.348744435 1908 1
582682.499618682 2293 1
582837.612916309 1992 1
583837.304727476 531 1
584312.484193771 3484 1
584584.425754547 3500 1
585104.863155595 1233 1
586120.668581287 3264 1
587848.189146856 789 1
587988.908099657 1869 1
588316.635065777 1201 1
588526.112597253 3330 1
590003.852139748 3399 1
590611.271639469 612 1
590638.526095751 949 1
591443.649978576 3818 1
591550.632203858 2769 1
591823.813420426 3618 1
592067.701498173 3321 1
592450.635861968 705 1
592461.214489611 1452 1
592619.145324215 1336 1
592665.172646146 3749 1
593003.486513008 1078 1
596288.228235158 870 1
596420.985041631 1289 1
596625.710419811 3784 1
596979.916622878 1554 1
597982.874625543 1528 1
598558.020503071 1824 1
599815.271881672 2041 1
600036.269458220 3299 1
600076.718589204 1231 1
600612.905406840 2126 1
600814.497609723 1156 1
600826.329816083 1771 1
600942.928188494 3628 1
601497.206536361 1065 1
603644.098799394 1571 1
604446.268041288 1452 1
604696.386393242 1945 1
605251.660653858 3644 1
605586.189089803 2936 1
606114.686773857 3409 1
606126.588411536 3507 1
607203.371179237 4006 1
607932.775856441 3556 1
608166.569267925 969 1
608879.495663473 1555 1
609699.526063813 1819 1
609781.118586993 2138 1
610101.759110774 1415 1
610762.816375575 776 1
611372.496774224 2983 1
612728.157830828 3850 1
612996.259222938 1538 1
613188.486325080 4020 1
613578.126616422 3563 1
614749.115293337 3277 1
615502.201811228 3510 1
616067.413934468 4018 1
616124.886705551 951 1
616257.536781660 965 1
616578.469091420 2033 1
617028.522134482 759 1
617244.658728096 2127 1
617418.343382999 3116 1
617947.846816090 1692 1
619033.215954120 2840 1
619199.941466522 1054 1
620058.243615374 3607 1
620066.662151471 1946 1
620255.783517003 851 1
620878.972707092 615 1
622684.658425208 1838 1
623501.977747572 2135 1
624118.006526191 1954 1
624935.299624281 2251 1
624972.627511348 1186 1
625458.436756897 2121 1
626026.126062692 3398 1
626179.161510355 2254 1
626221.410000171 3454 1
626717.808188393 3405 1
627486.007494875 3464 1
627676.014419997 3731 1
627726.753236233 1647 1
627845.031376924 988 1
628294.971010751 3799 1
629268.216105808 1991 1
630013.727307866 1756 1
631508.988332678 2760 1
633269.094350744 1622 1
633415.526386742 2844 1
635121.600449402 3961 1
635961.300667449 3942 1
636823.399761475 3721 1
638056.143277782 2481 1
638380.022584257 1243 1
638470.983725867 2803 1
638632.419413125 2370 1
638773.006000087 876 1
639569.607224511 1637 1
640489.619109728 2858 1
642073.951110549 1931 1
642103.786887482 876 1
642324.872581318 1999 1
642332.831154593 759 1
643028.049660980 1620 1
643179.177053802 743 1
643586.181641961 1423 1
643818.220772272 1976 1
645413.056426976 1117 1
645599.299005718 2167 1
646229.602599945 1957 1
646349.442536612 3497 1
646623.067168696 2582 1
646703.718754220 1847 1
647535.385248872 3160 1
647844.897074434 2440 1
648563.477536117 2894 1
649358.751567337 3027 1
650380.898085073 3503 1
651087.551296511 3513 1
651367.435675040 1571 1
651589.358806882 2840 1
651791.640286001 1833 1
652147.014488896 3751 1
652436.380826399 3219 1
654628.482558989 3514 1
656604.396588007 2691 1
656839.143857144 1334 1
657276.255379326 1354 1
657543.726232099 2253 1
658210.696652394 3775 1
658220.000049802 1814 1
658510.769293126 2248 1
661128.769434197 3382 1
661526.541418769 3705 1
662739.863918260 1358 1
662882.376152647 3724 1
663222.826481084 2250 1
663725.643415052 3129 1
666080.689138478 3543 1
666254.882268530 1619 1
666738.362854670 3269 1
666892.776481470 2801 1
667181.038062509 1533 1
668053.761676731 2515 1
669161.209240362 1975 1
669245.271779282 1615 1
670146.487313313 1577 1
670672.291938032 1994 1
671292.377607234 3408 1
672187.273386962 2127 1
672284.374206304 2100 1
673278.000975412 1413 1
673814.471743449 1214 1
674348.183009290 3218 1
674458.004230614 1741 1
675417.538214082 2591 1
676400.786894252 778 1
676409.213782519 3439 1
677157.052354369 801 1
677357.791603166 3430 1
677390.516613406 711 1
678723.748865144 3200 1
679156.415508386 1545 1
679513.396034659 3135 1
680206.671330132 553 1
680917.479338873 1557 1
681329.606148397 3621 1
681536.684555238 3616 1
682033.138120122 1284 1
682152.499704246 537 1
682896.148683730 739 1
683081.881026061 2606 1
683594.631501111 623 1
683730.537061011 3893 1
683837.172623244 1639 1
684577.210947275 3242 1
684716.513218421 2429 1
684902.541355602 2573 1
685972.564451025 1719 1
686308.780252040 2094 1
686652.923966954 1645 1
687655.683938936 3143 1
687908.655417889 1742 1
688119.146887588 949 1
689069.054607223 3009 1
689480.281489733 1508 1
690070.381055860 594 1
690358.859127195 1316 1
691513.310658370 2128 1
691926.073173973 2758 1
692171.790314816 2309 1
692404.858976703 3250 1
693130.264041391 2588 1
695063.307097069 1109 1
695527.379560563 2040 1
696038.521986183 2394 1
696333.923655364 2346 1
699125.794583408 1375 1
699570.399595897 2821 1
701227.944675682 3435 1
702021.499185294 3373 1
702319.468347349 2661 1
702373.058190622 725 1
704213.985271807 2744 1
704951.606724696 651 1
705543.576421320 2767 1
705697.298226029 2649 1
705797.520925843 2264 1
705998.366319624 2590 1
706330.591234062 1173 1
706372.174765856 3494 1
706876.574522540 1212 1
706964.981038233 3540 1
708887.894070404 1352 1
708967.310288366 1637 1
709677.366907799 3151 1
709748.028468159 3572 1
710682.698763543 2446 1
710836.864464401 2823 1
711340.062490206 1942 1
713474.123372615 3116 1
713894.222794909 3029 1
714010.262066480 2012 1
717135.690336286 946 1
717669.359262486 2256 1
719603.584018556 1380 1
719741.177622695 907 1
719756.789938972 2469 1
720722.843695248 911 1
723326.217154669 4012 1
723386.830163337 737 1
723635.983377445 662 1
723725.185642588 3210 1
723808.296606636 1945 1
724048.437267624 652 1
724058.688694651 1336 1
724582.615759074 573 1
724589.181717523 2905 1
724936.545459080 1196 1
725136.716690694 1455 1
727380.085073700 2327 1
727601.939805362 4006 1
728134.023611041 2698 1
729245.461643228 1384 1
729825.833296307 3429 1
730556.067011412 3748 1
730881.782912902 856 1
730899.387047616 3551 1
731368.785858497 574 1
731381.997226801 3576 1
732400.249301294 2762 1
732434.640193571 3646 1
733009.615928056 4023 1
734667.833156962 2687 1
736343.196782744 3201 1
736663.636655723 1483 1
736945.713554613 1777 1
737115.149724410 890 1
737584.083112401 3615 1
738054.002817659 3110 1
739567.206084631 2445 1
739797.497487208 586 1
741203.809216990 2369 1
741844.512416946 1681 1
743507.432863237 804 1
743560.111555441 1003 1
744756.706468345 659 1
744884.686672894 2355 1
746177.605569978 1277 1
746468.958260526 1299 1
746897.343465841 1066 1
746902.422353033 3022 1
747729.558243852 3678 1
748405.958290804 564 1
748940.815173287 3482 1
750152.616353475 1363 1
750312.826417031 3055 1
751165.633233411 3013 1
752618.585255573 2469 1
752699.044703893 2438 1
752982.761076586 2160 1
753084.278739268 1588 1
753203.138518688 1532 1
753893.134252470 4052 1
754367.803651323 628 1
756140.408553652 766 1
757099.053888278 1048 1
758162.116864382 2155 1
759206.733691543 1071 1
761316.591424566 3567 1
762377.858661799 1527 1
762547.552127130 2003 1
763141.763386117 3072 1
764667.135576808 3773 1
765405.701019192 1615 1
765474.687815457 2255 1
765503.750354812 1958 1
765783.347320283 2386 1
766202.782468476 1101 1
766398.119058324 4020 1
766919.002871879 3043 1
767200.042200080 2824 1
767619.797937620 535 1
767629.301570303 1255 1
770427.620149257 1793 1
772239.326411905 2671 1
772566.643711859 3621 1
774588.906680367 2238 1
774773.863187034 2697 1
775012.694736286 2388 1
775020.960034838 638 1
776451.925133041 1688 1
776969.231604842 871 1
776989.220758523 544 1
777076.145099950 1300 1
777498.087237600 1292 1
777978.811090469 2261 1
779580.553120796 3217 1
780354.778865237 796 1
780645.355491967 2116 1
780772.162698695 2994 1
781012.779382907 3480 1
781225.049453287 941 1
781228.655082935 1966 1
781521.804276388 3025 1
781712.755760707 2475 1
781811.708454042 800 1
782086.458208180 3139 1
782411.588240795 3016 1
782718.479835199 3723 1
783325.817381644 3407 1
784268.029911799 2483 1
785721.635371011 2550 1
785901.987951777 1248 1
786764.743295913 809 1
787204.469828271 680 1
787598.312908250 2018 1
790297.554526398 1176 1
790305.212698924 3368 1
790377.236539200 1231 1
790584.315385820 765 1
791339.025200887 2722 1
792359.475736781 804 1
793333.887235792 4007 1
793832.605330250 610 1
794419.607753492 3551 1
794524.097531568 1174 1
794909.375032391 3153 1
794924.271205674 1020 1
795290.412483312 2603 1
795520.974339674 1644 1
796050.787614985 2504 1
796793.550133998 3081 1
796965.728094772 2366 1
797375.173787732 2562 1
798127.326330167 1064 1
798137.655607551 2472 1
798858.376730724 3113 1
799014.613019848 3542 1
799208.097877872 2709 1
799797.092626983 3380 1
799979.987227934 3163 1
800062.829077044 3195 1
800347.425838089 1066 1
801123.038598175 1877 1
801135.822860048 2028 1
801685.842121057 1148 1
801693.471924696 3630 1
803319.403052545 652 1
803349.735998433 3520 1
803590.406363942 3345 1
804214.431879241 3126 1
804451.193319707 3878 1
804681.078824018 2864 1
804747.917481460 530 1
805241.098307616 3089 1
806447.067877120 740 1
806458.056800596 2057 1
806496.224878715 2853 1
806584.341798023 4014 1
807308.795793709 3868 1
808421.833810817 3957 1
808425.518894389 1428 1
809101.392502192 2154 1
811002.694770788 913 1
811196.706129943 842 1
811317.709320489 1613 1
812595.490168674 2973 1
813234.098642677 3210 1
813573.228641350 4076 1
816180.646345937 2827 1
816459.905555102 1883 1
816554.429527999 634 1
817186.691276463 3485 1
817756.065063339 2840 1
818668.145380402 2483 1
819210.651890778 2740 1
819282.681991166 2579 1
819364.300016872 2764 1
819578.790337750 3481 1
821615.793590058 1006 1
822290.741921277 2309 1
823208.915638532 1372 1
824567.201162961 3250 1
825648.909395199 1276 1
826900.722756565 1177 1
827344.849607093 2040 1
827543.891484875 695 1
827789.131921070 2415 1
827840.283431063 2679 1
827940.800225856 541 1
829316.543899024 3715 1
829502.668794733 2689 1
829856.965800358 2203 1
829976.137510417 3927 1
831293.127424018 3814 1
832156.868669469 1808 1
832580.906492109 1237 1
833082.822903318 1698 1
833297.493255250 1360 1
833347.633218498 2176 1
833455.367118106 3949 1
834078.124553857 2933 1
834595.195995307 1989 1
834795.025138342 2644 1
835117.012377688 1490 1
835320.251577618 1341 1
835631.438045666 3695 1
835696.112394484 900 1
836092.414442429 1714 1
836422.796580857 4091 1
836438.742950464 2452 1
836468.472556261 4003 1
837392.170105356 889 1
837467.177171011 2848 1
837801.052770242 3514 1
838595.618048136 2174 1
838862.685817349 1231 1
839923.908169767 2363 1
840316.021995815 766 1
840487.378523012 4045 1
840647.300994762 1618 1
840784.373420421 688 1
841604.992338399 3758 1
841987.719557811 1584 1
843013.875302802 529 1
843161.216017357 601 1
844003.967182506 1217 1
844372.930928175 3547 1
845345.018121353 1498 1
846090.837496746 1575 1
849047.742195104 3026 1
849051.365713615 3502 1
849853.934464506 2293 1
850162.212318562 914 1
850294.993413298 3843 1
850497.627155790 2304 1
851231.956460757 2995 1
851753.807993362 3122 1
851973.070653256 3706 1
852602.435857768 3333 1
852901.157628508 1295 1
854133.594412110 1149 1
854272.572018631 1716 1
854425.590660647 1452 1
855984.652247401 1217 1
856617.203506340 1586 1
856646.385583223 2377 1
858321.829070429 3132 1
858724.946927924 1962 1
859799.367124952 1430 1
860828.853834431 2522 1
861118.625109248 2891 1
861178.506486328 1121 1
864665.123175376 1939 1
866356.647364201 2822 1
867245.772202855 760 1
868863.896103467 2986 1
869987.175486735 1778 1
870123.347009903 3849 1
870640.311193085 3228 1
872108.552930941 2161 1
872541.413295708 3565 1
872989.998865810 1642 1
873545.513387728 1087 1
873613.216818306 1081 1
873822.692933640 1244 1
874127.893983555 3164 1
874255.003587204 2413 1
874346.436769546 3781 1
874916.115664740 1544 1
876689.234462278 4094 1
876758.164690460 752 1
876934.528592684 1912 1
880041.772164812 2522 1
880901.728773097 2350 1
881551.036495855 3805 1
882052.725797325 1416 1
882510.444747597 1401 1
884062.176060036 2398 1
884426.431458178 2966 1
884778.247371900 983 1
884975.074656350 2550 1
885100.945664282 1283 1
886568.222179124 3388 1
887275.310342381 3502 1
887275.681414819 691 1
887798.232396860 3803 1
887946.600983881 2211 1
888279.895538245 3614 1
888369.914840582 1158 1
888449.187422893 1387 1
888724.505983181 666 1
890414.589642599 3605 1
890468.912773573 3218 1
891131.705109181 3199 1
892969.262221402 3351 1
893537.519371744 1190 1
893784.517813286 1627 1
894695.008963440 1583 1
894878.329283906 1618 1
895143.299105428 2199 1
895381.282535465 3318 1
896048.554520929 2135 1
896855.566572708 3550 1
900034.268757491 798 1
900573.314005079 3518 1
900578.550324259 1880 1
900806.590628845 934 1
901000.521624688 1012 1
901143.417213122 524 1
901355.352968943 3583 1
901580.261265062 947 1
902863.604436858 2139 1
903286.429916738 1900 1
904327.133817993 2532 1
904478.794338423 2896 1
904556.794997646 703 1
905334.098059028 3080 1
905343.215280570 3896 1
905410.534291850 1986 1
905560.227457222 1226 1
906935.288515625 3039 1
908828.708901200 3291 1
