2 2.007772882 0.021933124 88.051123937 68855 30
14050.330853055 27.190278552 0.001072115 0.000228596 178.508286037 0.500000000 0.500000000
13
1 0.151192236 1.803856044 0.132639758 0.748994514 1.481156238 0.928350896
2 0.272524146 3.607712089 0.239083287 1.133462473 2.241451680 1.404884658
4 0.491225024 7.215424178 0.430947846 1.715282493 3.392015984 2.126028973
8 0.885433561 14.430848355 0.776783891 2.595757778 5.133178884 3.217345403
16 1.595994813 28.861696710 1.400153682 -1.000000000 7.768101796 4.868847779
32 2.876782127 57.723393421 2.523778307 5.944580083 11.755562563 7.368086332
64 5.185402446 115.446786842 4.549112733 8.996005061 17.789835250 11.150214314
128 9.346692706 230.893573683 8.199779910 13.613763450 26.921573217 16.873754411
256 -1.000000000 -1.000000000 14.780110874 -1.000000000 40.740742916 25.535256984
512 30.367494194 923.574294732 26.641163526 31.177064265 61.653459849 38.642813765
1024 54.737436381 1847.148589464 48.020721904 47.180629077 -1.000000000 58.478638247
2048 98.664279721 3694.297178928 86.557395661 71.399017598 141.193424350 -1.000000000
4096 177.842455484 7388.594357856 156.019785764 108.048998364 213.669719695 133.922722353
1272
0.000000000 1493 1
315.925378201 1502 1
1186.251516856 3374 1
1362.309156731 896 1
2794.813548690 3444 1
3182.822069928 3570 1
4503.152262065 1609 1
4767.914455850 2507 1
5134.046746668 4093 1
5368.688667437 2713 1
5564.227185640 3864 1
5761.673400439 2751 1
6447.354902655 1202 1
6605.122897683 1847 1
6612.978578006 1365 1
7261.937990765 3933 1
7674.756500025 3258 1
8865.653908098 2837 1
8884.165242729 704 1
9130.414157200 2870 1
9707.988234100 3087 1
10204.862381521 1741 1
10937.459699149 2499 1
11148.417420507 1615 1
11163.302689023 760 1
11357.682133377 1841 1
11383.948625859 1784 1
11614.502980580 4075 1
11978.322859621 1444 1
12010.590286680 3247 1
12048.004892783 2547 1
12493.169122131 2989 1
12760.896058128 2687 1
13173.598721472 3849 1
13708.739660245 639 1
14096.719718921 700 1
14244.844341036 3351 1
14686.805009121 2747 1
14693.950269711 986 1
14938.574260290 2139 1
15353.402279197 3328 1
15501.602574642 3042 1
15705.509410074 1798 1
15719.276053865 3693 1
15948.926846668 3819 1
15949.426249321 3236 1
17132.630560810 701 1
17204.829153913 1364 1
17241.045444267 3430 1
17450.751931674 581 1
17571.656500379 2561 1
18096.281550748 2590 1
18593.062623574 1472 1
18636.183373775 3545 1
18711.655810794 3518 1
18790.369091641 3444 1
18828.938060937 2423 1
19141.572775815 1539 1
19306.046494849 2669 1
19787.209011195 4013 1
19887.341413176 861 1
20077.048953461 3324 1
20223.886564046 1003 1
20766.634874692 2014 1
21240.940518533 3972 1
21587.435357539 3634 1
22075.696273630 3324 1
23057.128125481 928 1
23190.899181128 1270 1
23239.881015777 587 1
23303.885150133 2660 1
23514.030947394 828 1
23636.019448078 3855 1
24081.217795431 702 1
24291.140659795 1169 1
25949.079751736 3292 1
26543.061874633 3796 1
26951.036195270 723 1
27347.676629357 3908 1
27588.841836907 3243 1
27699.483329806 2991 1
27788.374406076 2998 1
27800.826559803 3259 1
28342.795850524 710 1
28804.410289760 1511 1
28879.285859838 4055 1
29009.422660093 573 1
30097.853208368 1335 1
30487.584882341 2341 1
30704.254015860 2334 1
32336.112360089 2534 1
32406.075332542 1711 1
32495.259184127 2334 1
32934.153586156 3440 1
33649.239093915 529 1
33793.360875233 611 1
35677.208648184 2210 1
35928.830495453 859 1
37624.560271223 2353 1
38167.357115148 3696 1
38308.710513018 3969 1
38407.096892862 3523 1
38906.962520470 3607 1
39810.752332807 3149 1
39874.033452985 531 1
40035.189784687 1503 1
40051.491868924 2950 1
40262.085966381 3419 1
40413.166651231 1627 1
40976.382393070 3123 1
42077.045233974 3850 1
42147.971801809 2987 1
43227.155936840 1980 1
43742.884730037 3301 1
44066.116583174 3889 1
44141.464575711 2339 1
44439.656521560 1251 1
44922.111934198 1872 1
45444.615657239 1914 1
45988.245308144 1556 1
46469.603770536 3590 1
46850.665292041 3209 1
46918.335798932 932 1
47459.344100547 1844 1
47840.677403890 3606 1
47934.464179293 3688 1
48545.560689318 3661 1
48760.680633616 2524 1
48887.677303305 849 1
49231.702333404 1103 1
49435.234022785 1717 1
51663.260100719 2109 1
52016.271502666 3928 1
52294.624113178 3016 1
52612.662604021 1082 1
53060.360937101 3473 1
53100.394574921 1658 1
53219.263719553 4015 1
53573.897520563 2254 1
53589.650946490 2435 1
53642.421247594 1970 1
54778.761977037 1920 1
55142.754290564 2292 1
56549.670684802 1062 1
56887.721916346 1853 1
57072.225169496 3421 1
57182.089349131 841 1
57195.324734114 2723 1
57566.029855183 1130 1
58981.250427895 2964 1
59005.258992957 625 1
59207.259625086 2019 1
59890.664463602 3321 1
60109.416467102 1400 1
60936.708301726 1392 1
61395.048270865 2016 1
61409.356823288 3097 1
61663.894688115 2786 1
61670.666482603 3975 1
62758.144612668 2986 1
62815.695510561 1199 1
63104.002559953 2602 1
63236.120046127 1954 1
64244.553590902 2022 1
65237.553765971 2557 1
65545.435272181 1377 1
65684.009761519 2590 1
65876.215565725 1674 1
66328.374519312 2795 1
66426.062321548 916 1
66760.733624173 1579 1
66791.544238174 2482 1
67034.332025856 2733 1
67388.102739893 4091 1
67492.829828125 2030 1
69739.607470255 2350 1
69965.981248758 1228 1
70031.678943598 3486 1
71526.279822574 3345 1
72067.858447451 868 1
72148.504308269 793 1
72584.701458306 2481 1
72675.574276878 2573 1
73555.878308773 534 1
74206.138861580 2030 1
74291.526103739 3355 1
74311.252403289 957 1
74690.535975543 2149 1
75759.203636892 3697 1
75829.165375807 2506 1
76424.978958232 936 1
76869.205094884 604 1
76928.059917737 2542 1
77627.454035574 3353 1
77722.727623545 1411 1
78006.235936599 2723 1
80413.073788332 1036 1
80469.183024995 900 1
80852.605424219 2935 1
80980.853860316 2781 1
81605.456885608 1300 1
81879.943339016 3683 1
82150.992931968 588 1
82224.337077750 1016 1
82600.085203746 3688 1
82827.176619001 1616 1
82879.452575704 3238 1
82969.031294059 3565 1
83029.611638990 1680 1
83364.709171666 1338 1
84558.795299345 2494 1
84593.787259952 2558 1
84643.569318925 1167 1
84820.079944253 2298 1
85318.462555514 2387 1
86501.595600383 3702 1
86638.184523064 1538 1
87376.577773418 2542 1
87419.672962334 2020 1
87547.227948955 3443 1
87660.965343625 3481 1
88364.961723647 3541 1
88380.355186795 2840 1
88883.422473186 3002 1
89390.243158895 1854 1
89623.888635620 2235 1
89904.452271567 2422 1
91072.104117301 654 1
91359.212665565 1224 1
91759.696336879 707 1
92334.612122401 3647 1
92775.754639426 1125 1
92817.651497487 1136 1
93220.067441411 3361 1
93594.232858060 1133 1
93663.052316873 2408 1
93864.154908458 3977 1
93948.582929773 1369 1
93966.892473985 987 1
95249.412247607 2070 1
96176.262276734 1271 1
96343.020677061 562 1
96804.083019013 3208 1
97397.608883667 2857 1
97952.759739395 964 1
98422.712439173 2551 1
99309.381632760 2733 1
99384.672289801 2356 1
99699.526878346 3735 1
99798.018422169 3297 1
100278.362881052 1331 1
100584.674698856 1758 1
100694.076805625 3717 1
100748.504084880 2994 1
101462.852985854 1251 1
101786.989520773 2209 1
102713.084687559 3221 1
102918.752960589 3595 1
104563.160699211 3082 1
104814.659917498 3983 1
105452.958935358 538 1
105570.544770046 3302 1
106747.910676290 2743 1
106979.770022990 632 1
107330.628758574 2980 1
108194.077548568 4017 1
108286.221009538 2821 1
108623.418410382 2054 1
108670.635660274 3637 1
108680.094009698 1018 1
109004.685727585 513 1
109311.611581166 3574 1
110701.527745954 596 1
110996.580445888 3342 1
111010.474204805 3549 1
111508.728463112 1528 1
112227.804453746 974 1
112358.354189017 731 1
112389.464107211 835 1
113731.504773816 2248 1
113914.574213213 3982 1
114315.610720081 3858 1
114824.926174562 2637 1
115078.374031885 3751 1
115727.342606175 3619 1
115735.178828676 2712 1
115746.304889647 943 1
116777.919478113 4039 1
117509.661770899 3275 1
117808.913328530 1224 1
117908.253164848 1473 1
117953.196390987 1285 1
118193.241200724 1582 1
118668.717871265 2868 1
118810.324770249 1015 1
119185.599392676 625 1
119648.307659925 1995 1
119791.240121986 805 1
119827.614551674 2320 1
123583.037496786 1823 1
125309.436711257 2938 1
125797.086881929 2717 1
125894.000697775 3510 1
126859.587485932 2460 1
127401.511472220 3830 1
127561.776260800 1844 1
129799.172106306 2571 1
130077.861949158 1642 1
130198.053220761 2870 1
130498.525464191 1869 1
130623.981704827 2734 1
131093.216067176 2424 1
132103.756070868 2578 1
132625.369728388 1126 1
133336.023906183 1058 1
134313.558458169 3816 1
134477.621742116 843 1
134682.852409383 2948 1
135268.511565965 1269 1
135887.583152410 1348 1
136267.671354129 1589 1
136698.395362123 1565 1
136866.845949457 1933 1
137505.850988797 1574 1
137950.903248948 3139 1
138172.198613864 1326 1
138483.974100798 3484 1
138487.100138252 820 1
138576.349546945 1689 1
138891.108178167 2122 1
139224.773046776 3959 1
140831.205810656 1507 1
141156.151494153 2416 1
142130.294432102 3215 1
143097.945735441 2084 1
144030.790724259 3822 1
144572.641903534 2189 1
144909.744152529 1225 1
144933.776076971 2114 1
144944.718256758 2738 1
145371.396115255 3741 1
145424.647099035 3154 1
145620.416309711 1541 1
145927.530446443 3508 1
146547.839011393 1760 1
146778.170434124 3343 1
146846.845766513 1930 1
147036.821177218 3425 1
147555.001062437 3303 1
147590.039848537 1855 1
149840.183737248 2178 1
150359.104662530 2863 1
151457.379378561 1351 1
151556.975813387 3896 1
151859.543416187 1735 1
152185.549459052 3349 1
152194.840311654 2475 1
152735.146189447 1183 1
153520.253784948 1662 1
154216.140310289 2433 1
155138.896885854 875 1
156109.318754165 2231 1
156238.087668649 1401 1
156280.959758691 1374 1
156308.569143392 1222 1
157049.869402556 1464 1
157060.377231488 3639 1
157600.759623170 2364 1
157602.365809129 710 1
157659.123218353 4029 1
158309.990677396 2599 1
159127.568441997 1355 1
159807.642368412 1974 1
160087.440320345 3341 1
160190.939444269 713 1
160700.800672031 3789 1
161069.353081088 3374 1
161677.106744294 937 1
162019.585021782 2405 1
162137.467482647 1722 1
162663.884981526 2969 1
163412.729052200 997 1
163520.966162507 2927 1
163845.997005816 3149 1
164421.224957549 588 1
164643.902629658 851 1
165157.290153113 3066 1
165171.125184051 958 1
165198.818381347 1174 1
165241.364395253 3704 1
165412.275676927 2958 1
165765.718492562 3978 1
167057.919708153 2165 1
167253.907606287 1686 1
167359.621600547 1518 1
167748.922226995 3216 1
168022.899962375 1376 1
168561.089963862 3867 1
168661.534521636 2513 1
170024.913612315 580 1
170115.396407255 2942 1
171199.116265478 2086 1
171211.117710978 1218 1
171636.333866018 3594 1
172206.292990227 2336 1
173047.803640376 1063 1
173398.658671816 1580 1
173445.536228962 1841 1
173751.248559920 3994 1
174024.950281237 3725 1
174512.379435526 3530 1
175123.106006019 1431 1
175855.344994268 1244 1
176344.646180263 1222 1
176583.487656897 1095 1
176837.428705447 1064 1
176859.957703424 3820 1
177066.020774070 3848 1
177186.521681530 3138 1
178457.097680683 1526 1
179130.150125895 2035 1
182070.046865095 814 1
183162.219037522 1729 1
184065.318347161 1699 1
184196.254975288 1980 1
185063.445510270 3449 1
185197.951195026 2604 1
185451.008652478 1363 1
185559.446524511 3594 1
186185.990983193 3147 1
187256.628795109 2284 1
187502.742314494 3044 1
188155.417714443 1422 1
188564.621189962 1122 1
188654.910560371 3625 1
188840.460181446 911 1
189978.845333846 2787 1
190574.537018664 3588 1
190665.310997279 2661 1
190750.100201815 3767 1
190765.929361415 2792 1
190896.283849514 2299 1
191341.426206032 3901 1
191414.584997292 582 1
191778.488983134 2084 1
191940.669205842 3520 1
192059.514427141 2460 1
192740.618316500 4028 1
192904.645196680 4032 1
193179.905337520 1373 1
193956.372081601 3806 1
195256.205924456 2771 1
195325.974002529 2567 1
196626.695254206 3052 1
197386.971650138 2724 1
197412.894136663 3090 1
197650.597072953 2598 1
198004.876006889 1162 1
198116.207068998 3202 1
198123.722959946 2447 1
198363.433721607 4050 1
198968.012691263 1019 1
199506.753949606 3689 1
199947.228717278 3932 1
199979.347233497 2429 1
200243.194859611 632 1
200715.399070163 3281 1
201213.148071532 3499 1
201593.083797929 3612 1
202581.846062372 723 1
202666.765763736 3569 1
202712.634630294 1729 1
203549.706678660 3211 1
205465.409851755 3008 1
206504.602644722 2926 1
206507.511977885 2858 1
207916.520740666 2635 1
208332.250600806 3501 1
208944.578388119 2105 1
209196.352208240 1778 1
209660.676479267 1716 1
209698.669756285 1123 1
210499.168551078 1148 1
211213.785050004 3063 1
211761.133299688 3235 1
212993.282036550 3405 1
213239.355246516 3041 1
213591.877587585 3763 1
213598.201225664 937 1
214283.395293656 1677 1
214334.222855025 1234 1
214386.865780038 2973 1
214403.689607112 675 1
214888.694962239 649 1
216103.444258040 1188 1
216117.575918972 1531 1
216166.700090496 3106 1
217054.863470699 988 1
217128.204370001 3342 1
217221.062769253 1966 1
217353.268280055 2488 1
217658.466170243 3523 1
218458.516529359 3871 1
218559.088647970 1352 1
219333.040896062 556 1
219573.328476446 911 1
220180.816908976 821 1
220645.893465134 1224 1
220665.786938145 947 1
220702.043892865 2245 1
221085.116187265 934 1
221213.948125552 3542 1
221892.063324077 1438 1
222596.283306138 1719 1
222637.885400563 1397 1
222719.001367156 2232 1
223415.513927450 2151 1
223735.552822763 1736 1
223752.465170550 1022 1
225110.938506114 834 1
225320.587606246 3902 1
225628.268504212 951 1
225727.372206894 2979 1
226207.140626498 724 1
226567.821481111 1949 1
228956.996957331 2031 1
229422.700563171 3653 1
230599.180441706 1950 1
230604.094437440 2410 1
231300.013565075 3832 1
231937.549133801 2827 1
231984.978128247 1706 1
232614.782246369 3605 1
232650.075550376 2368 1
232877.783848894 1751 1
233335.785493374 3359 1
233464.637246621 1417 1
233491.894965391 3202 1
233609.600813141 3337 1
234164.987788707 3721 1
234197.597778597 1194 1
234906.804077622 3417 1
235315.111707872 3750 1
235401.937992543 3677 1
235429.173775178 1817 1
235619.982128801 1735 1
236068.600808616 3687 1
237718.816374877 784 1
237920.912177550 1246 1
238674.429197596 2751 1
238954.556368641 852 1
239407.562022861 1565 1
239434.572708273 809 1
239557.635316758 1180 1
240616.400659770 2030 1
240746.327731423 3512 1
241413.192921167 3074 1
241931.878041000 1543 1
242045.451780970 1812 1
242317.785398401 1689 1
242430.499124283 3711 1
242449.162842200 3277 1
242533.457313151 1089 1
243673.166532341 2826 1
243792.930430835 1064 1
243882.259085286 3419 1
244649.798690916 1203 1
245045.223532136 1374 1
245159.619956908 1387 1
245654.690676515 2915 1
246170.215821136 2407 1
246299.117927047 1654 1
246618.114565506 3858 1
246715.813516298 1087 1
247550.761785796 3327 1
247748.464790713 2627 1
248030.245125620 3973 1
248034.425092712 1593 1
248198.737156770 3561 1
248477.038145256 1110 1
248686.116484816 917 1
250100.387870828 779 1
250217.648719539 2899 1
251078.842338515 3182 1
251079.215240355 936 1
251772.546490537 2899 1
251783.034976829 1036 1
252558.000276102 3446 1
252823.621297526 3071 1
253147.574447103 2675 1
253291.066864296 3025 1
253595.806547978 1263 1
253634.458464781 1881 1
254167.408353588 909 1
254220.195737949 1382 1
254416.507429607 2619 1
255078.279894541 2683 1
255655.530311895 1027 1
255811.462934824 1471 1
257002.561188320 4023 1
257425.226328378 3047 1
257676.963983999 3282 1
257753.547257477 3501 1
258230.297398923 1313 1
258318.293410178 3849 1
258340.570004137 3371 1
258672.918690414 3764 1
259057.694869527 2423 1
259167.612912068 3918 1
259577.981398444 3735 1
260485.651850978 3910 1
260511.210878121 769 1
260808.092892769 2759 1
260828.287346552 3310 1
260981.973304101 618 1
261125.285567686 2655 1
261376.961818805 904 1
261945.231562879 2388 1
262643.197907873 2533 1
262806.557119859 1687 1
263105.349589203 1312 1
263130.073762222 3006 1
263271.297166446 1623 1
263356.209327919 1969 1
263387.233275440 801 1
264569.355694681 3008 1
264806.689744711 4094 1
264999.345958819 3443 1
265936.364486320 2419 1
267325.068845845 3008 1
267546.963595217 1473 1
267634.964892800 3044 1
268259.613053277 3539 1
268462.369292032 2827 1
268762.734169645 821 1
268883.754357079 2895 1
269744.678849229 2253 1
269873.479485587 517 1
270077.392082130 2302 1
270383.402619704 3397 1
270915.022380072 530 1
271343.828449705 1984 1
271643.638258873 1588 1
272382.940964787 2324 1
272863.725098485 3899 1
273346.681751524 875 1
274925.561729367 3874 1
275501.348279530 595 1
275597.183741168 948 1
275672.622523012 1642 1
276061.472157494 2568 1
276382.167619072 832 1
276753.846661891 2424 1
277048.308234295 2255 1
277530.764359679 2558 1
277862.195350177 2853 1
277936.007837226 3905 1
278537.388449832 3672 1
278563.194849754 3387 1
279046.215335446 2138 1
279851.666874083 2499 1
279948.414192070 1237 1
279953.188517371 2583 1
280708.362544231 2780 1
281632.969171727 2122 1
282176.228527462 964 1
282241.083769295 3366 1
282903.961960468 3123 1
283118.250412406 2662 1
283179.040515544 987 1
283287.323749200 1095 1
284258.966287318 3792 1
284434.851288447 1635 1
284733.188140285 2477 1
284968.641600047 3653 1
285817.716153467 3583 1
286189.428569169 3242 1
286215.546246216 2978 1
286245.030057966 1787 1
286612.690457954 3075 1
286687.323039535 1547 1
286739.322654847 2614 1
286784.214352482 729 1
286859.318233069 3395 1
287453.669189726 2003 1
287516.877005309 3124 1
288148.919919668 3333 1
288780.140264647 2775 1
290499.548355546 673 1
290759.351814323 602 1
291282.056756517 3874 1
291860.126562506 4046 1
292058.981665911 2001 1
293392.657132561 3327 1
295147.442437208 2543 1
295528.760182461 1277 1
295688.455553481 2396 1
296099.742855884 2211 1
297015.986353828 544 1
297419.471597575 3660 1
297508.911478932 888 1
298088.230849740 3183 1
298137.087592252 1828 1
298610.956674555 1780 1
298719.103052026 3116 1
299287.413955648 2991 1
299399.209500266 669 1
299679.839658737 1294 1
300068.903715745 2949 1
300480.834195529 2675 1
300578.573851712 3764 1
300604.810482072 1150 1
300625.060055698 1231 1
301897.808073098 838 1
301942.523775025 3228 1
302530.440045347 2307 1
303309.042101475 3498 1
303440.502069640 2064 1
303636.563528344 3375 1
304715.392618030 3970 1
305124.817552748 3184 1
305184.553081062 1781 1
305424.755582252 2431 1
305539.511366355 2068 1
306456.897445764 1232 1
307493.142609513 2507 1
307557.960681779 1947 1
307931.968205687 3524 1
308291.581159332 824 1
308805.394572176 1695 1
309879.959636184 1541 1
310161.757160033 3213 1
310603.125319680 3262 1
310736.314929166 1118 1
310838.155393354 2766 1
311617.309011554 1922 1
311688.187420355 3029 1
312002.448753736 2028 1
312262.746289691 3116 1
312679.415227037 1680 1
312694.854038439 4047 1
313321.699530091 3435 1
314053.579530332 3420 1
314603.646090096 2041 1
315395.451633118 2246 1
316312.432450261 2879 1
316852.353943443 791 1
317778.917225876 935 1
318255.673047602 698 1
318412.405247459 1894 1
319167.169579861 2754 1
319425.818353689 1706 1
319486.070293915 1386 1
319848.322556045 2399 1
320949.304946282 570 1
321242.755610980 1046 1
321894.317219266 1288 1
322159.880965662 2582 1
322330.056112817 3117 1
322339.368134809 798 1
323133.280900168 1317 1
323267.454726117 2164 1
323622.702254975 2711 1
323761.552924177 2603 1
324060.753170010 1602 1
324367.316320218 1184 1
324583.910070316 1561 1
325807.419045011 2509 1
327063.136567790 1306 1
327117.119178109 1618 1
327159.712087552 2164 1
328992.757910525 2006 1
329137.774156599 3861 1
329311.360145227 1245 1
331650.881206562 1609 1
331698.742189211 1629 1
332441.905126398 3267 1
333425.436191880 1955 1
333629.052158775 528 1
333745.306136827 3961 1
334010.216296050 1977 1
335025.579287404 640 1
335429.508255911 2412 1
335490.055018166 1263 1
335532.166024342 1753 1
335920.523155817 2742 1
336243.827977049 3957 1
336742.106235784 1734 1
336839.477178503 685 1
336901.617511825 2660 1
336913.204086359 1035 1
338003.277698877 956 1
338393.651629346 885 1
340335.777021813 3423 1
341007.947192908 654 1
341353.675888940 1045 1
341382.591867475 3134 1
341584.289436133 983 1
341656.479408831 2590 1
342049.913052206 2986 1
342133.057037598 2446 1
342968.495623552 2377 1
343601.441275754 1621 1
343654.957385663 1814 1
344490.057238824 1740 1
344715.509483718 3960 1
345105.476964880 1955 1
345755.762925609 1183 1
346688.361437179 2639 1
347507.102298924 3603 1
347717.933223565 3672 1
347930.156288984 3837 1
348648.930447404 3533 1
349656.965441870 1428 1
350735.334742571 550 1
350996.937484674 2375 1
351585.882254280 2655 1
351834.124785185 3234 1
352074.797043535 2448 1
352439.569119680 3783 1
352447.008666825 1253 1
352597.829664806 1329 1
353810.779247879 1626 1
355119.292880603 3792 1
355882.821391545 825 1
355957.988347646 2367 1
356391.880729288 2184 1
358921.031545641 1023 1
359165.572693492 696 1
359463.978294059 3283 1
360046.761224888 2023 1
360156.910555606 741 1
360498.759630191 1221 1
360528.181753943 3834 1
361074.320384381 1721 1
362037.151994177 836 1
362273.479118267 3767 1
363168.712639717 2756 1
363178.582999821 3760 1
363552.922205371 1786 1
363698.955734202 2588 1
364552.994385835 689 1
364600.289537908 3869 1
365096.841435916 580 1
366306.570103020 2073 1
367048.108395232 1228 1
367070.478501372 1112 1
367610.152422955 968 1
367808.438980993 558 1
368405.965167107 2327 1
368484.773931473 2109 1
368643.775054134 1732 1
368753.425132368 2530 1
369049.237389276 3308 1
369075.766440640 1390 1
369290.797084917 4085 1
369601.164690430 1526 1
370407.095569338 2814 1
370463.215331711 2310 1
370660.151178873 2115 1
371151.893110349 3697 1
371259.793784462 2455 1
372147.662085624 2846 1
372260.820412182 535 1
372491.806655588 3775 1
372589.509931931 1782 1
373404.986580442 711 1
373909.229384801 3406 1
373924.577273332 2598 1
374099.212141048 3717 1
374407.825412414 2363 1
374529.174945015 3092 1
375120.432020410 586 1
375844.389652504 964 1
376761.114714868 2683 1
377166.677757481 1327 1
377291.065880148 2952 1
377642.751146238 2591 1
377915.477488556 1154 1
378218.058550687 2733 1
378377.956780635 2592 1
380259.879762326 1348 1
380284.875540707 666 1
381109.460473563 3592 1
381457.778765690 1467 1
382075.156741593 2737 1
382742.549269012 1168 1
383918.493446078 3016 1
384092.329220763 827 1
384353.736515396 954 1
385584.255042813 3753 1
385712.411591911 3147 1
387188.889974215 2336 1
387288.494150980 1356 1
387383.350911377 2564 1
387541.710171593 4044 1
387553.670578903 873 1
387839.950083971 2217 1
387992.527475354 1937 1
388166.831125101 3402 1
388500.953466082 1522 1
388993.709926054 3060 1
389021.725080592 2715 1
389458.953377061 1582 1
389504.772931759 2675 1
389610.022261902 2999 1
389908.986511591 1608 1
391261.845419831 768 1
391419.330383223 3165 1
391558.960107510 1039 1
391627.410886720 554 1
392222.581870596 2111 1
393301.476841074 2304 1
393924.968716990 1887 1
394013.015392454 1040 1
394448.436542357 3224 1
394499.246951097 2940 1
394860.604410756 2495 1
394887.242043882 2562 1
395990.619458253 2277 1
396038.128146268 3044 1
396276.270769566 3063 1
396745.925566632 1035 1
396747.474340305 1261 1
397690.439592445 3702 1
398438.892005467 3835 1
399065.292662820 2900 1
399163.120719106 2802 1
399959.277348753 1685 1
399986.899059372 3462 1
400010.414143674 2537 1
401230.675635909 2718 1
401512.060395585 611 1
401667.124327218 2836 1
402191.870837507 3683 1
403897.749700499 2892 1
404974.825772959 3111 1
405119.733221461 772 1
405495.763978754 2519 1
405662.953317332 830 1
407153.224681056 909 1
407812.132333262 3372 1
407906.524743951 2199 1
408626.786505950 840 1
408930.566813485 3741 1
409955.738981455 3330 1
410201.185682085 2471 1
410464.268008047 2632 1
411567.852383158 1809 1
411918.339926736 1231 1
412181.128584644 1676 1
412342.207112242 3560 1
412934.152683629 3042 1
413029.092061595 1018 1
413374.512813083 956 1
414025.427468849 3458 1
414091.334088046 2002 1
414092.920065684 1614 1
414303.605686794 1748 1
415697.626696939 1695 1
416698.717082347 3462 1
417238.443094607 1279 1
417585.350138081 2187 1
417745.493037564 1527 1
418055.056803133 3841 1
418306.150176687 1340 1
419221.013658632 1571 1
419497.373830440 1918 1
419934.438721065 2911 1
420528.254511941 2476 1
420550.285529712 2853 1
420766.132516336 3745 1
421305.892490276 1810 1
421909.056659498 1874 1
422137.921604676 3460 1
422183.904983273 1871 1
422882.076076153 2205 1
422889.970196038 1714 1
423135.216760299 3230 1
423320.288742955 1720 1
423437.123127733 608 1
424136.727944678 2519 1
425223.670310508 1097 1
425632.125387697 1128 1
425870.180769410 1477 1
426853.906501588 1229 1
426949.013027614 2876 1
427452.009714549 4087 1
428059.051006995 2852 1
428238.027709447 2309 1
428868.976833884 1380 1
430307.559547778 2585 1
431053.962075226 2915 1
431622.181077525 721 1
432398.199751321 4043 1
432466.457666317 553 1
432509.533042991 1884 1
433018.363765927 2185 1
433731.524694292 1198 1
433749.834677464 2876 1
434636.455535319 3146 1
434946.464315604 2788 1
435694.773809412 2060 1
435889.394249873 1377 1
436522.947085804 2020 1
436948.685405268 2456 1
437237.303532709 823 1
437757.683136045 3104 1
438288.789205726 3154 1
438455.283519661 2429 1
438607.337633290 2693 1
438892.113974074 2275 1
439541.573365328 2768 1
439798.925782948 2602 1
440049.278046933 3928 1
440422.060416843 3684 1
440628.406951121 969 1
440836.323897726 1773 1
440842.086260552 3624 1
441444.920503367 2938 1
441797.686047481 546 1
442119.358870658 3297 1
442282.057828875 1266 1
442883.339465427 3996 1
443234.144493808 3534 1
443282.416795650 2852 1
445529.676807023 2104 1
445566.440839693 3535 1
445789.894957284 1404 1
446139.201529156 4022 1
446523.095034921 1834 1
446860.881865529 3525 1
447119.246862665 3564 1
447395.716467932 1094 1
447694.148110713 537 1
447832.165995223 1055 1
448750.214339196 2926 1
449084.483090435 1907 1
449781.250902841 3780 1
450230.245680802 3303 1
450822.808852344 3462 1
451060.733980914 932 1
451171.326103481 1475 1
451669.551777555 1533 1
452649.260290367 1375 1
454076.714490902 3491 1
454158.868984753 2200 1
454551.156396606 1846 1
454805.274432681 549 1
456614.564175604 4000 1
456757.126542411 3647 1
458284.921085073 3706 1
459101.971431966 2144 1
459412.118450517 2156 1
459812.670167197 866 1
460898.190554153 3586 1
462259.801509716 3882 1
463214.130885452 2750 1
463498.820589919 3789 1
463535.348955689 2037 1
463883.428246314 1901 1
465356.518444813 3207 1
465985.544041671 1299 1
466313.339341375 3462 1
466616.844526597 2697 1
466653.000123794 2388 1
467132.203131105 2205 1
467393.611509851 4080 1
467569.646147977 924 1
467617.259231040 2064 1
467795.317101727 3132 1
468332.268115509 644 1
468648.279805471 581 1
469117.204814962 4068 1
469260.449867806 1513 1
469492.694620243 1024 1
469787.679764033 1853 1
469907.921125299 1161 1
470394.392162234 1901 1
470665.103280827 3180 1
470714.923835228 1067 1
470753.686493686 1054 1
471003.491393071 3196 1
471304.953708035 3785 1
471415.215199594 1783 1
471520.254728326 1132 1
471576.296810018 1644 1
471768.261360423 4089 1
471791.192638006 2135 1
472258.442362794 1730 1
472564.363509788 629 1
472675.483605621 3105 1
473246.571457510 3699 1
473541.261764218 1445 1
473711.602580777 1844 1
476161.482784950 2392 1
476248.221370481 1891 1
476488.051498602 3986 1
476572.043828772 3092 1
477258.574131270 3712 1
477358.557349486 3570 1
477392.644397994 1152 1
477643.976258110 3182 1
478286.059175921 1613 1
479267.229378177 1476 1
479797.217210176 3314 1
480042.365173758 1392 1
480047.953741745 1347 1
481034.834658093 1388 1
481577.781634084 1920 1
481850.549110314 2554 1
481850.849230358 793 1
482256.365616000 4022 1
482806.396644180 2801 1
482943.197163051 1427 1
483964.743981590 4010 1
484189.573828720 2758 1
484449.902326920 2013 1
484456.654650827 2110 1
484477.794452462 1889 1
484797.492677078 1755 1
484923.865279168 2245 1
485731.622568222 1676 1
486178.390601102 3990 1
486197.405420303 639 1
486750.836172214 848 1
487076.484478268 1411 1
487181.201954998 1749 1
487510.159144842 1035 1
487529.743976863 4021 1
487746.955598363 2681 1
488050.177305135 2791 1
488117.088654593 3713 1
488432.024571577 2176 1
488549.158378230 944 1
488606.319656611 890 1
488914.825278481 1817 1
489274.388946291 1690 1
489707.403771516 2943 1
490448.265163491 2658 1
490595.788387332 1458 1
491264.664104657 2304 1
491365.399619701 2263 1
492025.098170943 3526 1
492839.156375425 3891 1
492890.938900900 3690 1
493445.125147230 1968 1
494347.821240125 3817 1
494462.278212635 3771 1
494776.775180565 1946 1
495139.778071430 1359 1
495549.707390871 2516 1
495580.336945581 3850 1
496339.094203635 548 1
497710.827178873 2256 1
497745.546005690 2020 1
498831.988577820 3373 1
499295.584707098 3764 1
501470.009063086 522 1
501723.026520212 1239 1
502100.855321277 612 1
502596.333623202 1022 1
503507.261326896 3215 1
504326.892399891 1529 1
504956.700125995 714 1
506067.757572738 1585 1
506650.614204748 1598 1
507389.742021011 1412 1
507431.958604523 3436 1
508612.068150889 1977 1
509005.387758140 4091 1
509136.348207802 538 1
509591.061398963 2957 1
509829.120735276 3266 1
509881.624548245 3096 1
509957.864076494 4000 1
510652.869753911 1539 1
510840.494523186 3005 1
510955.144412240 851 1
511926.917944635 1750 1
512738.628527871 1951 1
513212.304329948 3327 1
513357.243319209 854 1
513634.578539778 1029 1
513697.843766456 1411 1
514023.866922861 1358 1
514565.045739322 1651 1
516474.738666033 861 1
516993.135194096 835 1
517148.696308246 2275 1
518064.861021844 2341 1
518362.454569533 3688 1
518429.146725360 2125 1
518909.761175433 989 1
520353.343011937 2290 1
521160.780640101 2713 1
521773.353212932 985 1
521906.004965594 2048 1
521907.606775470 3320 1
521988.629644112 1749 1
522491.116471023 2062 1
522528.120779232 3535 1
522702.282073302 1414 1
524107.422131984 1697 1
524698.619529515 2908 1
525028.939477727 3945 1
525478.105953191 732 1
525520.259054792 2518 1
525794.507925746 1741 1
526032.755265038 1220 1
526162.469725720 1096 1
527591.005276013 2816 1
527820.382307674 2962 1
528560.115712203 1709 1
529715.140519734 2850 1
529763.092533462 3521 1
530434.479023437 2956 1
531182.668396392 1994 1
531264.640207368 1474 1
531397.814440646 3905 1
533222.129995026 2651 1
534588.478827679 2659 1
535269.257770306 3330 1
535390.355182072 2730 1
535706.475116701 2998 1
536181.757889948 3307 1
536299.577248810 2494 1
536357.663087515 1830 1
536589.333906226 1354 1
537016.853011888 2131 1
537102.700121001 3760 1
537774.451496231 2583 1
538145.947864748 2626 1
538511.649679221 3930 1
538955.353351683 534 1
539143.179129913 685 1
540397.766732195 4004 1
540791.844223424 3467 1
540986.462591182 2509 1
541419.665243995 3122 1
541456.890553753 3404 1
541559.827983156 2171 1
541569.025283069 1744 1
542325.291906124 4040 1
542924.207811777 519 1
545797.984334040 1708 1
545949.012639664 3758 1
546003.478615267 3650 1
546224.268082469 3868 1
546604.503204671 2402 1
548887.129353957 1605 1
549078.604602949 2768 1
549215.290686233 3836 1
549221.084248752 2116 1
549406.430092082 1111 1
550528.516498623 2001 1
550766.545820319 2370 1
552665.775749746 2796 1
552823.884245671 1145 1
553063.617480206 2561 1
553359.313473436 3918 1
553540.974183898 2442 1
553864.609020112 3892 1
554047.918844268 3452 1
554097.914237397 3157 1
554374.259386947 538 1
554760.197432263 983 1
554798.238038972 971 1
555086.927558178 1986 1
555225.730704862 872 1
555492.768066564 2968 1
556129.070875714 2201 1
