4 9.672949706 0.145785570 0.279898924 780613 23
599173.640426926 159.143354343 0.000016010 0.000009530 149.647765554 0.250000000 0.750000000
8
1 0.343273092 1.309261554 0.193064965 0.948010049 4.947968494 1.218165850
2 0.618750066 2.618523107 0.347999779 1.226048430 6.399139977 1.575437233
8 2.010324895 10.474092429 1.130654617 2.050675745 10.703134410 2.635059792
16 3.623612483 20.948184858 2.038005994 -1.000000000 13.842217340 3.407886788
32 6.531564854 41.896369716 -1.000000000 3.429938744 17.901950358 4.407373371
64 11.773151692 83.792739433 6.621501010 -1.000000000 23.152347543 5.699995699
512 68.947611956 670.341915462 38.777779658 9.595444598 50.081702820 12.329872388
1024 124.278134342 1340.683830923 69.896983712 12.409657256 64.769981263 15.946055317
1896
0.000000000 4055 1
1796.368028534 3488 1
9323.311458678 2212 1
25539.989222453 2508 1
27677.377147406 2768 1
31137.508562306 4022 1
39882.468853137 1418 1
72640.688862959 978 1
77929.267071785 2087 1
83976.503702374 1768 1
84817.354488952 1858 1
104657.551965538 1937 1
137565.296491811 2358 1
141852.179221341 3724 1
144090.550336241 2565 1
165812.497212306 3563 1
173794.705101138 1604 1
175295.874214180 714 1
177872.604342446 1114 1
187283.337915326 2676 1
190819.713853921 3542 1
223976.975552731 1565 1
229450.377432597 2783 1
235995.649116306 719 1
239508.733008175 3563 1
245140.369315529 2028 1
246578.840212342 2120 1
264952.940762503 2624 1
269184.390964927 2574 1
278453.373894309 1658 1
306427.011266538 2239 1
307427.838491390 3680 1
317330.014201290 1519 1
324073.623939612 2436 1
327111.415019430 2155 1
341254.033471472 2258 1
341686.059975678 2684 1
343822.302910657 521 1
371004.620861120 2376 1
398330.668158845 1146 1
419887.411186183 2120 1
440760.829137523 3646 1
442697.494560895 751 1
450252.050516527 2895 1
452940.707079084 3012 1
459888.501949318 2825 1
463982.278556535 1782 1
476405.272141780 625 1
479396.475806172 2717 1
480123.270208012 1645 1
497464.353800872 3580 1
521286.967070236 2977 1
521414.295898634 1955 1
523418.932631955 2821 1
546308.324414783 1684 1
568688.459841848 3364 1
571438.432823084 3260 1
583871.137736695 1023 1
602380.224090444 861 1
612983.847917940 3964 1
622805.996302094 1978 1
647996.657710897 1180 1
657027.664775572 2612 1
665227.250165719 853 1
671708.612955324 3981 1
677538.259248395 1840 1
702720.654617528 1546 1
704609.585950313 2386 1
709301.586237001 2063 1
713401.594937473 738 1
717566.199329500 931 1
728092.519093331 1140 1
729416.608174168 1237 1
761886.226173291 3433 1
790013.877718789 2218 1
812882.692451358 2947 1
835299.308431649 3043 1
839784.691795855 1380 1
844686.792836913 3729 1
856213.198857418 2260 1
874214.957509341 1347 1
882930.254416103 3773 1
899768.901125896 3386 1
903414.656685752 1888 1
905582.404255395 4044 1
907392.873722470 1664 1
920445.962545442 1792 1
947287.110823191 3968 1
947917.544076570 3631 1
975889.802738201 1480 1
986927.777056675 1305 1
989518.261945455 2980 1
1034689.330649780 2234 1
1041147.573791409 1340 1
1053402.756197975 3117 1
1075669.892719352 2280 1
1080159.143077023 3814 1
1106179.351867323 3388 1
1115194.332598225 3108 1
1118686.301097719 4065 1
1132790.796511367 2237 1
1140851.911723662 2932 1
1140973.510696375 660 1
1168587.343013336 3383 1
1189702.361272164 1918 1
1204352.754180577 2508 1
1209105.894978252 2603 1
1214460.620127592 3561 1
1216155.605685411 2401 1
1217916.216917682 513 1
1218834.153658448 1143 1
1227277.875442700 2412 1
1227729.476094224 1415 1
1236996.272493137 2374 1
1255511.271503094 2174 1
1259398.664722888 3313 1
1269091.379084256 1782 1
1279805.901515278 1182 1
1280627.629770961 1392 1
1289609.704133692 2828 1
1309026.025948578 3330 1
1309790.797227695 3710 1
1329035.556283470 1511 1
1350349.798253769 2908 1
1371758.565709882 3047 1
1373269.795955702 3236 1
1384977.915321811 2367 1
1393062.300565397 2435 1
1396790.883149948 1257 1
1403733.249957216 569 1
1407155.393810955 1162 1
1408948.412715475 2673 1
1408967.746678017 3408 1
1409045.676150979 1209 1
1429334.061774350 3109 1
1440413.115318373 2131 1
1491868.982276311 2809 1
1495088.860743179 2964 1
1498823.567766780 1587 1
1498840.680618580 2017 1
1503642.596149438 3558 1
1511486.539017384 3253 1
1522039.002430316 2256 1
1532641.829266479 1262 1
1541384.887787322 1161 1
1567641.933477445 2975 1
1577780.238496340 3735 1
1579093.886894182 2327 1
1584849.208893572 740 1
1588445.100298025 1939 1
1609637.524958135 657 1
1632011.292399754 3337 1
1632822.658239915 1630 1
1648202.080962548 592 1
1657039.383661728 2710 1
1661825.937212575 2268 1
1664671.041039390 2760 1
1682296.541174294 1764 1
1685351.173383084 2465 1
1697067.799060429 2123 1
1701143.071074422 3777 1
1713774.596501573 1029 1
1774232.890631784 2600 1
1782979.793388247 1848 1
1783691.407433543 3362 1
1801854.180347396 2009 1
1802371.442262927 2030 1
1825700.990553412 3220 1
1827287.868613877 2405 1
1835999.831832620 621 1
1861515.643119627 814 1
1872040.276524112 2138 1
1884688.367244462 2421 1
1888437.417748995 1641 1
1901944.338895587 1927 1
1904795.700540644 1554 1
1907821.603179941 1804 1
1921272.828957355 1625 1
1921555.669482181 3056 1
1932790.542202342 2944 1
1934905.326858901 1810 1
1942207.028826992 3216 1
1942849.189366755 1500 1
1949910.646131020 3835 1
1979353.005123704 3693 1
1983630.972895393 1397 1
1998118.866299109 2361 1
2013086.093872532 1197 1
2015346.236787008 3707 1
2017121.538737094 676 1
2044081.518722222 1789 1
2049750.710077148 765 1
2070312.284568409 905 1
2096352.539083988 3227 1
2097755.850983036 1837 1
2105351.839769189 2762 1
2112391.025297448 1236 1
2127841.594578017 3566 1
2137349.032854975 2318 1
2141428.165946305 1132 1
2149551.885525459 3022 1
2151783.641381190 549 1
2170529.906854630 1218 1
2184644.655944098 3897 1
2203682.629872780 1697 1
2207079.334266672 3462 1
2209569.257340226 1560 1
2209897.954482447 1813 1
2215347.687027567 2787 1
2215451.180987394 3459 1
2230795.291569827 1057 1
2241243.784907856 2696 1
2242902.180779005 522 1
2243459.390356239 2002 1
2250913.484393384 2834 1
2253327.646505708 2553 1
2253741.572100748 1224 1
2255236.556189430 2702 1
2255270.574485623 2708 1
2272484.659822524 3683 1
2276170.773451650 3786 1
2280245.615752145 1526 1
2293579.136564470 3631 1
2307549.343638621 1333 1
2335094.608810173 2604 1
2350814.032928208 3217 1
2362201.707301918 3333 1
2387008.145464884 3004 1
2406620.478525548 1460 1
2413707.097271289 2811 1
2417624.048989650 3674 1
2428539.726799505 3351 1
2442601.522450672 1037 1
2454973.343676468 2352 1
2458874.552905784 2942 1
2482087.637905539 3726 1
2482820.401093923 3543 1
2526901.555694402 1898 1
2529052.890728056 3402 1
2538155.148287837 1451 1
2538985.328146982 1187 1
2542085.044747062 2395 1
2542359.592002862 1254 1
2550287.357247743 1115 1
2560562.442418273 3133 1
2578123.095898138 2981 1
2578335.763374976 1827 1
2596878.650515138 1090 1
2614992.246549600 1440 1
2621892.758535428 3111 1
2633038.517554745 1475 1
2633783.614068180 2196 1
2636594.118663739 3359 1
2637664.738143469 1713 1
2644773.468203279 906 1
2652255.289997337 3880 1
2653194.673619182 1973 1
2668168.690003958 1498 1
2672213.271091228 2973 1
2686914.639391109 1014 1
2691876.156803443 2099 1
2693967.263517993 1222 1
2705064.728974615 1527 1
2705149.453760786 4040 1
2706478.707093324 3195 1
2709666.021282202 2715 1
2714478.433584104 2203 1
2719038.976626308 4004 1
2722399.869737296 663 1
2723978.102629534 3587 1
2725367.811790870 1566 1
2746602.437862130 1101 1
2748896.191664523 2492 1
2770916.183473313 2156 1
2776114.593253181 1629 1
2793679.807229046 2049 1
2821297.085813241 753 1
2855670.275599407 3824 1
2859517.662723887 1009 1
2877286.054482182 2928 1
2891458.497384832 2388 1
2903943.303734310 2475 1
2906478.078707280 934 1
2907588.131027231 1674 1
2916317.583801810 2457 1
2917911.786938692 3467 1
2934778.472098719 2797 1
2939615.110774309 655 1
2960007.970599997 3969 1
2972674.394725063 2293 1
2981374.427190051 2820 1
2983455.796778903 3141 1
2989844.006226196 2137 1
2992591.046213208 2800 1
3014587.379732377 3406 1
3039566.362550734 3081 1
3075516.800717113 1803 1
3078376.926159670 3585 1
3126589.623831165 3168 1
3127076.088341518 3319 1
3129003.454986687 2336 1
3129339.934875442 3008 1
3138785.405868515 3248 1
3139946.288510925 2588 1
3160179.144946543 1314 1
3175560.149173357 2579 1
3184827.660888227 1552 1
3197158.007096503 1388 1
3202271.699660577 2283 1
3204136.255366792 4048 1
3217797.908974238 2698 1
3223009.894784320 2843 1
3256240.606802063 1813 1
3258582.432001591 3978 1
3259943.063566601 2088 1
3275937.306406860 3232 1
3286803.586954552 3640 1
3299002.092058829 1744 1
3301003.525380176 3771 1
3309559.602214715 3004 1
3341362.904635134 1485 1
3348880.815720039 3947 1
3357134.036069050 917 1
3357658.200466258 3802 1
3384664.806441125 2588 1
3390139.406064621 3552 1
3408515.782235741 2777 1
3410140.159534679 3038 1
3443218.412738564 3579 1
3444775.034134294 1510 1
3445042.965416925 1975 1
3445807.169834631 2540 1
3451765.113849252 2722 1
3468497.340295661 1763 1
3479289.235872199 3254 1
3486416.526570383 1379 1
3548351.940334801 3898 1
3553772.134849159 1650 1
3604749.060278125 3170 1
3629654.078798307 3780 1
3630387.945040601 1316 1
3681988.021914123 766 1
3686703.133267911 1587 1
3703299.924159679 2878 1
3703993.838596240 3047 1
3706489.490269634 4020 1
3724523.247561237 3855 1
3725879.016127261 3330 1
3739271.402591322 2630 1
3741217.184563923 2928 1
3741594.777021798 1011 1
3744598.821121119 596 1
3762954.907863614 3664 1
3771064.763988629 2867 1
3774426.775964036 3367 1
3775857.735939289 1352 1
3796497.615104806 4085 1
3818950.299941723 1641 1
3832882.338663672 2374 1
3835436.252968539 2272 1
3856925.685442546 1972 1
3869259.234242325 2662 1
3892751.185702043 3953 1
3897685.802807424 3106 1
3920563.824378199 1067 1
3926222.526847436 2229 1
3926948.088288225 916 1
3935743.056575989 989 1
3942835.142509297 1448 1
3944919.144602621 2680 1
3952315.679055558 3777 1
3956691.229309350 3898 1
3959811.435954582 2364 1
3984941.905674831 1032 1
3998480.445819615 1072 1
4012303.905790899 876 1
4012656.337284094 1823 1
4033343.763932254 2318 1
4080653.659509031 1798 1
4086162.532770704 3139 1
4093715.647980846 1127 1
4093860.462032825 1112 1
4098283.574459550 2150 1
4123874.308071149 666 1
4127254.713858705 1617 1
4128499.625359845 1108 1
4137569.671670656 652 1
4151889.622618027 2772 1
4179790.658495724 2822 1
4202129.403582127 2339 1
4203971.609749618 3084 1
4207022.268978002 3801 1
4249380.747993432 2110 1
4257828.408819206 2131 1
4258309.357516352 815 1
4262609.338532832 799 1
4267370.136146273 1670 1
4276911.809673174 2437 1
4287272.128413967 1479 1
4291401.133082292 3012 1
4307658.339666517 2085 1
4309771.937871306 2377 1
4312398.902687805 2666 1
4325809.953578516 1724 1
4328755.349038261 3772 1
4340435.531528398 2433 1
4352631.022988029 901 1
4354682.322749702 3660 1
4362000.564462715 3930 1
4375359.712220135 1861 1
4377882.378100616 2090 1
4382029.556822036 1020 1
4386239.369492488 701 1
4394263.764133853 1366 1
4435379.656297885 3558 1
4454411.671048723 2780 1
4460893.845836360 2269 1
4467452.784137735 3597 1
4468749.570344131 3205 1
4473703.756122976 3923 1
4483052.500627143 3863 1
4492970.312394923 3910 1
4500605.498134380 2242 1
4513446.630279636 2503 1
4530892.879750381 1704 1
4589823.547892502 3893 1
4591316.306244525 1732 1
4591997.464798892 1447 1
4610570.104631254 2080 1
4611234.977017406 2731 1
4629628.680384626 2268 1
4635417.630370939 1947 1
4638077.433393010 2387 1
4654138.458253591 3795 1
4661192.935890581 2590 1
4686553.165599720 4060 1
4687065.494117884 3102 1
4695747.195795945 780 1
4704369.446033034 3658 1
4708725.631004590 2224 1
4718553.796313888 3414 1
4721532.848763322 4083 1
4737149.617316091 1868 1
4751715.348311772 2828 1
4760721.714785206 1782 1
4785473.138938290 841 1
4786496.584330496 733 1
4836661.023146285 3831 1
4854261.649213777 3346 1
4863527.839367082 1254 1
4870702.923657218 2258 1
4870849.564701439 2831 1
4872991.755781321 1237 1
4889372.142984062 3157 1
4894399.992050196 3069 1
4897880.637140372 2673 1
4908817.318163655 1927 1
4909852.453200590 1745 1
4912295.424238428 4008 1
4914513.635205426 2733 1
4937733.169223087 641 1
4948592.095500221 3239 1
4968833.427550439 3964 1
4974089.943676533 2640 1
4992620.357669692 882 1
5000141.446617939 3277 1
5008600.280923568 2807 1
5024654.133325700 3705 1
5040374.161701226 2578 1
5045064.198112190 2975 1
5047050.737022158 761 1
5047108.599123785 2351 1
5060121.619716545 1845 1
5088059.281311910 869 1
5093071.832257011 2429 1
5094878.068525191 2538 1
5096460.584452065 1587 1
5117413.972930892 798 1
5137985.317126262 3042 1
5143785.363969825 3987 1
5149946.668987751 1595 1
5158380.276476534 1486 1
5170339.930999796 1330 1
5178212.138997731 2190 1
5180762.225555894 2355 1
5183410.616000480 2797 1
5185596.579744660 2831 1
5191471.193400062 1766 1
5204667.878496810 3505 1
5207801.271451785 3912 1
5211484.968557343 4005 1
5213627.899719540 3621 1
5219908.182818117 598 1
5223999.519736202 3358 1
5233051.312286629 3097 1
5249304.376560276 3147 1
5251410.079244827 3560 1
5266000.896805274 1198 1
5267103.166213321 3376 1
5280870.688461743 2992 1
5284043.052750719 2987 1
5288308.423247348 2252 1
5291555.525011114 2794 1
5294143.312405530 1328 1
5300966.350495210 3010 1
5308325.210038772 1279 1
5329363.890676973 2936 1
5357132.494765729 3098 1
5388477.389346241 3010 1
5402613.777163729 3448 1
5404159.950598948 2104 1
5405949.281263525 2538 1
5408516.999890595 2782 1
5409578.875782076 3441 1
5419980.221933645 2690 1
5431998.029422097 1433 1
5443184.506918474 1824 1
5461248.494135320 2063 1
5469493.771963684 3011 1
5474180.641213358 2791 1
5515298.895935805 3426 1
5521602.293694412 1862 1
5529728.203505961 3688 1
5530502.987218191 2611 1
5553841.132109062 1465 1
5557144.716111464 1410 1
5568751.024121922 4030 1
5584780.700615217 2668 1
5597190.655355019 2300 1
5605785.415502746 2520 1
5614050.426682683 2152 1
5632415.607138013 2978 1
5681659.018720938 623 1
5682774.962229609 3010 1
5682915.679897952 713 1
5707478.189506883 4040 1
5717728.452763619 3562 1
5722496.353978509 1037 1
5728460.370663015 637 1
5754145.373692496 855 1
5766233.195103361 2575 1
5777434.025411138 3752 1
5778987.333813678 739 1
5792083.631334079 3296 1
5795902.949755507 1387 1
5801811.849681438 2544 1
5803794.022175225 2437 1
5804629.274204120 3966 1
5817096.287178488 1042 1
5817886.310481433 635 1
5876338.785483172 1858 1
5889800.321463482 1892 1
5899446.076173023 1887 1
5908052.857778877 4008 1
5911574.052736439 1347 1
5913887.543674005 2518 1
5913907.210069580 2920 1
5917663.980194174 4036 1
5926421.643243778 3997 1
5926689.584685916 1679 1
5949509.436012506 2529 1
5968346.171759209 2843 1
5980776.293393296 2330 1
5999205.202230732 2861 1
6005024.129886215 2190 1
6028205.553409560 1377 1
6049180.380625442 3423 1
6084846.476849605 1238 1
6088558.595959218 2766 1
6089040.201611863 3238 1
6094085.032003272 1418 1
6095701.789066684 3073 1
6098160.056409312 1150 1
6101371.192593197 2629 1
6111702.164773948 3217 1
6116936.397665982 2113 1
6121804.501342621 765 1
6127742.789574527 3365 1
6131441.402135919 3069 1
6132839.207333342 3873 1
6133095.686863791 1500 1
6152509.377238081 786 1
6154681.025225766 3491 1
6192606.579684768 816 1
6196147.381104359 3270 1
6218776.582831658 3746 1
6233554.592893234 1009 1
6235649.071105809 2376 1
6239044.146433119 3241 1
6243478.387880779 3553 1
6260018.504080528 697 1
6279895.472778834 1849 1
6302238.362802029 3692 1
6305720.974686097 2399 1
6346890.389475093 669 1
6349366.995042237 1750 1
6365351.959201007 1420 1
6374242.741635983 3475 1
6377621.021918501 4010 1
6379654.145013017 2998 1
6382737.951547020 3314 1
6387319.729171929 2966 1
6397328.354646740 2980 1
6426677.766610300 1582 1
6427613.010244929 4074 1
6455119.480627566 1421 1
6458252.974319014 3928 1
6495581.644466542 3852 1
6509522.250849967 1047 1
6511682.421681610 1689 1
6549495.040360621 3737 1
6552813.735839210 2730 1
6593275.375708231 2721 1
6612012.355693629 3458 1
6614660.628738842 3493 1
6615543.341115605 1915 1
6675572.474115194 2328 1
6676486.584326085 3552 1
6682353.047276482 1868 1
6697866.752331126 712 1
6699976.859279395 3863 1
6704760.669271364 3927 1
6707879.046540433 1700 1
6709348.064342767 2505 1
6711846.041256330 3380 1
6722816.266596678 539 1
6742799.883404910 3894 1
6755613.272285612 685 1
6767998.245408673 2414 1
6793871.833245981 2052 1
6818215.150268573 2837 1
6825830.088100434 1839 1
6851875.698549173 1632 1
6854497.851007129 3373 1
6884383.072662345 3741 1
6896261.974711126 3236 1
6899457.096389410 624 1
6953961.981252435 1611 1
6954585.501845479 749 1
6957712.039560453 2164 1
6958959.849765155 2377 1
6969594.904258789 2723 1
6972486.539211712 1925 1
6980504.764000379 3011 1
6989693.691960385 2459 1
6998106.677515851 861 1
6999529.661716308 738 1
7013150.693040869 964 1
7045212.833189863 3265 1
7049842.881459802 2639 1
7095337.216854304 1387 1
7097946.773396228 3695 1
7098325.953014135 784 1
7119760.581545099 2467 1
7123620.697057161 663 1
7140519.222319162 3779 1
7149278.797210135 3893 1
7150419.044931019 1749 1
7183588.151475986 1242 1
7184631.698665471 1451 1
7193603.437549107 631 1
7213393.358258475 2206 1
7218761.999486606 960 1
7229270.160891136 1922 1
7234996.260089747 2624 1
7244813.867599499 4078 1
7253439.885889200 3496 1
7265632.643069877 1136 1
7284113.571910413 3808 1
7289142.974581556 1889 1
7291256.259191202 3350 1
7292022.500369331 1250 1
7320210.415457549 3627 1
7322135.294149934 3548 1
7347649.969847753 2182 1
7364211.721257705 569 1
7370981.816822242 2800 1
7385010.736667552 2881 1
7391696.051483858 1284 1
7401505.779645955 1783 1
7407423.495786773 2078 1
7413833.890817856 2592 1
7419840.636138643 3828 1
7444624.358473180 2933 1
7445371.556397747 3496 1
7447764.298333422 2548 1
7457815.574829608 859 1
7482804.693225793 3803 1
7483683.854518386 2548 1
7500726.242016012 3218 1
7515532.546618881 1036 1
7516704.125101481 1933 1
7520282.882425148 3419 1
7545185.426883964 3828 1
7565826.088084667 4067 1
7568573.473045458 2244 1
7578422.935992534 1119 1
7610458.420966937 2071 1
7612715.840903449 2872 1
7613242.156006667 1410 1
7617570.311866010 648 1
7628920.222312357 1277 1
7631055.119357729 2729 1
7635245.407963286 3484 1
7636582.874062898 1029 1
7645527.313050123 2675 1
7670649.890955157 942 1
7676844.475699894 2674 1
7708532.167274024 3560 1
7708823.606668294 3679 1
7717242.811108055 2795 1
7737307.529971082 1593 1
7743284.072220553 2076 1
7745921.177500415 3054 1
7747945.746086848 3844 1
7748989.137894844 3050 1
7750113.367598806 1268 1
7755077.647889984 3238 1
7779741.864149398 1026 1
7784249.786152601 2818 1
7784895.429346282 1339 1
7799542.205398090 1442 1
7811735.911106084 2505 1
7820187.818662471 1901 1
7820424.398679143 1089 1
7841723.843708918 2476 1
7848704.794134532 1807 1
7854095.508900313 2366 1
7860391.975579944 3211 1
7876324.576658842 2466 1
7890752.023530706 2945 1
7894372.156198483 2294 1
7900073.407614674 1903 1
7919519.657598440 3405 1
7930082.158116027 3427 1
7935159.665442358 3108 1
7935226.594687968 524 1
7946054.537181479 3290 1
7957566.641100361 1790 1
7965000.587833161 3075 1
7974964.907390536 2548 1
7977076.502397384 693 1
7980288.761502692 3513 1
7993127.260713911 1421 1
8006496.174434530 1564 1
8019263.389238498 2417 1
8031087.520701609 2770 1
8041437.582780824 2017 1
8046086.025161052 3481 1
8061649.090938819 1121 1
8063973.137080402 2297 1
8089354.657613752 3474 1
8091211.858262795 870 1
8108351.587146939 3033 1
8133507.830343110 3332 1
8135284.889322000 2397 1
8141804.065431445 2741 1
8146560.695820081 2148 1
8176408.003684198 2441 1
8189198.892748205 779 1
8192835.524998924 929 1
8196262.562275813 2738 1
8240463.309407626 1313 1
8261123.879791078 2786 1
8275118.462122387 866 1
8279289.292329462 755 1
8303275.059238880 2977 1
8319565.217153949 2457 1
8333407.458411737 3126 1
8335362.564369443 3486 1
8335955.154867861 3457 1
8338558.633588620 3416 1
8339270.741131445 4087 1
8364540.363331434 1864 1
8380694.537651900 3436 1
8390804.799451225 2126 1
8430785.179691559 2569 1
8430936.392378464 2368 1
8446201.732578749 3734 1
8461940.933826763 1831 1
8493163.974154314 726 1
8509163.374127163 747 1
8514875.560399106 2770 1
8528246.014912862 817 1
8529128.956874356 3798 1
8533223.033330321 1050 1
8536248.068268856 3207 1
8544604.237838758 2905 1
8567131.822561879 1353 1
8569085.049376488 1192 1
8571845.038133929 2069 1
8575351.673940167 2429 1
8584573.377299512 2337 1
8585199.940617152 3491 1
8590675.282516589 4095 1
8603019.292851262 1435 1
8612022.208470812 526 1
8619131.404339660 1632 1
8622720.610456977 3457 1
8633658.693991840 691 1
8653582.545885127 1044 1
8663193.330986682 1818 1
8675632.553053718 3143 1
8695838.468864983 1241 1
8697606.691421578 3716 1
8716417.708433986 3761 1
8717264.042731740 1883 1
8722653.517767832 2723 1
8723599.171521302 1356 1
8727906.081317419 1578 1
8733846.138303114 1472 1
8740702.257536372 2037 1
8746562.938773805 2519 1
8748930.918056181 2814 1
8808626.806541977 2064 1
8810193.653503397 752 1
8826446.531058308 1515 1
8828559.785433723 2178 1
8836444.614052232 2260 1
8836814.614472421 587 1
8875809.439676046 1989 1
8881377.854313949 3427 1
8882262.820945660 2086 1
8890596.550730480 1914 1
8901679.106930949 3505 1
8918642.266974965 1983 1
8924009.731690092 3572 1
8924940.289652789 3355 1
8938947.806184284 1196 1
8942033.882013040 1716 1
8942357.455903592 1908 1
8944705.496830981 1693 1
8972639.947702359 2680 1
8982278.255871234 2007 1
8994942.705570277 1952 1
8997156.753922101 620 1
9012564.225687481 3114 1
9032370.426165791 3816 1
9040547.174038110 3854 1
9052497.297797354 3575 1
9071074.674907442 2377 1
9072505.095638957 2417 1
9081945.513546107 2558 1
9088551.948688572 1517 1
9095291.436068704 1980 1
9100052.632962666 821 1
9112141.158040250 1926 1
9112964.957062937 3665 1
9114376.213185687 710 1
9126108.341514584 778 1
9139200.071416788 3573 1
9140428.495691514 3071 1
9147633.856893113 3244 1
9151360.186068425 3417 1
9164792.645573193 2300 1
9171075.863253258 3307 1
9183850.780643597 753 1
9191029.977736937 602 1
9191187.435573600 2433 1
9192443.908587558 2650 1
9198176.147368511 2347 1
9214512.562555945 1276 1
9217572.699826857 1385 1
9229801.199582789 2610 1
9243667.785326373 668 1
9248483.089628978 3568 1
9250778.404732315 3233 1
9251168.043439403 3730 1
9253765.990108937 1132 1
9256251.504627464 1976 1
9269984.452337479 1213 1
9270060.837790227 2885 1
9271634.875817256 1822 1
9272033.847201400 2145 1
9272788.860449098 1481 1
9309351.874066148 2402 1
9322823.623516893 3921 1
9331942.683625732 2089 1
9340848.278565612 2334 1
9368527.994219894 3536 1
9375197.320468519 2985 1
9380879.409958886 635 1
9383305.284222933 791 1
9384130.578979848 1458 1
9387366.342659855 3607 1
9391947.928324830 2320 1
9394032.078365615 1518 1
9394510.720096471 2741 1
9408596.888439476 2656 1
9410563.553739510 1758 1
9447358.158840973 2900 1
9447565.245879045 1648 1
9459217.630324388 1307 1
9472044.492355809 3172 1
9477174.442040952 3479 1
9485922.367024507 2202 1
9501797.940103585 3951 1
9509352.844871376 3493 1
9509834.346124463 2814 1
9510727.775775902 1889 1
9512517.470106816 2908 1
9531796.766002491 3209 1
9531874.385436993 1401 1
9538482.054693744 888 1
9550111.637635365 3371 1
9561375.613502184 1797 1
9572000.517406737 2863 1
9594622.569248468 3522 1
9596468.244295251 2808 1
9627558.395016642 3246 1
9629317.730499450 858 1
9632456.507939341 1129 1
9637516.924152689 1041 1
9658823.929636028 3334 1
9676103.490696024 2171 1
9676297.434344146 3676 1
9701023.846947560 2579 1
9707858.860601438 2094 1
9714998.941197321 2905 1
9724542.038249670 1645 1
9733249.756047212 4071 1
9740418.057366986 3816 1
9750202.337586775 1179 1
9751410.298215874 2609 1
9805825.227976151 3786 1
9805914.629738979 2647 1
9809639.170785017 1721 1
9812857.756994044 2304 1
9813322.425925246 2049 1
9825608.515768524 1295 1
9826395.458137685 1162 1
9837824.299115734 2874 1
9872263.340162909 2021 1
9873237.982778428 767 1
9873657.887587646 2145 1
9874510.900069628 1477 1
9874708.716689486 640 1
9876174.222932426 2399 1
9876321.942159293 2793 1
9889061.888864631 3979 1
9895913.067776380 1077 1
9944373.800283190 2456 1
9990892.201076150 3352 1
10045485.418211425 723 1
10052077.051811697 778 1
10053040.292741004 1343 1
10055802.798013890 4003 1
10068932.138717469 1852 1
10075423.625428764 593 1
10076769.276924890 892 1
10098669.947191060 3287 1
10099648.608032651 3581 1
10116275.500978662 1424 1
10126553.105269289 2459 1
10133611.647304785 1086 1
10136641.555060653 859 1
10142500.339361845 2011 1
10142943.613267943 1560 1
10146504.682973335 3994 1
10151067.470277172 2698 1
10166967.030888038 1705 1
10176658.533684745 737 1
10196053.079020586 3084 1
10198689.530621551 1905 1
10199587.217656516 2121 1
10203483.395593762 2662 1
10205765.238062583 2660 1
10233277.939254032 2192 1
10243152.802801691 3810 1
10260110.134771654 1298 1
10272347.936314270 3396 1
10274529.562263193 3071 1
10278782.916498452 2264 1
10293445.138436241 2322 1
10299818.435161663 3437 1
10305929.692808656 1580 1
10316844.592528110 1283 1
10326032.281078942 719 1
10333629.842717858 1923 1
10339684.354251511 862 1
10339941.982731950 2615 1
10340801.072149768 1141 1
10345105.548242709 1014 1
10355899.928657038 3235 1
10360338.682093238 1530 1
10377544.527998744 955 1
10393050.785728296 924 1
10397982.779529862 2548 1
10452597.888721019 1024 1
10459772.936388224 1633 1
10495361.514599238 2097 1
10503540.595576769 1261 1
10519138.688374043 2829 1
10544166.199507153 2088 1
10552603.472780231 1136 1
10552872.421121148 1514 1
10555188.425190633 1889 1
10594535.056934316 3967 1
10600972.043657249 3389 1
10604949.874252958 911 1
10631510.806390792 530 1
10633346.151490211 3632 1
10633353.732587537 2072 1
10636921.431121171 1964 1
10640732.764396047 1148 1
10643300.502931945 3905 1
10655701.395139562 862 1
10656500.069354776 2621 1
10657571.730017826 2563 1
10658563.231547607 2300 1
10660700.387848582 2313 1
10661764.156297876 1780 1
10674133.238152776 2411 1
10674498.833046192 3183 1
10714266.837679656 3406 1
10737237.367793862 3728 1
10740219.812486485 3555 1
10741772.559924914 1290 1
10748590.557963658 3921 1
10754791.753995217 2952 1
10756337.123053966 621 1
10756756.761582017 3106 1
10763742.836892191 1492 1
10771138.948536018 2493 1
10772809.852573762 3246 1
10790394.436293602 1030 1
10791377.500931060 3967 1
10796262.583799848 3456 1
10798445.246882079 557 1
10804355.174149970 817 1
10804871.539154634 2779 1
10819679.953047363 1781 1
10826723.814163214 3531 1
10856013.555318678 2546 1
10874659.346311642 1034 1
10886856.016970675 2795 1
10888739.799325479 2759 1
10892206.576502129 2190 1
10895716.724945048 867 1
10909655.197043682 1556 1
10912164.632222578 2530 1
10915007.436258692 2830 1
10931048.981751263 3037 1
10936606.680670256 3937 1
10951597.667823203 3527 1
10953725.902407337 1066 1
10965839.763003916 820 1
10973379.144799614 2389 1
10977012.942332087 2483 1
11030454.322138643 1497 1
11033251.771430073 3434 1
11038867.823230144 1691 1
11043459.584143357 3033 1
11045084.935588075 819 1
11054557.054773565 2151 1
11066117.107918758 2961 1
11069860.831995489 578 1
11075624.859275006 1708 1
11079264.446601382 3916 1
11094147.492194073 3142 1
11095465.527632363 1442 1
11096192.157006968 876 1
11107326.673552493 969 1
11122227.898865968 3667 1
11128949.067366056 3147 1
11143094.556759698 1339 1
11160845.853676319 3740 1
11173049.937499776 3181 1
11185327.815222401 2595 1
11203125.204035196 2564 1
11204829.328238619 2471 1
11223405.860478815 2046 1
11236823.071317745 1228 1
11238642.457627799 2852 1
11242879.182538679 1865 1
11246284.573865572 2301 1
11247960.868432788 578 1
11253600.231833354 2494 1
11259184.886953767 2643 1
11260289.620335400 2018 1
11265199.098707421 1681 1
11288301.841660105 928 1
11309034.709432825 2604 1
11329746.333942894 2093 1
11333673.078002630 2170 1
11356840.333571153 2793 1
11357904.103447895 3480 1
11383183.626463708 2424 1
11388442.412952926 850 1
11455988.222587585 1357 1
11484194.996173605 955 1
11486420.172147080 3022 1
11503709.421536306 3343 1
11508492.182931058 3278 1
11515685.737217540 1629 1
11545991.774163874 1070 1
11546185.897101756 2309 1
11559883.780950537 1073 1
11569986.256415794 4052 1
11572981.198176302 2162 1
11576271.380592212 1754 1
11588727.995890202 2417 1
11589225.993833253 2655 1
11593386.174681250 2213 1
11616923.814120684 877 1
11619006.995844249 3323 1
11627550.765674647 3503 1
11631885.768021978 2875 1
11633722.665264400 4050 1
11642175.350572536 3629 1
11648897.004870728 993 1
11664800.695814205 3378 1
11667936.549223822 744 1
11670992.093284830 3538 1
11673102.512453558 3136 1
11677209.939506095 3523 1
11677361.396732178 3909 1
11693602.662615813 2753 1
11711636.776614297 1429 1
11716406.580963084 2358 1
11742121.746133292 4060 1
11745109.834443372 3054 1
11756228.995051408 2090 1
11758754.773335023 2027 1
11770454.027892206 3681 1
11773021.011744848 1813 1
11786854.200266082 3146 1
11800733.073997086 724 1
11821629.125195645 1003 1
11829238.138858052 1075 1
11833493.785590155 1645 1
11848004.666731091 2065 1
11853742.339180430 3566 1
11854387.520990871 1996 1
11857043.353139585 2327 1
11872151.254448188 2083 1
11885998.839928761 2123 1
11895451.051075321 2265 1
11896988.981934840 933 1
11903416.290907739 2733 1
11917066.201716773 1064 1
11949998.336278167 2479 1
11951283.392193049 3053 1
11975319.790822107 3930 1
11976930.178659504 1372 1
11987444.787648622 3172 1
11987568.137957476 2909 1
11996283.155555064 3930 1
12000241.796974912 1109 1
12001499.710852647 2852 1
12001843.680052081 1904 1
12014898.182133146 3719 1
12026397.765286135 3695 1
12029813.696153184 785 1
12042292.761769567 3012 1
12057285.009411151 3731 1
12073249.779520305 781 1
12099762.102211801 1633 1
12100087.212551694 1021 1
12117095.453933999 2904 1
12158709.948209191 2447 1
12179700.962854948 1825 1
12180546.998609623 539 1
12191221.370135877 1612 1
12195355.344444150 3322 1
12216926.739847079 1302 1
12236917.357059745 1205 1
12241028.112107242 1473 1
12244705.918530433 1824 1
12252294.925565597 1251 1
12269323.124795120 3069 1
12269943.768574508 3878 1
12276877.646100370 3602 1
12281821.232182056 2418 1
12281945.189805938 3164 1
12314181.339071030 2437 1
12314622.726649266 1621 1
12320143.866869180 1457 1
12326546.246344924 2447 1
12332881.416250968 2054 1
12363370.809001610 2005 1
12363851.865476156 3922 1
12378099.855482286 3812 1
12380196.919215513 1642 1
12401347.180438682 3598 1
12403931.084918460 3569 1
12404662.871064069 2383 1
12416229.985879451 3709 1
12416592.001645979 1175 1
12439161.767513914 3177 1
12456578.781097272 3892 1
12457126.186067523 1705 1
12470113.010924989 4086 1
12474955.182839438 1088 1
12529935.734591413 2658 1
12543042.682695931 3214 1
12566103.368914496 1003 1
12578417.446067361 2999 1
12592034.569952799 1349 1
12593961.717319382 841 1
12622830.217327395 4073 1
12632190.120484646 2034 1
12635682.761652486 2423 1
12639366.896981020 1673 1
12642753.330448529 3295 1
12644427.189092124 587 1
12649295.061959043 923 1
12656553.186050968 1898 1
12662575.351177193 2887 1
12669203.103113446 3987 1
12673697.998745894 1860 1
12681007.486006700 1808 1
12706998.518878900 3050 1
12727321.547349615 1610 1
12738268.824738199 4083 1
12738578.254669037 1431 1
12742108.843367325 2120 1
12742846.653816288 3747 1
12750005.707572939 2424 1
12773877.522744630 668 1
12783683.033529498 2426 1
12783708.068575293 3849 1
12793589.738318071 812 1
12809468.685954837 1889 1
12830378.854197696 3186 1
12859265.754818600 1206 1
12877031.434093626 1979 1
12890195.633594481 2407 1
12897773.966696117 4077 1
12898454.028024955 3247 1
12900042.899130588 835 1
12914843.891692409 3948 1
12940046.597007075 3973 1
12940671.375874033 1562 1
12941073.362942342 3355 1
12942439.519786892 2659 1
12950984.308222629 2567 1
12957440.856010547 2723 1
12959002.897681005 1999 1
12963412.977905355 943 1
12970199.506569585 741 1
12973063.226606634 2146 1
12993295.776603239 869 1
13016805.561362164 2394 1
13017272.870453250 1781 1
13020630.771428332 1189 1
13043989.565531239 1694 1
13046123.502911851 2369 1
13048324.833542965 3966 1
13050028.188930977 1891 1
13053674.047102608 987 1
13058866.846120611 2224 1
13063855.238964304 2462 1
13084996.110253882 1076 1
13098576.971901631 3751 1
13106681.570965020 1917 1
13108531.447273595 1754 1
13123621.616073389 640 1
13132103.717475843 1528 1
13149090.581371985 2246 1
13152865.544442277 1984 1
13172152.395265900 2695 1
13202772.406241970 1618 1
13214977.859619526 1072 1
13221225.970223552 717 1
13224577.917808976 1555 1
13233846.633696539 1388 1
13235011.280982647 1489 1
13256194.005205229 2288 1
13273960.850049939 2246 1
13275841.615261249 2183 1
13277843.851777378 1241 1
13284553.389476391 1304 1
13296127.325192738 3970 1
13306081.822218098 2537 1
13306369.588576827 2809 1
13316084.058235331 1204 1
13317449.218712773 3436 1
13318865.149826175 3685 1
13335794.306057427 2602 1
13351001.325081235 1566 1
13355091.039555350 3585 1
13381993.016083268 3866 1
13385155.010437749 3110 1
13388123.766755475 3140 1
13405446.573770039 1825 1
13418574.416102350 2098 1
13427271.884433946 2400 1
13432947.002320878 3227 1
13448975.487245543 1449 1
13462277.940774545 2746 1
13473394.872498499 1166 1
13483641.514358234 2384 1
13485110.785586536 1218 1
13492762.442078369 3667 1
13509834.081458874 844 1
13546876.044379856 1997 1
13547564.074748598 1229 1
13549895.249842605 3554 1
13555948.135344086 1451 1
13556508.480671456 2202 1
13590428.455635855 893 1
13594599.540223423 1038 1
13629927.501441851 1839 1
13642452.461451188 1392 1
13667987.865442453 657 1
13674713.235864317 1965 1
13686089.731212758 746 1
13689132.682017455 1345 1
13693066.448468475 3379 1
13695848.955032699 1631 1
13707320.959166940 2476 1
13715129.194288839 1827 1
13733209.867169645 2102 1
13734943.994775049 4017 1
13746986.979014399 4044 1
13764128.494977241 3174 1
13786849.500297870 3425 1
13792914.486621540 1798 1
13810276.009778727 2311 1
13811335.789517926 763 1
13820855.083989792 3160 1
13827813.365951601 2365 1
13836879.478970973 3414 1
13861472.375021823 2552 1
13867622.185369749 1263 1
13868571.337982720 3768 1
13894779.605126323 1596 1
13911087.201359820 2154 1
13918777.281691533 1656 1
13934806.274777139 866 1
13940511.124481799 2316 1
13958995.816442221 3256 1
13988330.135231130 2259 1
13992195.790698344 1924 1
13993658.242057348 1002 1
13996876.065141456 2860 1
14016458.397941800 3489 1
14017882.529529348 3563 1
14018895.472755229 3679 1
14037009.583201647 3307 1
14039334.610083787 535 1
14043012.113293465 4068 1
14050685.583653269 1438 1
14069199.610420203 3020 1
14077497.721098110 1111 1
14083457.854538370 562 1
14091346.531395165 1157 1
14094803.483571565 1379 1
14104203.847985167 2732 1
14112390.773128521 1292 1
14115043.938029634 2746 1
14119795.920248127 3319 1
14133623.197061041 1511 1
14134190.997558564 2963 1
14154996.668959245 3690 1
14163282.227925664 729 1
14166555.005550316 3820 1
14176740.867111983 3818 1
14195756.553845562 3822 1
14220112.156553717 3460 1
14245599.695220867 3052 1
14247403.019152107 2924 1
14253335.047888171 2520 1
14255924.233705714 1635 1
14266143.035517890 2443 1
14288794.214296710 2573 1
14292004.326280124 805 1
14295864.456563622 2646 1
14300630.115645928 2805 1
14314224.491689343 931 1
14335059.922470160 3740 1
14335562.159182671 1843 1
14354410.641471446 3900 1
14359194.119996667 2091 1
14420824.293950193 1175 1
14441949.493719500 3033 1
14443564.388014108 954 1
14444692.230114464 652 1
14454840.858125223 1758 1
14454968.547374485 3798 1
14455029.531702794 3973 1
14460306.262932245 1660 1
14469399.290571380 3175 1
14474816.455777965 1803 1
14507714.175335238 3465 1
14512828.531259788 1089 1
14533901.312936926 3891 1
14535001.221642995 3456 1
14535519.199349025 1215 1
14537200.987704482 2821 1
14557439.703372682 2476 1
14569636.480337594 3429 1
14576763.279986298 4017 1
14578038.703301106 3784 1
14579109.885659186 826 1
14598726.988722291 3921 1
14601752.367419874 3529 1
14604189.604914788 1724 1
14627796.817692643 3647 1
14668717.126536988 3149 1
14672422.635838090 827 1
14679536.782248288 3370 1
14701197.990319423 3609 1
14711698.579342760 2571 1
14731506.283166166 2790 1
14740864.280449303 2789 1
14752490.666568570 3254 1
14754327.064947631 2960 1
14768575.709928950 1248 1
14780119.735113563 2636 1
14806153.319608787 3335 1
14807497.942441303 568 1
14812985.249416947 3131 1
14821296.788103769 4054 1
14834655.433700377 697 1
14837588.823059155 2253 1
14866143.044208711 3506 1
14877105.330038482 1973 1
14896855.877931207 1190 1
14915487.125913559 1667 1
14923399.816996047 1424 1
14930652.744758096 3995 1
14954144.498149317 2028 1
14959234.088135676 1661 1
14961057.905966006 1281 1
14962368.413619280 3299 1
14975028.018076738 1960 1
14976088.744568115 2292 1
14982517.216643803 2764 1
14991663.814689159 1991 1
15001683.837501414 978 1
15012876.211314773 987 1
15033926.211314527 2749 1
15048045.844519317 2341 1
15048225.950339450 2351 1
15051324.939213688 2786 1
15079446.177055407 3201 1
15082937.740807474 1023 1
15108029.065192930 1934 1
15118962.495131299 2559 1
15120011.952662241 3759 1
15121041.078715842 1560 1
15123896.363461306 574 1
15152477.264760718 903 1
15159903.983760577 3350 1
15165163.995970841 1339 1
15167503.217597129 1821 1
15175524.772458635 3329 1
15176603.027288184 2483 1
15184804.677274905 2291 1
15205104.244161276 1609 1
15209996.503913285 3240 1
15217805.183493234 1819 1
15220858.054332780 610 1
15224155.091723809 3611 1
15225639.418978663 727 1
15227684.857816679 2593 1
15253648.168226589 1757 1
15253937.535792451 2093 1
15306292.560903819 1543 1
15316618.487138862 897 1
15317871.708990639 3317 1
15318634.153337341 1771 1
15321675.047584850 3865 1
15325842.697059819 1524 1
15327579.050032670 894 1
15375753.772332152 569 1
15381974.772187915 2616 1
15383836.079783432 686 1
15385820.573698847 3343 1
15389462.007485691 1519 1
15396464.616197167 2891 1
15396897.723062688 1092 1
15422493.529388417 2386 1
15428287.779984700 2191 1
15453221.299429942 3561 1
15470373.387682904 4056 1
15481256.174385464 907 1
15498698.225356834 1411 1
15499643.030030660 2475 1
15500517.316020606 1772 1
15506080.365292374 2832 1
15511928.389181456 2681 1
15513186.716931544 3070 1
15537089.448435128 1899 1
15540114.541954894 1824 1
15570345.624658056 2344 1
15585045.763867022 3781 1
15604431.907440878 1839 1
15670296.347670974 1817 1
15692345.139667308 836 1
15696887.634352231 634 1
15700536.570785977 4067 1
15708114.644710330 1267 1
15710274.540331619 1462 1
15711544.640495095 1194 1
15715042.724995848 703 1
15726220.772708474 3914 1
15727877.650497952 1620 1
15735180.564135611 1307 1
15757403.326765107 1122 1
15763504.770432854 1012 1
15774621.720754994 1612 1
15779661.149152115 3262 1
15784252.791211065 2227 1
15784587.673738448 1139 1
15790824.086422978 3635 1
15803641.957813242 595 1
15821651.294729810 2693 1
15822224.664134206 3099 1
15827706.553597601 2260 1
15827736.375977699 2230 1
15838601.628747355 3163 1
15853126.690572996 1299 1
15863665.629729826 1246 1
15868342.747794313 2026 1
15879896.436620379 3850 1
15897938.495504193 3911 1
15912700.673101794 2305 1
15916651.993620351 3310 1
15926109.992293973 3768 1
15932393.215544576 746 1
15954320.361465713 1693 1
15989605.757495290 3119 1
15997700.515345361 2983 1
16000321.436851330 2929 1
16010881.391802233 1237 1
16012180.716167422 810 1
16018312.604810059 1826 1
16021794.177787010 2914 1
16036242.232959254 2901 1
16043323.976057315 3774 1
16055317.058955481 2641 1
16058835.725035356 1031 1
16068612.838829221 2947 1
16075081.501082037 2221 1
16095960.138212780 2898 1
16103391.873722754 3118 1
16104742.689281603 3244 1
16107690.206042398 2861 1
16123896.689953443 3481 1
16142631.648705140 3653 1
16149075.688807048 861 1
16156184.760664254 3727 1
16159927.150895372 1584 1
16163373.061805107 3835 1
16165179.294559458 1083 1
16185267.534335639 1943 1
16186032.494338714 2288 1
16188191.299823770 1250 1
16198166.250932578 1721 1
16230857.379382374 3759 1
16237555.077071412 1200 1
16242448.840819011 3679 1
16251527.494343465 1812 1
16284565.717175845 3328 1
16289276.605619876 2774 1
16301133.697826205 2543 1
16318570.421227617 1131 1
16337404.260344092 1194 1
16340917.336042056 715 1
16344902.696154291 2035 1
16354744.155093629 3404 1
16366573.305048756 2914 1
16382040.425543452 1400 1
16386079.886393832 1817 1
16409702.529889036 3040 1
16442788.542193022 1524 1
16442875.256279645 3040 1
16443955.647247987 3253 1
16463730.455423601 3675 1
16464660.794667147 2000 1
16469786.021447873 1467 1
16472843.704693776 1663 1
16479679.766413072 3612 1
16484425.457410831 4028 1
16539370.051588504 2091 1
16551261.206572633 1179 1
16559213.814549644 2175 1
16578716.768550636 4029 1
16582302.322407719 851 1
16610363.264599355 1747 1
16646046.908620553 2285 1
16647006.841954136 876 1
16649234.536171664 559 1
16650455.948043041 2213 1
16664558.025620224 2774 1
16670999.890578123 1298 1
16682984.591191510 1225 1
16694810.878505951 1913 1
16695812.949689617 2336 1
16696559.993973406 3099 1
16714305.278919932 3671 1
16718922.745426673 1587 1
16729510.421932977 1622 1
16735569.201590331 1616 1
16736198.104135226 3246 1
16769090.197183346 2150 1
16770985.452897646 1280 1
16783480.474115506 2911 1
16807987.953774247 3974 1
16808669.505947735 1374 1
16811377.542392228 3388 1
16823616.802793186 2026 1
16825670.358426265 2889 1
16828925.267742950 916 1
16829467.651019391 2905 1
16873738.289023992 3834 1
16886294.838049594 3127 1
16906176.167016838 1996 1
16914498.504919317 668 1
16920785.113343701 2173 1
16932152.505481012 3408 1
16966538.751165677 2711 1
16977115.763229355 2905 1
16981468.761932045 2035 1
16983621.634907652 2564 1
17009962.206600066 2387 1
17019619.296663113 2283 1
17042770.504151087 3092 1
17042994.127837177 1338 1
17068079.192849901 981 1
17080015.228625104 850 1
17084125.378952287 2813 1
17099862.646063481 3299 1
17105275.236139581 2493 1
17112246.110722061 2059 1
17125001.896656539 2745 1
17125162.393508755 3022 1
17151391.869852282 1522 1
17154560.843871053 1484 1
17157066.199727889 2428 1
17170722.940364882 1597 1
17196399.380551811 3312 1
17205601.696401637 3704 1
17206037.488191839 835 1
17212501.858398050 3705 1
17216822.758650597 3162 1
17222399.985254690 3165 1
17230143.981963366 571 1
17233786.755154930 3285 1
17260550.603944421 3549 1
17262329.056654185 1179 1
17283304.618823167 3598 1
17291145.870717671 2153 1
17293493.372352935 2709 1
17307347.501446262 2340 1
17315573.468374778 849 1
17321362.758217223 2428 1
17334446.927556220 2016 1
17336450.732962213 3245 1
17342286.692586124 1806 1
17343534.053627737 2561 1
17350011.358420238 1867 1
17355762.329652552 1107 1
17369691.415830042 1153 1
17371201.797332756 2601 1
17371215.761793189 2743 1
17373908.530851375 3042 1
17383321.721460808 2913 1
17392512.472907867 3365 1
17399016.786725488 4041 1
17410792.968646184 1990 1
17422276.271951769 3649 1
17422768.604373418 2733 1
17425926.326608315 937 1
17442428.251729973 2488 1
17444599.615412932 1648 1
17502507.666110564 1799 1
17516051.590450104 2047 1
17522027.692152746 3263 1
17574513.947241120 4020 1
17575944.752436139 2990 1
17582126.912840098 3649 1
17597126.709394619 2853 1
17599003.069037933 1815 1
17603476.188958351 533 1
17620375.552941345 3792 1
17641539.589640424 1856 1
17648906.620191865 1674 1
17672679.755051084 798 1
17677388.791887030 1306 1
17677677.451431341 1624 1
17686314.220358469 1486 1
17687326.414758090 2270 1
17688086.009175953 3303 1
17688204.998899616 2956 1
17694941.985775422 3723 1
17705100.276233364 2617 1
17717571.038729619 3339 1
17746018.020877607 3215 1
17755769.743478794 965 1
17768520.659842990 1465 1
17774788.473559175 2727 1
17778539.369975865 2907 1
17778806.909701329 2616 1
17780138.358805560 2264 1
17789038.259544834 1296 1
17789955.951927677 1564 1
17789997.139838696 2293 1
17791320.178829283 721 1
17805856.588483613 3904 1
17813743.367370512 3745 1
17814433.158394575 2415 1
17826219.182850733 2955 1
17831438.189039305 3274 1
17838108.410719898 2630 1
17847443.308231641 3485 1
17867021.073937681 2688 1
17879930.071073193 1503 1
17897934.421458710 1208 1
17909553.438067216 2487 1
17934721.617359038 1258 1
17951494.221237909 2948 1
17955371.668820255 1345 1
17968373.564552907 857 1
17970825.876887631 670 1
17998068.998290926 528 1
18012822.012526773 1832 1
18050593.663793147 3510 1
18055461.875198539 691 1
18060538.739524540 4020 1
18074372.863316253 3021 1
18075555.450100385 2523 1
18084202.189503741 1292 1
18087359.181890618 966 1
18097835.246347632 1082 1
18113884.104612775 3740 1
18119394.371628385 794 1
18132430.658444643 3573 1
18132865.295603611 820 1
18134174.446943797 4031 1
18144031.886231061 2309 1
18153225.700677484 3264 1
18171725.182366975 2724 1
18171951.534058899 945 1
18175048.678969271 3524 1
18179661.955582317 1290 1
18184752.783078648 2682 1
18196523.046087220 1273 1
18203248.594464213 2873 1
18206231.736705899 2878 1
18216017.186217919 2230 1
18232809.882875465 2042 1
18234600.094325583 2798 1
18247030.552989893 3033 1
18247517.526451234 934 1
18265412.899593215 1286 1
18291487.994666636 1852 1
18297946.015449412 2853 1
18298785.237941504 985 1
18300035.617592946 519 1
18315999.869306121 1335 1
18317295.180487603 3822 1
18320344.278152116 3031 1
18321116.582428824 2689 1
18321221.450599361 1946 1
18327057.692446608 775 1
18336949.390980236 3105 1
18339178.500606462 1470 1
18351374.851249538 2073 1
18355141.161788229 1928 1
18363406.774793390 2315 1
18372060.564061858 3186 1
18378947.997605700 753 1
18381521.281733610 891 1
18391485.642769817 3862 1
18396367.426382888 1834 1
18410210.630566787 1697 1
18415690.146572605 4068 1
18419514.087488037 1390 1
18427325.205167383 2344 1
18428823.360228617 1231 1
18440956.125813060 1285 1
18444015.887342561 4007 1
18449525.722383805 1118 1
18470495.363834221 3139 1
18477585.580978863 2450 1
18484487.282949861 1887 1
18491196.266486079 3976 1
18506784.274602465 2033 1
18519429.464241724 1202 1
18531493.134856522 3249 1
18541537.377085168 2634 1
18564021.588694796 744 1
18565087.658085454 1821 1
18602835.915344432 535 1
18617204.240140229 837 1
18632240.620186698 1169 1
18646981.187243585 569 1
18647030.454595812 4009 1
18660955.120600071 3853 1
18669941.593461361 698 1
18675535.296821281 2822 1
18682142.850276206 1058 1
18708864.134538289 3605 1
18722550.294960450 3993 1
18727394.813530378 3642 1
18730152.301736604 3089 1
18739611.783494532 3711 1
18811258.974641867 3378 1
18816375.064356808 2388 1
18869235.485983949 3812 1
18873602.873243827 4030 1
18875056.864698473 2907 1
18894061.734924268 3386 1
18911239.425976954 874 1
18913382.995862700 849 1
18966935.034813091 3608 1
18995761.270628877 973 1
18999368.560197819 3352 1
19004364.514121916 3474 1
19015324.299542002 2291 1
19027388.384699281 1614 1
19031071.080623843 1899 1
19033982.244525887 1251 1
19053489.722692497 1742 1
19059160.238545388 1208 1
19075463.237590104 1607 1
19088347.402413376 2415 1
19093023.486477789 3783 1
19094139.696985643 2723 1
19099466.961895790 2444 1
19107195.313746348 1824 1
19142552.637374874 3136 1
19151867.319422990 1368 1
19156116.918688182 1981 1
19158292.396816142 3992 1
19166852.115802344 1103 1
19189412.692627795 1542 1
19210027.684943173 1097 1
19224740.182513963 1862 1
19228899.844793484 657 1
19231552.743860010 3464 1
19250351.089528169 1828 1
19253218.176747322 1449 1
19273206.083903309 1040 1
19273443.714644909 651 1
19283865.824783038 760 1
19286592.721031368 1949 1
19295460.591629107 1281 1
19332360.298707895 3380 1
19339229.440782283 1328 1
19351548.220030770 3261 1
19364237.989804514 2118 1
19375859.088352650 1452 1
19388386.751748145 3423 1
19399562.295894668 3774 1
19419858.751917873 872 1
19428374.468844764 1239 1
19434413.676773589 1621 1
19449559.954028431 2459 1
19460193.554963849 3445 1
19487499.892673291 2701 1
19505025.047555748 1166 1
19505386.429301281 3788 1
19509680.033389401 2706 1
19511066.182834327 3355 1
19513398.832745679 4043 1
19529719.942542456 617 1
19546580.091556799 3411 1
19563837.830160215 2639 1
19573552.141216446 2382 1
19597298.895727158 628 1
19602702.804864075 2008 1
19607597.196875490 2142 1
19617494.935479149 2102 1
19625510.681029126 771 1
19636271.583399277 1171 1
19646368.307005141 643 1
19663389.994790692 2269 1
19665911.083914645 1504 1
19691163.629557304 4093 1
19694034.555492077 1040 1
19697262.621029016 1697 1
19704647.512874939 3850 1
19709960.773132268 4041 1
19716674.116062541 2923 1
19716719.285960194 1948 1
19717721.440856952 2368 1
19736622.322308265 2623 1
19738365.788849857 3050 1
19743683.279644109 3538 1
19746577.612228312 4070 1
19751252.823900793 1062 1
19754741.113801099 1742 1
19761506.305995159 2791 1
19768322.887806270 3057 1
19792995.688153379 1265 1
19797760.478872612 2001 1
19804485.339764915 3563 1
19855680.013997164 1505 1
19870771.375259075 3143 1
19873905.468678977 2143 1
19884773.723397754 2988 1
