4 4.430818025 0.321981068 19.399830709 691111 11
15187.344406288 80.010547462 0.000569772 0.000211027 195.505770620 0.000000000 1.000000000
12
1 0.218212367 1.354143664 0.171853932 1.454940583 3.433746054 1.423623562
2 0.393327993 2.708287327 0.309766871 2.057714990 4.856329401 2.013423489
4 0.708974071 5.416574655 0.558355071 2.910215737 6.868281718 2.847574494
8 1.277926420 10.833149310 1.006435532 4.115903164 9.713775543 4.027309975
16 2.303463554 21.666298619 1.814100977 5.821100696 13.738142837 5.695803804
32 4.151995186 43.332597238 3.269918690 8.232752803 19.429784824 8.055546053
64 7.483975165 86.665194476 -1.000000000 11.643539987 -1.000000000 11.392917391
128 13.489872159 173.330388952 10.623997168 16.467398775 -1.000000000 16.112944526
512 43.828723952 693.321555810 34.517468633 32.938584321 77.737012282 32.229594315
1024 79.001315475 1386.643111619 -1.000000000 46.584870556 109.943057031 45.582149633
2048 142.399944237 2773.286223239 112.147586454 65.884743058 155.491900634 64.466600010
4096 256.676031238 5546.572446477 202.146128345 93.180453569 219.911396097 91.174781142
1397
0.000000000 2862 1
122.410458310 1475 1
1169.343108533 3190 1
1334.594473196 2354 1
1471.674166295 3757 1
1563.156910994 3241 1
1715.025631798 1007 1
1909.774443989 2482 1
2638.936079136 3464 1
2856.213410527 3337 1
3316.765985042 1253 1
3646.025291909 2527 1
4090.114156334 1399 1
4102.487151012 4007 1
4270.188750314 2227 1
5288.346722933 3626 1
5699.235340969 2569 1
6171.300258075 1956 1
6258.249203107 2470 1
6720.130676724 1435 1
7622.498120354 1540 1
8301.578463903 2738 1
8532.993800546 824 1
8781.630224980 837 1
9086.788338690 3269 1
9359.676289542 3572 1
9447.754631982 2150 1
9740.103920613 3596 1
9754.099081956 1317 1
10174.227557619 2322 1
10396.709212233 996 1
10853.344927043 3501 1
11083.053370445 2082 1
11118.117509236 3015 1
11539.942498132 703 1
12969.338046274 3215 1
13350.408305022 1382 1
14638.060789151 3873 1
14686.260172146 3520 1
16370.135144498 3056 1
16920.270547855 3393 1
17453.224257185 2072 1
17581.269603879 1605 1
18816.283837120 2702 1
18989.367381615 2821 1
19717.529135141 2570 1
19888.602644034 2412 1
19918.885362682 2735 1
19993.558560084 3904 1
23345.950123307 2200 1
23837.040635632 2011 1
24382.190623889 2387 1
24489.069817211 2221 1
25169.232719452 3026 1
25312.353127717 635 1
25448.164440344 1313 1
26002.842898701 1431 1
26270.427115098 2026 1
26878.733582539 1101 1
27380.684519473 3933 1
27647.200079511 1306 1
29210.543650261 1754 1
29672.407865770 1520 1
29771.926976781 1740 1
32405.581025774 2942 1
32410.182990960 3592 1
32634.974861654 4008 1
33660.324058733 902 1
33990.959553522 2146 1
34351.465544165 3947 1
34880.546343734 1055 1
35127.737198718 1961 1
35570.513380878 2597 1
36263.502554911 3431 1
36598.281128641 3858 1
37582.798374146 3746 1
37806.672782804 1622 1
37860.969026607 3808 1
38069.171483329 1342 1
38204.325074840 949 1
39080.604281633 531 1
39128.488672095 1167 1
39578.016154839 2710 1
39759.692681858 1659 1
39847.468401861 4026 1
40357.181829398 2737 1
41201.986075805 1512 1
42068.892569464 1018 1
42225.102595721 743 1
42862.111020340 3186 1
43503.602037607 3893 1
43619.666048026 1118 1
43773.358388585 1352 1
44310.696169541 1819 1
44458.545733167 2290 1
45992.164285817 3473 1
46728.025515920 2809 1
47214.698561164 3468 1
47230.523298322 4064 1
48053.845833288 2573 1
48165.051780024 2433 1
49112.656233280 3030 1
50345.705256430 3065 1
51120.836889358 3253 1
51649.810418305 1128 1
51726.217405702 3499 1
52096.870035393 806 1
52129.621541249 3241 1
52390.345035525 2260 1
52398.285299132 3480 1
52976.603517912 2167 1
53029.094989399 2085 1
53175.144642717 835 1
53550.632697793 3057 1
53848.329368063 1434 1
54237.711975262 3564 1
55031.694205045 3247 1
55256.860518979 2525 1
55621.717204330 3745 1
56089.653991665 876 1
56403.666521179 2713 1
57688.767865573 2054 1
58174.035960624 1881 1
58439.201630164 3962 1
58816.849996821 601 1
59229.929320901 1224 1
59695.783479853 1072 1
59759.228227613 598 1
60018.320855115 3306 1
60702.365234679 1320 1
60956.564516247 1542 1
61428.405535626 1221 1
61508.677336272 990 1
61630.144304879 2030 1
61839.782903197 3397 1
62023.922304932 2988 1
62867.136017848 3539 1
62911.002224794 4052 1
63194.106625936 3225 1
63934.346320990 2132 1
64143.238160677 2900 1
64268.315587491 1195 1
64701.185553588 2982 1
65506.285048536 1884 1
66349.295722222 3854 1
67467.650925773 1657 1
68228.934889491 1852 1
70658.728172071 3088 1
70877.651642995 3639 1
70937.336220101 2130 1
71106.823680038 1003 1
71309.864499458 3733 1
71617.509013494 1073 1
71681.821577744 1769 1
71850.976966674 1556 1
72007.035979247 2687 1
72116.938633731 1176 1
72562.314052300 2932 1
73217.973224288 3322 1
74661.998484606 2807 1
74814.035070266 3510 1
74907.941577859 3361 1
76454.384009686 1281 1
77022.499221626 2367 1
77283.357579413 2066 1
78022.537633264 2666 1
79194.796329384 2735 1
79235.482400955 1354 1
79243.524089815 2081 1
79245.140221539 2627 1
81014.748496871 2387 1
81567.464026200 2942 1
81756.527615716 2009 1
81792.314701491 732 1
81906.354054008 3271 1
82028.998448874 2521 1
82351.436610466 1445 1
82954.768121609 949 1
83487.829595232 4014 1
83622.722287173 3099 1
83738.236358050 3173 1
84738.816704780 1692 1
84766.065568402 1231 1
85042.779749247 3653 1
85161.704000822 3578 1
85783.534038662 1306 1
85785.675965127 3183 1
86224.316384572 1497 1
86285.222819737 2820 1
86689.529203527 3980 1
87029.469462404 3510 1
87307.051288059 1658 1
87886.344567618 3145 1
87954.875185848 1550 1
88125.663301948 3273 1
88143.287137473 1022 1
90070.382472147 3060 1
90259.172735997 781 1
91111.520990941 3259 1
91467.812162979 525 1
92997.540290534 752 1
93093.413256002 3024 1
94168.459096130 1477 1
95140.680420260 3755 1
95230.637691079 1596 1
96349.645998171 2852 1
96939.641641146 848 1
97086.052181232 4040 1
97310.423917882 1902 1
98570.087353571 1758 1
98650.795520081 2376 1
98956.354670798 899 1
99777.923305870 1737 1
100009.190641792 2875 1
101203.910866863 827 1
101225.877562085 1571 1
102091.379626285 1809 1
102109.498660405 1020 1
102536.374828042 2752 1
102980.342847290 2129 1
103494.667190575 2585 1
104049.238119255 1828 1
104344.708778737 2997 1
104962.680205317 3210 1
105299.426613774 3275 1
105371.433580248 1602 1
105573.158928175 1384 1
106083.013006363 1130 1
106131.148526312 3983 1
106373.412763893 1879 1
106689.432300534 1562 1
106855.782676506 2360 1
106932.109640346 624 1
107076.499558692 3247 1
107970.555867529 2815 1
108781.011411269 2378 1
109017.600133689 3811 1
109248.942819259 1747 1
109851.504721258 3228 1
110151.996802484 2017 1
110385.246786933 2886 1
110548.384371023 3569 1
110934.963826877 3039 1
111170.211501934 1712 1
111337.912177382 1828 1
112760.414914810 987 1
112915.101977163 2580 1
113049.290400487 2908 1
113082.372199653 1320 1
113388.991838495 1202 1
113788.044473364 2301 1
114013.052887781 2780 1
114200.508289172 3737 1
114958.662338862 1115 1
115720.384591506 1154 1
116371.137912554 802 1
116432.393626413 1556 1
116438.146706734 1321 1
116881.294136623 3737 1
119718.440407424 587 1
121188.361495522 2442 1
121899.623129536 891 1
121929.380928421 3703 1
122305.905297909 3689 1
122523.546776955 587 1
123774.159234956 2304 1
124855.378284974 1783 1
125051.038531716 842 1
125408.687186013 1034 1
125528.595333399 3631 1
126091.943043964 3674 1
127162.583451855 3018 1
127400.172103117 613 1
128523.201683219 3260 1
129083.388578352 2828 1
130273.561469928 3199 1
130634.809765769 1896 1
132101.841154794 2522 1
132219.970064946 3782 1
132240.219166201 3882 1
132290.794806440 2126 1
132485.337889905 911 1
133264.910425775 2889 1
133380.374017485 3906 1
134044.136223747 609 1
134489.980865728 1135 1
134493.062741777 2205 1
136853.395597992 3219 1
137250.500185817 879 1
137334.237843971 3219 1
137620.496853906 3609 1
139192.837170018 896 1
139549.685867445 4074 1
141217.503484131 1814 1
141357.103481126 3624 1
141967.386072312 3643 1
142572.008370671 1907 1
142955.356381213 2374 1
143113.092409121 2634 1
143461.872729354 1553 1
143462.606083066 1560 1
145094.940404027 1225 1
145315.923872153 2471 1
146710.962463881 3761 1
147101.509669941 2900 1
147503.626533816 3437 1
147645.327641951 865 1
147684.731379879 1340 1
148706.570419019 1917 1
148844.996223023 3654 1
149056.683126271 575 1
149505.466540718 752 1
149660.626730628 677 1
150784.287842617 1113 1
150976.303008846 2902 1
151703.931974517 1303 1
151737.017526879 3963 1
151804.620573253 582 1
151842.685830181 3428 1
152033.759746028 815 1
152235.259310604 657 1
152497.042045214 2037 1
153039.786826092 2219 1
154467.120584833 1137 1
154549.833632617 2681 1
155662.566989648 4008 1
156098.708474182 3719 1
156209.258852566 1939 1
156757.395165251 2464 1
157448.057078330 2069 1
157793.454650991 2130 1
157940.636462113 3131 1
159144.802444115 1654 1
159743.788642487 3272 1
160708.684260528 2494 1
161668.019836821 2104 1
162192.108919846 3227 1
162987.957892365 3637 1
163458.260673543 1592 1
163522.336626862 3715 1
164307.298280429 3991 1
164472.677602108 3867 1
165959.358557423 2624 1
166198.170835433 2242 1
166448.929019129 1425 1
167553.898682789 3293 1
168700.588174463 3723 1
168741.390750028 2916 1
169079.062525222 3025 1
169207.029650397 3651 1
169475.408914436 1228 1
169804.175453571 2012 1
170393.698501059 1772 1
170419.070472950 3310 1
170456.656674653 2934 1
170668.244395621 1995 1
171048.312741043 1013 1
171711.665615514 1975 1
171912.509107420 2075 1
172460.426039063 3647 1
174649.546243418 3328 1
174790.917211615 4016 1
174969.472840564 3924 1
175560.065157764 1580 1
175794.464716753 1107 1
175861.150637065 3635 1
176188.220013243 2005 1
176560.519346325 1281 1
176578.342761252 1688 1
177223.754311782 698 1
177623.632226410 3298 1
178734.562138074 1471 1
178752.211700398 1413 1
179366.609746891 2300 1
180039.551858206 2908 1
180521.850082385 2072 1
181291.693452065 1051 1
181799.328696628 1228 1
181906.772465817 3636 1
182077.078293269 3224 1
184739.949649919 2021 1
184895.535395690 547 1
185372.414173095 3248 1
185435.777921818 2120 1
185632.754295538 2055 1
186214.749001863 3143 1
186347.312533108 3062 1
187153.292454586 1546 1
187772.348202272 2002 1
187823.911753101 2263 1
189122.486003386 978 1
189135.713630972 2598 1
189806.646997328 666 1
190467.889824470 2634 1
190935.244695913 2027 1
191546.850666713 825 1
191973.127256041 2683 1
192427.314651107 562 1
192957.878710013 842 1
193585.344847423 3088 1
194565.958237117 2340 1
195803.177051731 1533 1
195825.202471981 1194 1
196054.353401806 4036 1
196067.536934552 1168 1
196346.000075738 3534 1
196383.171825326 3829 1
196554.120990907 4011 1
196922.276616716 3501 1
197407.013210078 2184 1
197548.213765236 3124 1
198524.709525439 672 1
198667.701993814 3437 1
198757.603456743 1645 1
198811.774751675 2829 1
199371.283696896 3401 1
200296.763900453 1738 1
200907.918902583 2883 1
201606.363676513 1067 1
201947.159763108 809 1
202250.332642700 1566 1
202253.818774047 1801 1
203020.637725206 998 1
203309.967920528 2171 1
204062.124509897 833 1
204278.922213236 608 1
204807.855006635 3147 1
205997.625044599 3966 1
206995.742170033 3455 1
207277.313595115 1649 1
207345.835539307 3488 1
207480.646932450 3109 1
207499.820183299 3245 1
207832.042358161 2865 1
208972.347419166 2938 1
209595.878415167 628 1
209809.804532997 3234 1
210193.394240179 2790 1
210376.382681958 1726 1
210724.488121703 2132 1
210764.737564161 3888 1
210928.173509074 4021 1
210942.635711564 3434 1
211390.815900088 2460 1
212343.725919410 1811 1
212602.417150111 3147 1
213450.808519297 3628 1
213525.511877367 1060 1
213701.327859322 2272 1
215506.842127282 2774 1
215652.309683478 3139 1
215684.780822443 2478 1
215733.975310757 2354 1
216078.107286199 4002 1
216659.481458053 1810 1
216706.556303958 1770 1
217329.785188056 1376 1
217395.353226507 1937 1
217606.176034214 3102 1
217761.368270914 3328 1
218204.787795615 913 1
218261.646118876 1961 1
218801.493149971 2687 1
218977.445073733 955 1
219271.085102897 1201 1
220050.990670268 2615 1
221422.301079014 759 1
221769.355741255 1531 1
221937.114806941 2376 1
222727.977247631 3201 1
223715.766518429 881 1
223717.162714096 1299 1
224666.289081143 619 1
225039.627438418 3897 1
225519.542745870 3725 1
225577.191911932 2357 1
225705.364234372 1572 1
225965.498952768 2677 1
226551.917657535 837 1
226731.169043415 523 1
227017.353931288 3976 1
227160.982039466 631 1
227293.691536869 2722 1
228182.857486653 1796 1
229075.646991746 3698 1
229755.233671318 2657 1
230251.071890037 2939 1
230989.032108866 1627 1
232052.397844343 1192 1
232227.249663366 2025 1
232907.819502633 1017 1
232933.855839623 1024 1
233566.987090802 1093 1
234174.797209341 2568 1
234299.877205895 2654 1
234506.245298251 2888 1
234526.298511634 2734 1
234728.957875903 1085 1
234785.299307523 2695 1
235305.268483363 2691 1
235791.308477700 709 1
235851.377710733 1431 1
236224.568033951 1308 1
237113.104086492 3495 1
237446.953595889 2812 1
238401.139960804 3137 1
239959.569622897 1962 1
240446.178603362 1875 1
240571.615567878 1848 1
241145.231256984 761 1
241502.934000695 556 1
241608.806324179 1528 1
242380.954142317 1695 1
243219.386275776 1536 1
244033.819866394 4078 1
244269.090400179 1891 1
244284.554762978 1527 1
244372.305283729 3057 1
244442.972610653 2633 1
244789.717505450 2515 1
245385.659445688 1772 1
245735.777294552 1312 1
246252.564507626 3374 1
246595.360767412 640 1
246993.504759443 3055 1
247361.997547513 2728 1
247438.395298809 3043 1
248636.612581202 1576 1
249326.937718343 1273 1
249403.958558679 2218 1
250394.246103799 1274 1
250616.890198325 767 1
252267.860361548 3737 1
252307.594923187 3909 1
252653.501893953 2751 1
252709.439385622 2419 1
252842.035274598 533 1
253024.973441968 1222 1
253897.331193277 2954 1
254953.401865660 3380 1
254990.860031492 3382 1
255153.206852306 3307 1
255558.406949849 4064 1
255750.809305048 2335 1
256044.178850602 3580 1
257931.339826461 3582 1
258287.983404859 1348 1
258435.659265215 983 1
259112.608072877 1492 1
259144.218658343 1012 1
259189.651889478 2947 1
259248.517915128 835 1
259944.758827779 1279 1
260427.456076163 2403 1
260689.018608044 2348 1
261588.336436023 2525 1
262288.286425244 3946 1
263111.734397990 1825 1
263397.496762928 1382 1
263414.285840487 3908 1
264174.956306500 2843 1
264467.753259290 4005 1
264979.998070872 3739 1
265427.121730730 2584 1
265698.496439479 1805 1
265763.122557577 2046 1
265901.308432719 3868 1
266191.255105426 2181 1
266875.695010129 2417 1
266876.913563310 2026 1
267356.677340785 2356 1
267989.568432416 3942 1
268388.483472580 1768 1
268530.651644161 617 1
269469.927314615 1728 1
269765.937948599 1508 1
269867.657737809 2723 1
269975.942741657 690 1
271090.489616186 3409 1
271116.145152917 1085 1
271716.983347806 582 1
271878.272879738 996 1
272208.613410774 2901 1
272373.093538213 4086 1
273660.225107914 1076 1
274882.590198688 1332 1
276015.256531677 2212 1
277136.105411889 1640 1
277310.006584090 1119 1
277329.773904032 1330 1
278323.719576083 571 1
279015.141203585 959 1
279329.661280093 3335 1
281222.297277257 1027 1
281528.980998648 4027 1
281539.085030166 1220 1
282246.936415202 2179 1
282733.863346680 1219 1
283022.905841559 1649 1
283205.429477042 2468 1
284366.421958455 1846 1
284920.619964798 2688 1
285406.872750430 1811 1
285448.973915034 3025 1
285772.508451237 1895 1
286165.901126960 2595 1
286440.349920237 630 1
286450.778035524 570 1
288779.137571331 4005 1
288943.095711006 2776 1
289331.287639257 1712 1
289789.080138723 806 1
290020.870866837 1898 1
290383.488228230 588 1
290487.015206804 2904 1
290997.647370392 2697 1
291121.766971914 3240 1
291649.376049416 1136 1
292102.058102981 2619 1
292653.192662473 1646 1
292659.853686542 3429 1
292760.623394126 2053 1
292922.938410002 721 1
293459.943120988 2793 1
294285.553342695 1243 1
294874.185661130 2167 1
295162.268699493 3330 1
295559.304102562 2140 1
296340.900007274 1302 1
296511.768173992 3817 1
297087.425632928 2469 1
297342.537462272 3058 1
297641.962096633 1999 1
297664.949662912 1082 1
297923.862536999 3476 1
298717.172593874 888 1
298770.521714070 1287 1
298970.071200845 725 1
299183.603640072 3520 1
299553.682679912 3099 1
299775.574962607 4064 1
300011.342935194 910 1
300044.813984234 3445 1
300264.721786908 3352 1
301331.948676048 3815 1
301596.712267413 955 1
301669.104269622 3370 1
301896.388037284 3102 1
303110.536585071 1749 1
303954.482942655 2498 1
304062.707822274 2215 1
305651.276815200 4090 1
306022.588903061 2526 1
306830.016329558 1451 1
306889.421989112 3087 1
306950.836292268 708 1
307339.421148855 1329 1
307509.885880761 949 1
307770.985263205 1669 1
308560.915253980 1288 1
308650.359987985 1782 1
308830.124053364 2915 1
309310.635269592 3463 1
310734.266730991 3658 1
310734.978061209 3209 1
311097.928656711 596 1
312065.891949937 2111 1
312353.636011811 3961 1
312622.599509461 3446 1
312874.506153392 1357 1
313366.509213306 533 1
313645.789782792 3654 1
313998.616601382 2974 1
315003.466098788 734 1
315136.611480083 1063 1
315658.872809046 2269 1
316126.219033975 3780 1
316923.267326659 729 1
317259.860478129 3171 1
319044.721407429 1155 1
319825.388882295 3119 1
319846.859683471 861 1
320532.977506345 977 1
320877.292910809 2888 1
321697.562662925 3106 1
322228.653120586 2172 1
322320.326566486 2198 1
322565.317993391 1719 1
322666.287862542 1264 1
322974.251409786 1931 1
323049.386309423 1085 1
323334.885862448 3632 1
323622.232966564 4056 1
323659.450853361 2685 1
323892.574087524 3692 1
323979.620456825 2058 1
324655.780994667 3579 1
324939.276301547 2057 1
325343.466413649 1155 1
325422.734359231 3106 1
325512.890480677 2264 1
325586.297095855 1984 1
326680.697884521 822 1
327099.290684315 1314 1
328084.007032843 2257 1
328225.944534508 1520 1
328543.220152215 2016 1
329005.120433271 1074 1
330228.611664301 758 1
330278.073225262 1914 1
332508.708179148 2010 1
333055.855158835 2567 1
333082.506442587 3733 1
333142.916658558 1215 1
333350.717882904 3634 1
334776.433226751 568 1
334809.065412691 2197 1
336169.835836497 2012 1
336704.805678804 2782 1
336897.702304551 711 1
337439.887649235 2508 1
338858.442683513 1268 1
339090.357986940 1415 1
339496.926204185 3327 1
339551.205243372 3462 1
341456.462782785 4052 1
341807.420014297 3515 1
342272.832849346 2240 1
342317.715943985 764 1
343419.109238471 3404 1
343788.114918624 3835 1
344577.715674964 3387 1
344711.111151255 3195 1
344901.132544073 707 1
344985.640023503 695 1
345077.634245149 3277 1
345130.583845153 1460 1
345548.264964787 615 1
345653.471315211 599 1
346248.112289599 3201 1
347135.422487462 2860 1
348997.999631917 3396 1
349263.874426462 3884 1
349846.022211473 1074 1
350010.717480108 2177 1
350141.614921897 1031 1
350285.777389425 3383 1
350520.465810618 1206 1
350842.248087328 775 1
351054.858819349 3868 1
351183.059321822 3703 1
351314.056905457 656 1
351648.733710859 3595 1
352876.873566141 2366 1
353510.175434886 1900 1
354479.219042473 2125 1
355249.599669193 3015 1
355495.898146809 3757 1
356928.454682372 953 1
357459.960431366 1363 1
358064.983143141 3618 1
358436.611214145 2134 1
358865.711008534 3519 1
359387.370015404 3746 1
359981.014633327 1654 1
359997.999782816 3296 1
360383.486976491 529 1
360605.777166397 4008 1
360694.068142542 1848 1
361476.998716705 1914 1
361796.531109394 2813 1
362164.474513747 3706 1
362731.129987893 2210 1
363215.541327628 1081 1
363300.114281569 1169 1
363654.304338260 3316 1
364629.151370301 2868 1
364640.736998148 2640 1
365132.641584676 1288 1
365505.614902416 2739 1
365899.508168251 904 1
366231.509579593 2232 1
367189.279982772 3948 1
368288.944905047 4043 1
369174.750021531 1952 1
369625.926265008 3787 1
369647.401800683 2072 1
370464.136001125 2386 1
370529.523612869 716 1
370577.117431414 3350 1
370748.416454085 3097 1
370931.399320583 764 1
371996.811279574 2669 1
372027.678103871 2579 1
372819.832762786 1789 1
372935.255073299 1523 1
373824.853222832 1423 1
374139.882556415 2149 1
375637.271809476 1717 1
376755.466135168 2788 1
377124.488213567 2846 1
377234.398114878 3231 1
377335.473588932 3069 1
377493.111925909 3328 1
377837.204629373 627 1
378139.427774327 609 1
378215.252913990 2146 1
379172.908220825 3538 1
379479.859378670 2532 1
379737.182887072 2097 1
379746.936467252 3450 1
381282.187110560 3714 1
381388.205674204 3593 1
381396.860870486 3695 1
382374.688076062 3969 1
382435.122488585 3519 1
382481.276864316 1475 1
382996.293494147 1234 1
384060.238937397 4052 1
384069.898744602 743 1
384259.886951163 529 1
384261.832386252 900 1
385056.216831684 2112 1
385465.244439861 2894 1
386502.478140748 1736 1
387017.952030317 1408 1
388032.347036718 2546 1
388792.516454023 2224 1
389602.307537201 2955 1
389712.153780089 3848 1
389825.062033901 3878 1
390669.705725674 2972 1
390683.927994554 1637 1
391249.594329668 3302 1
391494.896961905 1947 1
392336.055444661 2247 1
392423.214093048 2755 1
393027.480834823 1445 1
393149.447351483 3504 1
393431.232937186 1554 1
394341.323253779 3754 1
394613.321589942 2632 1
395111.117883837 1709 1
395320.966557668 1831 1
396273.032700747 592 1
396419.683439273 3267 1
396879.901765429 1404 1
396946.726884630 2519 1
397019.951735197 2388 1
397848.703160659 2096 1
401452.306039167 3598 1
401494.247472773 1642 1
403451.280585989 2017 1
404783.656609813 3889 1
404952.800329615 1831 1
405301.393270046 3929 1
405390.007066923 1869 1
405494.046476998 1688 1
406539.216104463 1837 1
407088.275190905 1292 1
407599.023280934 2196 1
407839.382898268 925 1
409581.700358964 3546 1
409940.925610956 3073 1
410386.407367929 2032 1
410809.740863000 2546 1
411002.733519732 676 1
411095.012440584 2204 1
411927.293738456 4088 1
411976.025973886 1847 1
412454.087069173 2826 1
413470.906719969 2449 1
413544.669602685 3044 1
413551.738222254 808 1
414220.484076491 2240 1
414818.173675245 2187 1
415380.481443553 1472 1
415650.003037761 1127 1
415656.883090006 1643 1
416200.770374843 1247 1
416632.970446684 1015 1
417175.002285610 1608 1
418657.171910671 3866 1
419084.765325501 2849 1
419445.107347992 535 1
419900.960814259 998 1
420290.259286179 3998 1
420523.798164636 3083 1
421253.752085758 1563 1
421663.343421084 1179 1
421747.854686421 1479 1
422016.865342568 3074 1
422265.937014327 4011 1
422588.821646527 1581 1
422685.794756786 1711 1
422946.556002027 3204 1
423032.536747118 1889 1
424206.767233162 3262 1
424239.069373363 3298 1
424476.924463939 1679 1
425063.694907999 1767 1
425089.923282785 4041 1
425356.705396696 2667 1
425435.965512709 2761 1
426693.224084012 2496 1
427856.799857076 1624 1
428253.708787001 790 1
429215.991375815 3645 1
429301.927447857 2020 1
429628.036307045 3410 1
430162.705889499 3702 1
430238.960960412 2546 1
430336.877590354 3400 1
430688.003862606 2319 1
431194.946094761 3272 1
431324.875656373 4082 1
431776.589704067 3454 1
432495.028090843 2574 1
433344.785202147 2356 1
433395.311157503 1949 1
433432.796477579 3400 1
433531.699801795 1839 1
434084.742187419 1097 1
434381.973794935 3319 1
434571.404363926 3468 1
434634.524502653 1716 1
435357.706440212 2868 1
435692.130537978 1992 1
436004.104493313 1251 1
436142.295461169 583 1
436199.749642874 1826 1
436877.013274737 2585 1
437016.321840550 3186 1
437915.808019389 1850 1
438349.027759988 2189 1
438476.553182365 1100 1
439459.785172821 3098 1
439918.213777425 3065 1
440146.727881123 1665 1
440440.621838615 750 1
440581.606454055 2057 1
440723.777190042 1868 1
441023.403382465 1129 1
441416.856326402 606 1
441417.446074486 1425 1
441720.485769107 3372 1
442155.853238756 807 1
443007.951740275 1320 1
443235.914119424 2040 1
443548.567560921 1845 1
443775.238947151 1082 1
444120.290160609 2407 1
444142.932257848 3926 1
444156.673003246 3109 1
444177.483449196 1234 1
444269.071993732 790 1
445068.902351109 2909 1
445881.339770882 2256 1
446670.479810500 1689 1
447339.931378607 2415 1
447884.605891221 2917 1
450215.891816272 3517 1
450689.168730882 2017 1
450774.588454033 1342 1
450868.907159982 3172 1
451360.236220282 1179 1
451559.679389251 1054 1
451727.344681944 2117 1
451835.488006058 2553 1
452320.814433819 3108 1
452967.585452683 2179 1
452997.677471677 1126 1
454393.401804679 956 1
454604.242605102 2532 1
454758.309356071 3217 1
454898.482133724 1605 1
454927.686408196 3060 1
455237.258079339 1420 1
455953.476532588 2356 1
456154.806084489 3851 1
456874.810117774 1373 1
458709.789587901 1895 1
459853.835150778 2625 1
460732.622208893 981 1
461147.190909981 1064 1
461422.938437251 2402 1
461462.086553517 3824 1
461797.436066909 4070 1
461870.860498913 2809 1
462414.785563125 2729 1
462837.597469593 3791 1
462954.148854221 1585 1
463191.798767117 1538 1
463906.131460418 3418 1
463995.785308121 3362 1
464069.509709489 1814 1
464438.750929095 2629 1
464554.377247635 1519 1
464669.819247992 2377 1
464795.788336768 796 1
464965.630667743 3211 1
465294.278297897 1408 1
465456.886600947 2712 1
465502.960855768 1161 1
466127.693996234 3065 1
466558.547332293 2433 1
466883.391218035 2556 1
466901.366489255 1901 1
467454.018417885 2912 1
467680.662669674 3105 1
467716.046384204 1152 1
468322.637013049 3983 1
468467.629095729 1292 1
468560.501331418 3035 1
472219.523382816 4079 1
472578.878806026 3029 1
473325.008564259 2069 1
473426.926456532 1570 1
473470.182210685 678 1
474296.960715634 1839 1
475468.276656796 3321 1
475526.548540928 1499 1
475559.229343841 1965 1
476484.616333492 1728 1
477285.284015950 3765 1
477492.617097359 803 1
477658.314911387 3837 1
479858.955901332 2363 1
480140.146033962 2327 1
480156.572733856 4029 1
480357.011360980 2266 1
480476.679297792 4008 1
480858.203122693 3326 1
481282.344827536 2625 1
482647.694315212 567 1
483046.852334218 2691 1
483534.700008323 3519 1
484772.675458139 3292 1
485079.240146774 1010 1
485104.998893523 1346 1
485470.338357477 1537 1
486618.547372375 3973 1
486929.019505480 3313 1
487462.724131548 1261 1
488620.210706637 3791 1
489651.912474378 2237 1
490475.650400845 3597 1
490559.672755966 2069 1
491200.413536509 4072 1
491870.806493930 4012 1
492124.974865990 2320 1
493385.264994972 1638 1
493761.730833489 2617 1
493886.557862928 1486 1
494161.509673018 2711 1
494240.632800148 2300 1
497042.055876387 1593 1
497260.543085089 1932 1
497696.828954212 936 1
498028.238595574 3206 1
498164.359083450 3633 1
498230.921217227 1375 1
498487.768164307 1374 1
498737.333836000 3823 1
499827.117372281 3290 1
500192.157970762 3829 1
500314.559619832 3985 1
500477.231811251 3965 1
500961.686171524 2363 1
501327.921250053 3589 1
502065.520559406 709 1
502208.667883207 822 1
502697.347770831 2543 1
503376.484528586 3220 1
504008.752160331 2235 1
504428.337408047 813 1
504687.062323366 2536 1
504934.928963359 1070 1
505477.073318246 3226 1
506207.230427454 848 1
506309.884971844 596 1
507780.512428765 761 1
507918.900756381 1001 1
508101.325972612 3678 1
508580.627914668 1003 1
508657.723421903 3477 1
508682.214889509 2745 1
508938.135105625 514 1
510254.653784234 2327 1
511574.441063435 2918 1
511757.073194700 4000 1
511879.246000246 3164 1
512323.516218709 3873 1
512485.293790524 3719 1
513284.876903215 1555 1
513513.062852079 1285 1
514270.855593926 2326 1
516512.822283744 3883 1
516616.873734817 1128 1
516682.625465626 2514 1
516822.402712421 3887 1
516871.494653843 2336 1
517371.083186323 3353 1
517579.731521387 587 1
518297.404277824 3702 1
520087.902931713 1768 1
520262.033780642 995 1
520569.018477332 2535 1
521063.500434772 1412 1
521098.318204227 2315 1
521628.086720921 2568 1
521689.226115774 1693 1
522779.028517579 1351 1
524797.558301518 2834 1
524815.284437701 2200 1
524951.736454201 1033 1
525041.623260969 4041 1
525076.293684189 3880 1
526215.543415022 726 1
527091.373325296 767 1
527221.603543937 2918 1
527340.296441641 1454 1
527419.823061248 837 1
527556.424765111 558 1
527827.119470151 3031 1
528246.591680006 2002 1
528475.889429412 820 1
529291.096780495 1009 1
529528.372409597 904 1
529892.989412207 2938 1
529895.275097353 2467 1
530364.591764145 659 1
530699.965444294 1656 1
530773.966646139 2522 1
531547.724499175 4080 1
531741.001128481 3082 1
532489.640370264 976 1
533131.281244380 3609 1
533778.001566957 3952 1
534056.365901308 1990 1
534093.803984530 3669 1
534175.744834203 2937 1
534621.353077296 1005 1
534627.330407545 2398 1
535077.507813532 1990 1
535296.184594520 1485 1
535355.992140998 1691 1
536173.334132349 3688 1
537352.563198154 3552 1
539032.377257443 2498 1
539171.961383122 3293 1
539445.131745764 2091 1
540165.163315434 996 1
540459.932371699 1257 1
540511.412582121 1858 1
541213.548305557 2751 1
541263.444347034 1707 1
542275.569863115 2514 1
542989.267469816 3174 1
543009.500956259 1128 1
544311.103869205 1531 1
544450.567865548 2951 1
545260.019448041 574 1
546160.600153649 1743 1
547132.098878165 3416 1
548208.831029562 2292 1
549228.706029977 3054 1
550027.774395240 4083 1
550359.352503274 3520 1
551665.605613370 2110 1
552247.591837902 2253 1
552603.779111843 3437 1
553090.775903535 2084 1
553970.682143472 1583 1
554669.135816970 3033 1
554801.018180083 3105 1
555582.674568097 3790 1
555789.597497000 1131 1
555851.482649547 1645 1
555903.063436877 3576 1
556339.076669130 3044 1
556756.206828987 3747 1
556985.931306732 4077 1
557623.436639382 922 1
557957.094052988 2100 1
559203.072797448 3671 1
559522.799480293 2436 1
560263.461729211 3757 1
560773.863207763 2455 1
562759.962279884 2612 1
563550.085067778 3077 1
564307.306679570 3461 1
564733.263760508 1087 1
564969.503357603 1563 1
565058.604353577 1514 1
565084.163545649 2633 1
566026.272462745 3539 1
568373.136215378 1802 1
569160.779662208 1355 1
570408.814048275 2907 1
570437.267689003 1575 1
570658.588740013 3143 1
571605.398518189 3520 1
572492.614302963 596 1
573262.814842928 2282 1
573916.076167485 1369 1
574411.430917569 2527 1
574520.434773629 3861 1
574592.927262891 2536 1
575020.371507805 4057 1
575270.392765381 3487 1
575317.210561942 1306 1
576492.590235369 2532 1
577031.238005778 3508 1
577078.199546797 549 1
577361.534228820 1459 1
577711.688359480 1186 1
577980.771238499 3241 1
578141.025915707 3662 1
578161.647626245 2029 1
579561.730556567 3578 1
579953.480308715 2567 1
580005.703497608 674 1
580697.325398705 694 1
580833.528349826 3754 1
580834.155573938 2028 1
581624.424635103 4010 1
582733.414454393 3155 1
582830.371722543 947 1
583740.079979839 3444 1
583967.141902300 2313 1
584048.927363090 2530 1
584117.737743579 2009 1
584625.688871221 1983 1
585744.905262525 2998 1
586057.899742683 817 1
586215.436021683 3458 1
586486.501253641 2377 1
586576.965055780 1337 1
586585.467007982 2110 1
586605.110581363 1989 1
587102.702866457 3373 1
587480.388019509 3653 1
588319.757224499 2598 1
588474.613443816 2663 1
589066.621100229 2666 1
591609.661803803 3432 1
591901.615893275 2487 1
591943.050160031 1498 1
593012.214493265 3983 1
593180.825083257 1552 1
593310.526366917 3379 1
593965.508729055 1259 1
594406.938211244 3080 1
594460.496306986 1530 1
594876.222086992 2201 1
595770.867054798 1032 1
595834.592249879 2639 1
596017.340276873 3010 1
596185.631368076 3388 1
596862.614289750 1155 1
597371.791595593 1201 1
597492.240096004 528 1
597866.684666734 1823 1
598483.878603823 1069 1
599004.733627888 880 1
599299.812226900 1203 1
599720.879263039 1919 1
599786.143576447 2350 1
599831.663600862 2913 1
599881.902393711 631 1
600466.317958063 2948 1
600595.175699583 1475 1
600871.152575459 2120 1
600985.190784224 3914 1
601175.433607694 3115 1
601737.921045088 1444 1
601923.723534481 1144 1
602050.688985876 3569 1
602306.336080767 1884 1
602818.574354496 2358 1
602830.690205001 3689 1
603245.750537876 3848 1
603538.969054292 2679 1
603689.208730986 3950 1
603848.741616763 1550 1
604577.643212023 2592 1
604997.503397978 2987 1
605114.040658870 2440 1
606393.778940115 1764 1
606598.853167914 2353 1
606608.383047264 1883 1
607688.179299954 1781 1
608173.295740883 3445 1
608327.996637330 2811 1
608719.074446321 1852 1
608837.781834569 2404 1
609437.444711480 3973 1
609838.942573218 1508 1
610045.669842516 729 1
610642.065527130 3290 1
610702.641690579 1079 1
610896.765469218 1389 1
611058.723047382 2144 1
611088.146361383 3919 1
611106.195171905 1416 1
611345.172175118 3436 1
611591.694818288 1574 1
611624.639551493 1790 1
612138.846583720 947 1
612259.982580342 4093 1
612591.373680859 2903 1
612723.670455899 1451 1
613558.441639663 3635 1
614312.628028312 2406 1
615892.637265861 2939 1
616006.047489386 2821 1
616018.435853255 1766 1
616168.616752492 3193 1
616750.473810259 3241 1
616780.207202971 1860 1
616809.004978174 2059 1
618353.196812045 3099 1
619459.842172091 3906 1
619652.969830914 4079 1
620106.863424211 3052 1
620367.201970338 1314 1
621585.109203932 1874 1
621893.400605186 1926 1
622326.500599533 1653 1
622401.101211312 1509 1
622464.804695180 1486 1
623573.601499107 787 1
623969.682952794 3413 1
624071.928843557 1325 1
624349.367248628 837 1
624537.685004315 2654 1
626762.967944424 4019 1
626805.582934205 3573 1
627440.127708399 722 1
627579.626663073 2124 1
629415.852486870 1129 1
629981.490902081 3630 1
632584.839806847 2404 1
632589.867055392 2405 1
633328.105327866 2317 1
633424.357352074 3821 1
633445.864256389 2255 1
634401.956685381 542 1
634823.816034555 3568 1
634865.552542884 936 1
635342.822359883 655 1
635696.783159787 2093 1
635858.206001229 2112 1
637247.943445276 3389 1
637562.362705638 1257 1
638072.039090160 2649 1
638252.681127985 1036 1
639367.080520666 1831 1
640948.210346376 2509 1
641269.474099627 3346 1
641613.455824335 2095 1
641820.726939805 3412 1
642917.542224563 533 1
643849.301139080 1234 1
643865.314677107 2843 1
644553.118959257 640 1
646059.422301852 3685 1
646469.572820788 3997 1
647303.121197082 1647 1
648152.299306018 3428 1
648388.987234700 1253 1
649269.519512438 2789 1
649478.872247236 2445 1
649779.336937522 3237 1
649890.604943188 561 1
650344.117802181 1530 1
650465.574146903 1667 1
651376.125337445 2152 1
652363.103044839 2545 1
652681.762183825 2993 1
652890.709130631 3843 1
654401.237703735 621 1
654762.288256746 3936 1
654889.450297686 542 1
654976.511625562 2556 1
655623.556483270 2105 1
656292.166243517 2639 1
656418.821534288 2170 1
656579.513386896 660 1
657163.128080516 873 1
657482.067895739 537 1
658112.525146174 1834 1
658409.458577945 3112 1
658678.887249901 2501 1
661401.598075968 1467 1
661840.195869484 683 1
