6 9.636307818 29.117100741 0.539754929 763068 13
259444.613858680 118.056228309 0.001694949 0.000017429 134.762235476 1.000000000 0.000000000
12
1 0.224161833 1.898660787 0.272462631 0.823350207 3.605065559 1.359591281
2 -1.000000000 3.797321574 0.491114145 1.276053518 5.587241672 2.107136455
4 0.728303945 7.594643148 -1.000000000 1.977667055 8.659279279 3.265704997
8 1.312768535 15.189286296 1.595634565 3.065049332 13.420417809 5.061290217
16 2.366266499 30.378572593 2.876132779 4.750307885 20.799376987 7.844143511
32 4.265197553 60.757145185 5.184231996 7.362173512 32.235515259 12.157095282
64 7.688022536 121.514290370 9.344582969 11.410123328 49.959594687 18.841440813
128 13.857667734 243.028580740 16.843619448 17.683760667 77.428919041 29.201045455
256 -1.000000000 486.057161481 30.360639639 27.406837097 120.001724224 45.256679896
1024 81.155252433 1944.228645923 98.642009207 65.830552225 288.241205860 108.705437948
2048 146.282417597 3888.457291847 177.802312862 102.026218000 446.725101213 168.475036818
4096 263.674193062 7776.914583693 320.488833440 158.123375963 692.348324932 261.107802578
1370
0.000000000 2862 1
11786.315454683 2122 1
18522.396901126 1428 1
23996.144053293 1511 1
24775.922627935 3310 1
29117.019602779 1354 1
35096.250940792 1126 1
52050.304229990 2919 1
52653.727896050 1911 1
56293.870267706 3518 1
66586.673348554 1826 1
71638.496886930 587 1
76691.968940750 3866 1
77225.085528622 1253 1
77276.209369614 790 1
78344.296913995 3093 1
79343.161377984 1679 1
94217.744775255 949 1
100313.933649335 3502 1
104493.330457651 1190 1
111944.539572802 4023 1
124159.913062120 2399 1
125191.677854749 2596 1
138096.930585000 2620 1
141591.520732463 3126 1
142660.240133518 3789 1
143716.644640538 2365 1
162319.489406726 1881 1
172240.565399774 555 1
184903.231373315 2628 1
188089.606472739 1288 1
188675.216255621 2914 1
193009.667884973 1737 1
197940.851018986 1896 1
201047.477238444 3938 1
201569.294877508 3269 1
201570.756888071 2702 1
201598.543294779 1209 1
216656.434448508 1035 1
217684.450154069 2288 1
218212.051277732 1267 1
220126.389372558 3776 1
222340.426415463 1144 1
224489.383718396 3487 1
226675.882303718 1914 1
227452.953638541 3108 1
240178.056183476 2435 1
240272.611553594 3974 1
240474.492113035 2165 1
241677.794499539 2144 1
245737.512243276 2548 1
254542.732185770 3070 1
257678.929812635 815 1
264387.795607227 1734 1
265971.766055570 2311 1
280675.739764687 3566 1
283452.539271044 1452 1
288966.343344099 2202 1
308871.660145688 3204 1
316297.053955371 3427 1
330207.554008237 3153 1
336188.327944120 987 1
352818.805845361 985 1
354428.545299487 1060 1
379145.066465107 1750 1
385068.971163321 1216 1
395016.290237197 3506 1
399509.734015708 1023 1
426924.707520850 2006 1
431703.036548222 3486 1
432638.954537203 1319 1
439229.912010042 1570 1
441699.767253584 2349 1
444441.427764227 1041 1
448002.686140171 3179 1
448457.697607183 1589 1
458580.838177211 2009 1
463403.540748019 2606 1
466705.074266957 929 1
469289.520928740 1069 1
477205.595233748 1029 1
480078.531721550 1689 1
485189.511144578 665 1
486639.882022698 2910 1
489678.470791927 3113 1
500555.802537859 2968 1
500937.173307531 1319 1
501316.608096952 667 1
508080.744537421 701 1
508976.511737054 1190 1
509957.780633883 4044 1
539026.566903221 1862 1
540541.576181183 3298 1
557451.266387421 1423 1
559523.235510325 2284 1
560373.100387104 1404 1
560404.547533995 1638 1
563099.054574123 2117 1
568047.826096914 1347 1
584451.720551519 3707 1
588587.421783434 3333 1
595705.054035519 2891 1
598224.200775324 3169 1
599862.754856048 1616 1
604886.598696375 1764 1
614763.413283005 2254 1
616434.956792366 1874 1
624549.181631844 1886 1
639155.721045698 3886 1
639204.259233277 3912 1
647111.075488304 2448 1
649446.074103607 815 1
649744.144996050 532 1
651047.930598141 1781 1
658429.744022638 3431 1
660098.654563356 3764 1
664752.295080067 1491 1
666082.189939556 2145 1
673355.193954727 3889 1
675384.697040177 3591 1
675646.686101980 3424 1
677148.135290704 2858 1
684157.831346225 2652 1
684205.322870647 3942 1
686110.661553304 3903 1
714806.228574342 2090 1
717408.815008805 3100 1
728403.009523535 2035 1
736680.055632977 2964 1
739038.280699258 3360 1
745743.678778219 4035 1
749619.983834497 1460 1
750585.787875904 2263 1
759593.588913732 640 1
763437.543194152 1211 1
764184.607251705 1501 1
765444.213377321 2838 1
769334.553087533 3739 1
786666.367954925 1050 1
801207.140482154 3013 1
801246.555516110 3896 1
802689.731611769 1463 1
804646.215988137 3735 1
822724.144728077 2221 1
828893.471874118 2373 1
834640.911640572 3628 1
842330.771756791 1061 1
849870.312409124 2293 1
857534.367336948 1551 1
868296.567190753 1828 1
880625.005589335 1674 1
891150.221863495 2605 1
898819.221799248 2659 1
900413.118590099 3929 1
900946.875228776 3575 1
918673.497007236 3966 1
921016.046877686 4050 1
947480.541454691 531 1
964363.560949431 1198 1
971839.479913296 1234 1
981652.109371808 2833 1
986896.815838553 2510 1
989743.822146499 2887 1
991105.065036321 3083 1
991591.580327417 2683 1
1009935.609120546 3442 1
1011309.931984249 3988 1
1016928.479058991 914 1
1017190.234611054 3161 1
1031599.627833241 1506 1
1032148.681580214 2236 1
1036569.763433929 2930 1
1051527.931815003 3834 1
1057252.199889542 3419 1
1059667.957928175 1646 1
1063073.502555090 892 1
1065005.420681482 2984 1
1068345.647492850 3366 1
1078922.672391857 2392 1
1087338.907769910 3036 1
1089751.835505660 2144 1
1090818.076923654 1795 1
1093946.489556084 3721 1
1094563.258690914 2563 1
1096234.764841979 1508 1
1101067.277346502 836 1
1102959.981803059 2549 1
1106241.299489669 748 1
1121942.098586728 2024 1
1125084.584123570 3878 1
1126254.030273864 4058 1
1132538.153499688 2675 1
1143770.728915810 1030 1
1145806.498077544 1334 1
1151220.625913541 1613 1
1151480.602836247 1968 1
1153407.486028398 3961 1
1160154.734488808 4016 1
1163872.882465621 573 1
1166876.383512679 3479 1
1170649.701591298 563 1
1176569.633950700 1308 1
1182513.040745971 3297 1
1182929.922204723 2920 1
1183712.949131684 2818 1
1187267.591615200 4069 1
1215012.272089337 2572 1
1233220.635412614 3268 1
1236507.956104557 1816 1
1240238.456266140 3856 1
1247125.384512070 2491 1
1254313.998977074 2386 1
1254914.267460738 3051 1
1262766.752569442 3377 1
1269755.027366724 2148 1
1270609.845829865 1010 1
1278449.716843584 3514 1
1290152.982826474 1611 1
1311827.422839262 2644 1
1323410.442948560 2872 1
1329815.341422846 2211 1
1330424.467214135 2976 1
1340822.917527632 3586 1
1350999.198138770 818 1
1351460.435865190 3874 1
1359424.292777196 3790 1
1372742.413835611 2587 1
1382220.100652738 536 1
1384518.525642280 1057 1
1386473.812380777 3343 1
1390183.892449946 3661 1
1390277.049954615 658 1
1390295.803792820 1925 1
1395440.790948122 3861 1
1396415.752829375 3514 1
1399625.963418104 2589 1
1409346.538664668 3313 1
1419018.377890225 1803 1
1441534.233660400 3874 1
1443900.838766140 531 1
1454245.546908316 2384 1
1477052.978686917 828 1
1483460.811836700 2286 1
1484446.422636814 737 1
1498233.413802757 1412 1
1500629.610587745 1781 1
1502117.474826121 3892 1
1504468.154920968 2119 1
1506801.821859738 2719 1
1507657.116857584 4045 1
1510458.211222221 750 1
1525790.395532114 1680 1
1530254.508740508 2651 1
1530425.731364960 657 1
1535308.209531778 2357 1
1536165.971485096 3287 1
1543375.042668700 1568 1
1547063.745651100 3696 1
1550747.652771672 3353 1
1556024.767780615 924 1
1565726.462980293 2908 1
1569220.638850983 2432 1
1569666.468529378 2990 1
1577920.850370402 1835 1
1578487.998160926 2483 1
1588343.698526386 1488 1
1601731.998769518 4061 1
1619220.688971763 3733 1
1625753.890918530 584 1
1630648.607274433 736 1
1637695.928594259 1228 1
1651123.068901235 779 1
1663273.016842519 1389 1
1670365.704279559 2192 1
1670660.699349900 3470 1
1677133.052002360 2071 1
1677214.435549265 3098 1
1689426.065256752 2132 1
1689830.958940072 1124 1
1697107.812032253 3943 1
1700316.203891224 2738 1
1703532.844255367 3625 1
1714628.017279162 724 1
1717780.495046153 2957 1
1732730.639542505 3823 1
1750498.886093976 3261 1
1753634.685366856 3584 1
1754231.734853530 2196 1
1755902.226690288 2729 1
1765843.274083450 2636 1
1777073.097451483 3521 1
1782505.580988358 3472 1
1798878.765107526 1887 1
1803062.838930863 1151 1
1806365.585019977 1180 1
1810344.501809826 2746 1
1836434.018860913 2329 1
1837663.414279342 1808 1
1839792.487820580 3436 1
1841226.685716190 1862 1
1843998.041157468 2289 1
1869779.698994446 1757 1
1873833.030151822 696 1
1875157.058655195 1455 1
1881926.701340970 1656 1
1888762.598259494 981 1
1896586.338374452 1362 1
1897458.299418245 2332 1
1899149.719156030 1852 1
1904838.719693695 3690 1
1910400.449507844 1549 1
1919488.635135468 2198 1
1927882.225168267 3588 1
1941188.988278944 2664 1
1945440.070786303 1967 1
1953543.342038709 3924 1
1959832.545921026 1921 1
1962523.429874934 2091 1
1964103.850939021 855 1
1972185.002704454 3839 1
1979873.794862001 3664 1
1987256.811077824 1482 1
1990763.432750714 2573 1
1991398.563850291 3296 1
1994480.431398050 965 1
2002803.264487645 3350 1
2003520.774247906 1056 1
2005126.452394232 3384 1
2025269.730835720 2724 1
2030558.541022008 560 1
2032216.061451536 4061 1
2035977.452706525 569 1
2038011.028515210 903 1
2043834.189844455 810 1
2045044.836720489 655 1
2048123.408102739 3967 1
2049518.502870096 1133 1
2069260.642294589 3112 1
2072724.118000023 1601 1
2075728.023083409 3677 1
2077754.249048803 1471 1
2081422.339764815 2239 1
2082276.444561001 3440 1
2088094.426127092 3150 1
2097000.768344256 957 1
2119094.019811508 3210 1
2124820.015053673 2259 1
2136420.797891728 3065 1
2140180.142389865 1949 1
2143355.861635276 855 1
2148834.906485963 2613 1
2168220.810719309 529 1
2173206.326399829 3782 1
2181530.788683213 966 1
2189702.950741973 615 1
2194414.088418988 1731 1
2195384.856914203 1265 1
2207756.693885014 2584 1
2209894.058688351 2282 1
2214740.901695861 3762 1
2218028.592434044 3105 1
2218052.684868176 2134 1
2221669.734076920 3362 1
2222252.527987837 2491 1
2224478.573982910 2144 1
2232778.208524436 2911 1
2235032.245716189 3512 1
2240433.459911908 1182 1
2243791.271075559 1313 1
2253171.460474475 2558 1
2253694.631725491 3758 1
2266913.249450635 3796 1
2271051.116164754 612 1
2282091.370146669 2143 1
2283382.365348918 1224 1
2285529.441576269 2750 1
2287441.268585362 932 1
2294901.122999818 3010 1
2299093.705046908 1556 1
2304452.332226564 982 1
2308506.077696849 778 1
2315008.038048722 3496 1
2317859.583427464 3722 1
2328128.946988644 3079 1
2334992.294283900 3540 1
2343900.725432238 544 1
2349780.073681633 2660 1
2359196.518872146 2863 1
2361492.931040332 1335 1
2368168.603287478 1809 1
2369282.514604076 2719 1
2372535.796411245 3802 1
2382311.322452867 2925 1
2398927.301123071 1141 1
2398981.745861182 3586 1
2411208.490487593 2001 1
2411667.858091860 3996 1
2418719.214642900 2880 1
2427563.793126217 3876 1
2439335.432462735 553 1
2440106.386057649 557 1
2443305.530312116 814 1
2445865.815471799 3487 1
2456379.436478283 1797 1
2459622.620038052 3833 1
2480037.740487618 3030 1
2481096.640058084 829 1
2481473.168561081 2325 1
2491967.207710670 1875 1
2505322.243272600 607 1
2506930.871602464 3120 1
2513209.869301416 3812 1
2519178.570491363 4065 1
2525971.692558978 2528 1
2527518.450572394 2227 1
2532986.039075179 981 1
2538693.571253100 3003 1
2540693.505160143 2508 1
2547997.619850019 3833 1
2566721.014857805 1558 1
2570838.530189571 1412 1
2579138.227926022 1525 1
2589693.794019373 1134 1
2599974.756264582 1124 1
2602436.606075210 1786 1
2607087.837110823 1534 1
2610728.535353171 2763 1
2615620.190724861 3386 1
2618466.325835964 1144 1
2631555.094243723 1113 1
2651143.512465093 986 1
2651304.973527839 1728 1
2658658.871746648 3493 1
2665655.589749235 812 1
2667109.998525860 2862 1
2676367.831696432 2396 1
2678175.838083043 2295 1
2681776.353213701 1026 1
2684980.450880327 3144 1
2687824.108354498 3132 1
2696007.626422674 3705 1
2701906.069899367 3865 1
2708256.773433307 1712 1
2719989.015502899 1576 1
2724884.534767187 669 1
2727922.923308310 1920 1
2728625.250424405 2957 1
2734090.331249664 851 1
2758507.371366341 555 1
2758615.362763574 3394 1
2759632.321213697 1111 1
2759795.316542016 3222 1
2762331.732191837 1571 1
2767320.916586910 1293 1
2778498.110563045 3698 1
2779217.951022314 2886 1
2788368.798522333 2356 1
2790047.408011223 1709 1
2790249.728828788 3388 1
2799901.380694260 3015 1
2800029.831225862 3704 1
2805586.839238130 3677 1
2807820.672348561 3596 1
2837107.712517253 3975 1
2840078.151809175 720 1
2858958.513235162 1593 1
2860637.167434671 3920 1
2862853.009123970 3893 1
2871950.742647694 1152 1
2880882.504023568 882 1
2884320.760948185 3475 1
2894878.233706093 1387 1
2901441.186686906 1987 1
2903724.252276543 580 1
2907687.008433477 1492 1
2909368.423530413 2434 1
2910605.872838733 817 1
2913595.712201681 3339 1
2917795.595461560 3711 1
2924682.089679248 2504 1
2929932.941623034 1679 1
2932322.866481001 2540 1
2934728.655889703 1199 1
2937144.920351830 2883 1
2939408.313171877 2364 1
2941067.595994971 3878 1
2946662.132928843 2956 1
2951004.010114419 1167 1
2954127.774581486 1644 1
2962438.014366915 2548 1
2965198.493626024 985 1
2967467.567861308 1387 1
2977403.209225232 1198 1
2978401.058856802 2142 1
2981852.760230451 1324 1
2982298.830697917 3547 1
2992796.579546317 3802 1
2995780.375770521 681 1
2996403.604071070 1551 1
3003166.355280275 1394 1
3022517.259157602 2169 1
3027499.548923257 1204 1
3029529.538750278 2126 1
3035467.718609519 1585 1
3037520.451681568 1065 1
3039456.478611276 949 1
3043735.019619875 2413 1
3054963.968173433 3504 1
3087392.392463331 2757 1
3095205.301584281 937 1
3097077.087144980 1936 1
3098259.869270409 1315 1
3102269.166685096 3536 1
3109213.560834152 3595 1
3122053.857418078 3514 1
3127205.915798769 1104 1
3128727.705820546 3179 1
3143742.446046310 954 1
3153130.939449074 805 1
3171482.767324129 1972 1
3177520.415714429 2216 1
3177638.747504770 568 1
3181636.903319796 1144 1
3195514.536393184 1862 1
3201507.452014558 2725 1
3202011.632283911 3410 1
3210136.296860196 972 1
3211548.963048996 3607 1
3212518.487126247 3158 1
3222655.134130906 1436 1
3229320.389024425 788 1
3233171.560785159 2983 1
3234994.445639233 2364 1
3239671.947153273 689 1
3239760.216745316 2851 1
3248849.431267808 3784 1
3249805.212335545 1040 1
3250982.995031265 3368 1
3258630.754469975 2385 1
3259021.184664418 3899 1
3267399.919215719 2771 1
3269225.961230480 4089 1
3274265.651565483 1389 1
3277555.593268774 3929 1
3280630.535020413 1665 1
3282720.314177789 3029 1
3295621.760199473 1517 1
3305770.273841781 954 1
3310151.099868688 1328 1
3323700.976061644 3405 1
3325890.975064717 1499 1
3327148.270485247 3250 1
3335176.327973755 3294 1
3335645.356659274 727 1
3340084.998048299 804 1
3354887.270273886 3336 1
3363619.437892544 1352 1
3369131.402456761 1711 1
3383821.992245957 1158 1
3384566.452412324 2410 1
3390006.872348486 875 1
3391832.835495983 1553 1
3399193.064661936 3939 1
3400556.479044098 3559 1
3402852.225654596 1410 1
3409027.811111455 3667 1
3410100.493291012 3269 1
3412808.448368983 2820 1
3416615.841738489 2641 1
3421243.970282041 2646 1
3424814.443275433 1109 1
3428146.322972523 1713 1
3442150.234419192 2351 1
3444574.247161189 3779 1
3451444.153528882 2240 1
3452616.666956922 3783 1
3455982.886477485 3699 1
3467243.024955665 1224 1
3468884.335287300 784 1
3470569.868377892 3617 1
3472927.605052889 3618 1
3477535.882602776 4056 1
3484968.413046611 2907 1
3494694.199767552 1570 1
3517479.664729141 1879 1
3518759.300602283 3731 1
3522298.179133188 1941 1
3523815.013684476 2593 1
3524291.296078427 3226 1
3526791.859293461 2902 1
3528263.504324117 3285 1
3535012.840464476 2921 1
3539698.392197272 1864 1
3547422.695031785 1547 1
3549452.178968466 3486 1
3549589.645534328 1330 1
3550416.467580937 1570 1
3557231.132746605 1913 1
3557975.882495375 2247 1
3557992.314778248 1536 1
3559492.446539456 3469 1
3567206.941311510 3673 1
3570494.612651736 610 1
3578389.446960183 3910 1
3579375.956703392 2208 1
3581740.958162284 755 1
3604682.292681914 2689 1
3604981.934254676 1791 1
3609174.071185549 2703 1
3624448.093018722 2552 1
3628243.750064631 3807 1
3628458.867783803 2778 1
3630307.160994668 2578 1
3637515.099876493 2556 1
3639334.062550154 889 1
3650113.110791562 1393 1
3650326.833478542 3748 1
3651109.985649451 616 1
3659711.316864467 578 1
3668570.981683896 3771 1
3672963.278714592 1102 1
3673297.008467075 2857 1
3675120.149789317 2057 1
3675648.497536186 3279 1
3678380.328211079 3877 1
3689927.107182771 3336 1
3691527.970550518 3751 1
3692015.760033401 2793 1
3694584.265944796 1441 1
3696656.165694017 2138 1
3716056.763977837 3614 1
3721120.138245639 658 1
3729089.380365157 1441 1
3740173.643304669 886 1
3744068.809813988 1335 1
3744322.396839206 3532 1
3747787.768552407 531 1
3754054.789068843 1088 1
3756603.256439420 1545 1
3765938.547315383 3642 1
3767041.740120410 2407 1
3768887.888326653 3136 1
3769269.078977686 2569 1
3781610.289647144 1804 1
3787466.554350765 2470 1
3799313.797188850 736 1
3799755.997359795 3745 1
3802906.736853554 3987 1
3804697.704401853 1513 1
3807292.057777483 555 1
3813882.209965310 3438 1
3815509.527005785 1076 1
3819659.476271634 914 1
3820737.225392287 1778 1
3829695.172924135 1510 1
3832082.732982747 3789 1
3846621.151858118 552 1
3855904.143132193 1302 1
3857290.498860958 2421 1
3857607.428496088 2370 1
3865873.766977698 1263 1
3865945.166127642 3139 1
3869505.203661281 2708 1
3873945.340941108 2635 1
3874319.091892732 665 1
3876141.240694510 3033 1
3879052.619979805 1478 1
3881956.559234565 3979 1
3882052.617671631 1349 1
3885563.645852124 732 1
3887598.662431318 567 1
3902013.105599409 2231 1
3903802.504064105 3959 1
3906869.024137893 2576 1
3910057.386603205 3520 1
3916262.262734872 2202 1
3916702.799641104 3746 1
3929057.835555847 702 1
3930427.334379308 2198 1
3941091.419251152 2194 1
3942499.017208289 3630 1
3943173.495794988 1137 1
3945566.758937289 2451 1
3946400.734711015 3693 1
3947165.210292320 3289 1
3956300.287796124 1184 1
3957257.966253389 3707 1
3962746.068459034 3676 1
3970028.392762048 3511 1
3976159.499279879 2833 1
3977154.844547493 2355 1
3982878.402535040 2310 1
3996914.013989981 2404 1
3998376.218861364 1776 1
4007585.032939363 1720 1
4012950.835635636 2979 1
4019867.683466269 2876 1
4020442.526849570 3238 1
4022243.503914408 2851 1
4023976.964114367 1282 1
4025787.213533621 1954 1
4042647.813090181 2146 1
4064526.970686979 3013 1
4064774.875626460 557 1
4065331.103939618 1651 1
4065513.170839697 3041 1
4068585.071558948 2683 1
4069341.990844954 2924 1
4086493.882168473 1512 1
4089001.820627516 2444 1
4089772.772440862 1043 1
4090722.871315442 1387 1
4091817.211049164 2602 1
4097244.072386880 636 1
4097476.115797920 3443 1
4099791.857944942 1770 1
4104951.458670281 3909 1
4111986.064437963 2607 1
4112055.155160313 817 1
4120288.303205099 2724 1
4120737.274426129 1053 1
4122370.660303921 860 1
4123751.580251328 1892 1
4125746.863663419 1409 1
4128027.104683793 3639 1
4133236.060409070 2527 1
4137854.291398880 3707 1
4139147.869062844 1857 1
4146037.904938628 1984 1
4154867.570149186 3990 1
4159336.850201135 2116 1
4164887.913026999 2470 1
4181873.970702175 1831 1
4182433.533341195 3043 1
4185890.254984616 2664 1
4189578.251397111 1314 1
4192748.692863239 1240 1
4207330.648391169 2407 1
4210907.910121747 2143 1
4213515.621603979 3468 1
4227531.283614523 819 1
4233003.345039463 599 1
4235213.625282224 1917 1
4240621.279536512 627 1
4255483.562713062 1815 1
4257667.968747173 905 1
4262017.796251195 844 1
4265562.181805391 3884 1
4267252.332331636 3259 1
4267505.659200571 3946 1
4280180.017358803 3727 1
4286849.150330042 2261 1
4289595.434398840 3238 1
4292151.791084929 1328 1
4293616.966794204 676 1
4298493.445266360 3802 1
4300101.960960307 2289 1
4302294.805875162 1817 1
4303685.774481510 3711 1
4305556.814737116 3079 1
4306380.378104864 778 1
4311808.075472276 3187 1
4334576.946290915 3604 1
4336556.297493570 2399 1
4337300.340440153 2666 1
4354941.685763764 2066 1
4359009.190212891 751 1
4364866.995831630 1678 1
4370044.898300868 2171 1
4373888.956443693 581 1
4373994.187581969 3113 1
4375722.884908061 3110 1
4378525.911402266 1353 1
4379902.174293389 3108 1
4398032.266916840 3047 1
4404089.164755485 3985 1
4415604.498147598 1881 1
4424238.922760648 1751 1
4433129.316476894 1203 1
4464002.996282888 1335 1
4480152.150425429 736 1
4481146.548872796 3206 1
4483529.842770315 3954 1
4488816.881682476 2666 1
4505398.434935916 3871 1
4511559.444218369 3821 1
4514917.645349410 1845 1
4515903.548927855 2473 1
4521186.550334852 4093 1
4523020.688991513 1176 1
4527300.076682612 3122 1
4533783.114457399 1734 1
4537111.954422194 725 1
4537798.749741375 2866 1
4547911.800196316 3004 1
4554070.986817184 3323 1
4568318.679422016 1270 1
4568526.370337103 1025 1
4574116.841099828 1990 1
4582476.657263434 2796 1
4595893.193621499 1220 1
4596796.618908972 3036 1
4598138.674023336 1498 1
4601901.176150724 3837 1
4617325.228970986 1794 1
4622147.412118027 3624 1
4622594.923360362 1973 1
4622967.027421148 622 1
4627744.086781750 764 1
4657316.922204101 3320 1
4661956.383310817 583 1
4666316.397174611 1417 1
4673551.345942223 3674 1
4680748.748061758 3398 1
4680959.686408795 1437 1
4686695.259191415 1886 1
4691615.059985122 1613 1
4697299.264919873 2096 1
4700202.965950473 679 1
4719854.991043128 3797 1
4719966.113116978 3294 1
4721482.590996549 2178 1
4725262.557784564 1654 1
4736206.654852371 2390 1
4745853.843420425 3010 1
4750792.592410830 2001 1
4751828.231300139 2506 1
4759687.797563842 3595 1
4764634.210781042 907 1
4766307.162940059 3274 1
4766911.651595498 884 1
4767216.552101556 1572 1
4783675.477622996 2436 1
4785696.192639035 1667 1
4800536.893554140 989 1
4801298.076360961 2914 1
4803774.075809021 3524 1
4804534.613100268 3133 1
4805685.001008571 1069 1
4835425.873273625 848 1
4838017.771159046 3027 1
4840262.261546779 1244 1
4844965.531038758 3870 1
4855799.662393463 1264 1
4858259.296044040 1073 1
4863120.095375663 2085 1
4869969.701547764 1093 1
4873805.169299630 1828 1
4876457.871563407 586 1
4881021.820631657 1979 1
4889267.347266928 3704 1
4890216.861076587 2655 1
4895332.120798235 1026 1
4896665.396918329 1805 1
4898473.873740711 1439 1
4902474.924067759 1891 1
4903847.677295374 2453 1
4905167.948854801 3575 1
4909700.642869709 754 1
4915421.208074069 3048 1
4920912.937570242 2343 1
4922231.113585737 3913 1
4922512.607357067 2169 1
4926750.366340924 3257 1
4929879.205317822 711 1
4936202.809414930 2815 1
4938647.106026614 1687 1
4941102.397511506 3956 1
4949957.070227321 1361 1
4953840.002476259 3064 1
4965540.059346603 880 1
4975946.155839160 1531 1
4982088.623739297 2705 1
4992216.754627076 2090 1
4998351.541744329 1057 1
5000246.622909334 1670 1
5000439.175471968 1934 1
5008831.493731637 3052 1
5009011.737538794 656 1
5010319.291732767 2772 1
5013318.427960345 1074 1
5026889.942730661 848 1
5039094.145616598 2525 1
5039666.358667867 3338 1
5051953.834044150 2749 1
5056219.783544193 2253 1
5061134.088121006 1383 1
5074125.087674191 981 1
5084383.590248309 900 1
5091444.074041140 3359 1
5097097.587059733 3733 1
5099013.577544869 940 1
5103212.886873825 2198 1
5103821.920182641 1274 1
5110059.525379103 2705 1
5119965.822625799 2500 1
5120428.066359706 2107 1
5122294.328894438 3486 1
5124208.470084163 3844 1
5127419.742115181 2010 1
5128995.778914693 3950 1
5132480.140661593 2504 1
5146529.519230767 2737 1
5147184.103881280 2826 1
5147662.460613814 4008 1
5157783.279388069 3458 1
5161201.614528869 4067 1
5171804.003195077 1737 1
5174912.404928737 804 1
5180827.771369580 3456 1
5188053.329224537 2249 1
5194662.711080788 1615 1
5195823.224970162 3146 1
5198879.140222563 1449 1
5230150.818028074 1515 1
5231958.107774123 3777 1
5264412.107237533 2594 1
5270587.577810045 3051 1
5270864.463461404 1593 1
5274395.916006858 3656 1
5281145.288645516 633 1
5299031.640133895 3356 1
5305922.368546763 2298 1
5305942.925091461 2161 1
5306759.641997053 3066 1
5311385.576106767 2844 1
5319992.110894699 3144 1
5325984.398917352 1929 1
5336907.627835182 3911 1
5344059.922303085 983 1
5354288.925796556 2278 1
5361506.723987149 3033 1
5366908.675517987 3257 1
5368446.080609879 3550 1
5368692.910065657 3151 1
5376096.645979542 2165 1
5385094.647735802 1354 1
5405392.389214008 2377 1
5424050.944717927 3539 1
5428538.531439432 2723 1
5434839.223636133 4045 1
5452715.737561255 3364 1
5454707.667899023 526 1
5454843.003375941 3801 1
5455425.900548559 3636 1
5457506.791545673 1518 1
5459743.659344320 2491 1
5464205.876822784 802 1
5466774.889533984 3878 1
5467961.057997421 3897 1
5468085.574456700 3627 1
5468507.862010111 3917 1
5472968.753694454 2738 1
5477087.504292093 2769 1
5480762.203998702 864 1
5480889.218398476 2810 1
5481023.732040896 2838 1
5485599.303452643 1430 1
5491834.866189826 1157 1
5491840.392456672 3062 1
5491969.217828620 2730 1
5493486.909354586 2026 1
5532750.949155211 3225 1
5532912.423506550 2759 1
5533468.964679359 2841 1
5534520.997296914 3737 1
5555282.602433596 2958 1
5566408.915460297 1009 1
5571119.409060976 2250 1
5575741.461978213 4043 1
5596706.283962019 2925 1
5615619.558631396 3196 1
5636300.355297108 1894 1
5639369.443587804 1116 1
5640647.700892707 1846 1
5645391.296348087 987 1
5646669.209551567 3398 1
5647015.397896606 2024 1
5652892.424715959 1961 1
5664708.031470534 1581 1
5667858.323150585 2327 1
5683664.739528364 1716 1
5683677.661208899 3875 1
5684441.701332838 3999 1
5684466.486272176 1728 1
5692534.791986486 2015 1
5692860.700200114 1867 1
5693862.451016894 2271 1
5694224.106114004 1772 1
5699826.968997455 1977 1
5704824.695592666 1019 1
5705028.729675375 603 1
5713153.229034733 1247 1
5717584.522442433 1329 1
5719532.448973250 3767 1
5725270.171793223 778 1
5753548.132489105 1873 1
5760405.819643318 2795 1
5760461.123240192 2605 1
5765806.720811317 2683 1
5767143.586028454 1048 1
5776128.401979205 1442 1
5776721.676962725 2592 1
5782942.077542564 2640 1
5823771.026990929 2169 1
5839376.383286010 2116 1
5848014.043527199 2702 1
5851686.865559516 579 1
5853329.869970907 1501 1
5862542.474107877 1146 1
5869392.824803622 3624 1
5874318.211353922 517 1
5877658.380506402 3151 1
5899891.346740688 2118 1
5900351.845483400 3255 1
5904384.990093743 3122 1
5907415.103728135 648 1
5918488.264586353 1986 1
5925167.501446963 629 1
5925415.863135289 1050 1
5933740.274047276 1220 1
5933879.760561422 2897 1
5942971.366795886 2803 1
5955112.995335717 2160 1
5955859.906133846 2388 1
5962162.260101045 4005 1
5965408.634290257 3552 1
5975447.041613994 3744 1
5979102.120268416 2180 1
5983828.577597771 1996 1
6001617.871562500 1016 1
6009323.062179113 3490 1
6016561.029315571 2928 1
6022981.154362254 2548 1
6023328.292852129 3158 1
6030791.547201804 2995 1
6033119.971084664 1369 1
6034613.370913275 675 1
6040715.119809556 2054 1
6042868.900789633 2745 1
6045717.457750205 3931 1
6047019.100644975 2262 1
6050261.920524391 2968 1
6051863.563449120 1720 1
6075650.425947567 2585 1
6078717.740295223 2601 1
6082194.119092598 3553 1
6083513.025073319 3831 1
6085143.180913155 554 1
6093127.593422930 2423 1
6094722.383988380 3986 1
6101794.457238359 3380 1
6102872.065326340 3953 1
6106824.076856693 1191 1
6107195.165358906 3957 1
6107935.283486248 1007 1
6110799.022357082 714 1
6114493.056602246 537 1
6126987.913507718 1034 1
6131866.701232234 2808 1
6132545.067900328 3989 1
6136866.068458889 3391 1
6138579.840486716 2610 1
6140133.482512879 3986 1
6144090.176958414 1965 1
6145944.675620445 2256 1
6149905.880353850 2214 1
6152030.599387481 1570 1
6163216.220897113 1631 1
6168747.159382842 3674 1
6174358.602155266 2538 1
6178318.024704557 2123 1
6184738.160063498 1946 1
6194533.235709711 2277 1
6195085.432445562 2756 1
6200026.209812417 2851 1
6205613.248867244 1611 1
6208661.015709396 3032 1
6216215.121635745 1413 1
6221448.378006645 1225 1
6224904.356997425 3665 1
6228443.486442267 2908 1
6237492.440438647 2289 1
6239784.264323275 3526 1
6245794.916697018 1456 1
6253003.071567625 589 1
6256032.068685909 3311 1
6258591.673430668 3059 1
6263656.870879377 1031 1
6265847.936389730 1752 1
6266933.033660916 2092 1
6268589.978976270 1070 1
6283770.320327849 1778 1
6301478.618185648 858 1
6302369.822129962 4038 1
6308502.237134523 2983 1
6320962.276756915 2446 1
6329170.989093639 1345 1
6329373.918187083 3032 1
6333388.554786993 575 1
6340124.771459825 2282 1
6349997.492707014 3020 1
6352788.844160087 3479 1
6361491.469272069 2565 1
6370774.283884288 3864 1
6371844.009708769 3246 1
6372969.352690306 986 1
6381232.005728396 3783 1
6383029.953365132 2727 1
6385808.429054384 1483 1
6385816.294893793 2948 1
6392671.848689958 1128 1
6395994.590367157 1121 1
6396333.614218179 2763 1
6400405.709126914 3542 1
6405137.212479609 966 1
6415389.649926344 2819 1
6415468.270268524 3518 1
6420361.566151565 1074 1
6427750.712752119 3416 1
6429541.564636636 1597 1
6438139.149020043 639 1
6439972.540117710 2020 1
6446486.103566866 2433 1
6453721.154511538 1432 1
6455937.869505777 1932 1
6457976.027776470 1771 1
6460630.613511937 1663 1
6465281.055740065 947 1
6467195.481908808 1221 1
6485266.309616389 3654 1
6498354.924829987 723 1
6499021.749511088 3967 1
6501373.936655495 1581 1
6508606.556260880 3908 1
6510599.832068699 2697 1
6516620.690435063 1853 1
6520757.867746633 1236 1
6523902.299867079 3420 1
6529074.651051970 4083 1
6530415.764501601 2842 1
6530901.664093612 1341 1
6536719.765428732 1629 1
6540893.614366142 2635 1
6546982.514271575 2529 1
6549972.097211888 3429 1
6552612.330501966 3074 1
6552720.111004332 2930 1
6567451.149306674 2735 1
6568028.239707485 1584 1
6576183.091904998 3534 1
6578561.409673599 3033 1
6579216.417721280 2605 1
6593088.897998285 3873 1
6599731.590028891 3030 1
6611639.852506375 2871 1
6616984.947314422 546 1
6619356.365852695 2406 1
6619749.083042460 2381 1
6624001.723475143 3032 1
6627708.073929495 2422 1
6633172.966681904 3855 1
6641102.914920403 3728 1
6643844.694855388 2836 1
6645682.116790116 1771 1
6652748.355069148 1738 1
6659963.095684329 3656 1
6665240.433963702 3308 1
6674601.023612479 3866 1
6675409.889682231 1919 1
6681150.291936285 1413 1
6684803.602591102 2270 1
6690025.824004096 3609 1
6699776.096222224 1260 1
6700955.603056750 2777 1
6708290.563832643 2261 1
6710198.208604833 3454 1
6719817.360595628 3496 1
6723075.871591525 727 1
6740496.904927806 4071 1
6746214.560904775 1285 1
6747950.655456975 1046 1
6749729.262893015 3299 1
6756474.952986843 2680 1
6769475.971215008 1579 1
6773046.823875880 2435 1
6773399.300550289 1255 1
6782118.891232404 863 1
6784753.850213728 3303 1
6791376.656685892 805 1
6800830.503887092 2488 1
6807066.064359445 2401 1
6833436.233528119 1082 1
6836952.882376250 3164 1
6842218.021045943 2494 1
6847865.735035978 2810 1
6852617.393403387 2763 1
6856172.368256683 3130 1
6857731.311829885 2516 1
6859070.978835746 1665 1
6859977.512162944 1958 1
6865454.270710242 641 1
6865861.426745457 1194 1
6884198.506692131 670 1
6891106.636915083 2946 1
6901823.439664431 2147 1
6906619.362680195 647 1
6910547.243590417 3873 1
6934722.374711650 3427 1
6936397.478895656 3093 1
6936945.193105360 2251 1
6941998.254882799 671 1
6947407.469519656 2443 1
6956988.466634665 2092 1
6958828.632479590 3402 1
6960539.569488546 2617 1
6963536.835370786 2801 1
6968842.146326567 1856 1
6969663.018844707 3258 1
6973038.761956699 1114 1
6976289.245920908 2675 1
6976301.887624041 1483 1
6979980.438672430 2300 1
6987526.989140027 1546 1
6997671.422117163 2964 1
6998275.181831722 2638 1
7003662.181800240 3892 1
7010027.143816013 2398 1
7013209.554527395 2408 1
7017294.605717171 3772 1
7026644.620371853 1131 1
7029423.971569978 1929 1
7038221.612036762 3138 1
7041163.325541628 564 1
7043161.464494052 1637 1
7047720.681005121 2261 1
7048822.808372954 779 1
7054250.937779970 2601 1
7060453.494640262 2549 1
7068372.610532608 3672 1
7079548.202080867 3691 1
7085836.577066699 588 1
7087528.918824801 1126 1
7092394.084842675 2633 1
7093937.740957512 3958 1
7098038.140284108 2841 1
7099262.112937146 2857 1
7102395.310008635 4012 1
7118650.900998156 687 1
7118766.440992815 2096 1
7123270.545756035 1013 1
7128262.112107833 1036 1
7138160.431390154 2573 1
7148864.986674795 1564 1
7152748.026236972 599 1
7155007.435458813 1603 1
7157788.050388659 3871 1
7167309.826788110 761 1
7172747.022232709 3331 1
7183509.528880386 3317 1
7184858.701678553 1116 1
7185481.076541751 3416 1
7193547.267378303 3811 1
7195716.232565269 3013 1
7196637.098604616 2728 1
7205342.659608450 1571 1
7211672.311060634 2665 1
7214420.935194220 1227 1
7220053.885794855 1738 1
7220238.696071316 2535 1
7227793.814115610 1297 1
7251838.101367838 1914 1
7261065.785109311 2984 1
7266103.111042003 2235 1
7266823.270907522 744 1
7284406.071028120 2265 1
7287765.893793883 3035 1
7302651.353662020 2278 1
7304386.751641745 2511 1
7306676.013178631 3617 1
7316436.336933897 1474 1
7326616.930800502 2269 1
7333066.567000994 2201 1
7336010.661305206 1840 1
7341551.985952610 712 1
7348427.229438086 2616 1
7355547.081027673 2165 1
7372199.275579854 924 1
7379692.116102360 3875 1
7380973.962027874 1534 1
7387070.892398447 1129 1
7387825.683417471 1539 1
7401043.765069918 3595 1
7406688.713852973 2931 1
7410077.977298245 732 1
7415009.226698673 3489 1
7422100.018896638 4040 1
7444803.999065812 3242 1
7453609.002878468 1420 1
7455948.645418290 3098 1
7457837.852879228 551 1
7458389.357935728 1557 1
7458455.781985849 940 1
7464652.953959438 1543 1
7470527.049682688 1157 1
7478633.830048497 3872 1
7482683.502370962 3035 1
7485709.883259044 3462 1
7501101.610487737 3611 1
7503863.235477209 1417 1
7510763.899542734 2891 1
7512337.196519555 1293 1
7514738.679899965 1527 1
7520289.660224195 3638 1
7531775.783856167 3354 1
7532212.716863728 3118 1
7534925.362278657 646 1
7540204.902977835 2684 1
7553790.976277664 3886 1
7556182.438742967 538 1
7563092.670693289 2140 1
7566287.533761063 3321 1
7567824.406632620 548 1
7570282.623690489 3433 1
7572627.335240623 924 1
7573924.776631526 1415 1
7574228.729283764 2444 1
7576225.455216555 3100 1
7585375.324545789 1934 1
7593424.390422968 1462 1
7617454.307178746 3800 1
7618568.210600973 2688 1
7619906.408220690 3451 1
7626477.873451272 2206 1
7646423.475693709 3268 1
7646818.153468722 892 1
7647127.000363491 3636 1
7648491.718097029 1216 1
7655695.881384605 2686 1
7657170.455933064 2532 1
7663010.877644815 3694 1
7674377.528953266 731 1
7675642.809201327 2498 1
7691598.356974265 3570 1
7694957.418233237 3694 1
7696152.757228361 609 1
7699874.522998187 2731 1
7703957.010105208 2942 1
7704962.989446551 2931 1
7705861.725298119 1755 1
7713676.036541915 1852 1
7732273.211310268 3170 1
7735315.126836648 2912 1
7743113.620578947 836 1
7745840.318011266 2097 1
7747811.058941339 1140 1
7758792.044387314 3008 1
7761958.267763383 2717 1
7765924.181921527 3729 1
7771268.679979865 3243 1
7777309.035065352 3978 1
7786180.874831063 1986 1
7788063.176098395 1776 1
7799697.907418259 3933 1
7820807.832289035 1535 1
7825990.489679412 2854 1
7826342.610950996 2380 1
7829062.775259628 1291 1
7837838.391059441 3521 1
7853764.773417327 3977 1
