4 4.148958217 40.241988283 0.340811519 817179 20
426113.377738719 178.250933221 0.000097778 0.000010663 172.509675812 0.750000000 0.250000000
9
1 0.273859808 2.760455845 0.308078084 0.483099609 0.859028921 1.672304920
4 0.889773140 11.041823380 -1.000000000 1.236290934 2.198324419 4.279563412
8 1.603816908 22.083646761 1.804210865 1.977710337 3.516687545 6.846072043
16 2.890881460 44.167293521 3.252091753 3.163768390 5.625689811 10.951748557
32 5.210816507 88.334587042 5.861898394 5.061120550 8.999487572 17.519651516
128 16.929992780 353.338348168 19.045364072 12.951816422 23.030415850 44.834203806
256 30.516327650 -1.000000000 34.329286360 20.719185528 36.842049274 71.721846298
512 55.005708823 1413.353392673 61.878570426 33.144744721 58.936695002 114.734350112
2048 178.714075219 5653.413570692 201.044068448 84.820079812 150.823764553 293.614472390
1766
0.000000000 2025 1
14286.280961580 1185 1
42851.665953664 632 1
46086.621657166 1384 1
74395.053348145 3936 1
75467.938823156 1059 1
83563.776721698 740 1
94280.762886750 3198 1
99076.666594398 1037 1
118218.810494963 3730 1
157208.238632979 2230 1
157735.644765446 637 1
174022.401922597 3156 1
199438.675246644 722 1
200545.150322003 2618 1
210703.174559852 664 1
234720.116740358 3175 1
238709.602872017 753 1
257054.161475470 958 1
275926.656536675 1760 1
288238.137436740 918 1
301439.795429503 1485 1
306895.740005665 3211 1
309590.465961165 719 1
321294.333067510 2739 1
324755.793151795 702 1
333985.599657999 1567 1
361045.147185575 710 1
379971.611942595 1451 1
397130.003173014 514 1
409876.742114950 2036 1
416631.739851037 4000 1
417413.726489006 1404 1
418520.808157214 3250 1
428286.747457088 1134 1
430893.338283967 571 1
435832.871149878 678 1
436322.271907540 3107 1
447488.655753583 1075 1
458064.223141033 1740 1
473013.817942438 942 1
477287.714638434 1570 1
479247.354937722 1014 1
492664.834828592 2447 1
493040.853145117 2548 1
514766.986486993 1150 1
522545.662830365 2746 1
539502.016043209 3882 1
546201.646782992 2180 1
589126.775574108 2568 1
592931.012174164 2122 1
624542.116355073 2891 1
637185.449508964 2007 1
667374.526842375 3865 1
675592.763999565 2988 1
681143.976051880 2189 1
685413.995379621 3033 1
688373.002853536 1059 1
695661.353465957 2944 1
700237.362785824 4067 1
711782.829484703 3707 1
712752.913531348 2719 1
721618.170309060 1961 1
729019.953579140 2302 1
735412.953531327 1562 1
743703.197931312 1053 1
783881.509797656 1617 1
788899.723988499 634 1
802644.609875866 2473 1
804173.282171442 571 1
806737.834253266 749 1
818345.686194101 3129 1
820952.970332598 3995 1
852700.250007555 1265 1
883016.926053948 1291 1
907795.703840949 1071 1
924693.355758638 2588 1
930398.127979505 3317 1
950516.695034344 3829 1
964249.659867709 2345 1
964885.525253187 619 1
974122.917817125 1395 1
976957.098925758 1286 1
978233.529941661 747 1
988418.211169898 1763 1
992563.464198777 3644 1
1021683.060314389 2200 1
1036508.285891269 2638 1
1050542.324440531 1724 1
1079088.202770210 2043 1
1089323.930497635 2229 1
1093203.198839771 3301 1
1093826.585411501 1158 1
1096097.533078698 4032 1
1111040.095043915 2112 1
1120786.401195831 3623 1
1122236.377426174 2154 1
1124988.482967215 1700 1
1143098.534017379 1895 1
1154498.524893145 737 1
1160252.992515964 1532 1
1160941.640649713 2535 1
1164929.470716924 3893 1
1167787.258791933 2952 1
1171541.175374971 1537 1
1179387.383182216 2136 1
1189645.175658322 2075 1
1205437.360364592 3194 1
1242249.614472659 1436 1
1251308.556529374 2323 1
1259407.346511578 1181 1
1267254.956108104 1387 1
1269616.226930034 2169 1
1271980.395319029 2085 1
1275198.473365428 1608 1
1278377.068308033 3194 1
1284599.884057649 3793 1
1292641.578237035 2278 1
1303108.214856656 3183 1
1305598.953693216 1856 1
1308314.968260899 1549 1
1325532.623709108 848 1
1341000.411400600 3927 1
1342404.726290229 1805 1
1362336.164072136 1580 1
1365776.287172161 1475 1
1394662.763932633 3744 1
1394862.557638518 4076 1
1396928.086482222 3288 1
1427590.243064057 1817 1
1437866.913942081 3852 1
1443582.863096314 3381 1
1448498.210519637 1190 1
1457841.800264919 3570 1
1458704.533374812 1738 1
1480414.362331861 1974 1
1489315.794678418 774 1
1498538.261151396 3370 1
1501085.433345783 3844 1
1502646.991322493 4011 1
1515576.828857948 3988 1
1518886.037200176 1656 1
1530880.029205560 671 1
1539044.880005698 1834 1
1592542.648993393 2647 1
1593941.691754488 1057 1
1597898.635847280 1347 1
1598372.990381454 1642 1
1611577.123166319 2285 1
1635646.392704040 610 1
1635814.949093920 1458 1
1651895.681561851 2820 1
1654814.563357849 3834 1
1656357.713038085 1282 1
1657012.577197598 4047 1
1682883.452215600 3397 1
1685918.339777789 3829 1
1694997.365519672 2465 1
1697812.755198075 1598 1
1700417.413035422 3982 1
1701788.938544593 3387 1
1704489.700499535 2149 1
1712600.557767131 2739 1
1718908.110988962 1521 1
1719792.628990275 2968 1
1737192.913242599 1308 1
1744422.111530792 2304 1
1752673.587790303 3238 1
1771136.435727486 3780 1
1794513.965330482 1653 1
1804565.952193080 1758 1
1805225.529230583 3641 1
1819899.748931789 1003 1
1833805.393006934 1216 1
1839715.463857712 2194 1
1840422.588491020 3711 1
1841109.051363800 1018 1
1849160.894362773 2518 1
1854043.113642524 4031 1
1873427.167887610 2843 1
1876007.393300478 3370 1
1880980.091010843 988 1
1891824.533693670 3252 1
1892723.261341607 3893 1
1897456.230190727 2589 1
1901267.623178685 3045 1
1913519.266804620 3781 1
1916145.702866739 771 1
1949352.103393447 4050 1
1965346.044438983 2959 1
1981307.539570705 1636 1
1995458.746870389 3710 1
2003808.919051280 690 1
2009895.163739676 1619 1
2023986.721090951 775 1
2041481.531688932 3653 1
2044543.495106791 3762 1
2048659.425213993 2982 1
2051168.173115089 752 1
2056799.104026946 3152 1
2057291.881904755 1419 1
2063514.865744406 881 1
2081484.750550839 1473 1
2113083.298055804 1299 1
2117005.752829512 770 1
2120357.656565111 3726 1
2122048.324761324 3459 1
2125572.653544557 1470 1
2128846.120334224 3256 1
2135546.129631122 2067 1
2138216.908441012 3190 1
2140919.780659066 1772 1
2141806.839430111 3336 1
2143543.823735427 2594 1
2154150.950887498 3985 1
2164847.180752414 699 1
2201035.260155205 557 1
2211585.795412871 1694 1
2212631.056095066 4039 1
2217692.426309243 2256 1
2239164.603275500 2965 1
2243439.639306593 3548 1
2251721.267333040 1525 1
2275446.724624207 3809 1
2282407.319853796 4075 1
2283269.002935720 1375 1
2287029.154820374 611 1
2288891.941146090 3220 1
2293714.525225247 2456 1
2304790.746636714 3820 1
2306324.360205704 1268 1
2320499.361009553 3020 1
2328903.084708433 832 1
2348622.899217314 1036 1
2358369.477475781 1639 1
2361523.433736685 2018 1
2361577.422809890 2961 1
2365530.665730153 2513 1
2381875.052414210 699 1
2383510.587974213 2746 1
2386115.979748306 1166 1
2392574.847666911 1345 1
2394715.651648229 3648 1
2407545.330932419 1020 1
2432756.997719873 4092 1
2435898.477041165 1378 1
2450284.676282702 3401 1
2456264.481592479 1305 1
2508766.896951756 2004 1
2534213.351916904 1577 1
2536325.473679415 595 1
2537246.804734772 3145 1
2537810.843260158 4035 1
2553133.557804221 750 1
2559304.801683890 2515 1
2559581.560760948 2401 1
2560643.322289436 2243 1
2560850.182068106 3024 1
2569750.651943999 2557 1
2575880.671243395 3797 1
2579406.803827913 567 1
2584391.896158810 3938 1
2585690.687349110 3995 1
2587429.937997190 859 1
2597075.568423219 1119 1
2597545.373491117 2105 1
2598136.755317111 2889 1
2600014.133738762 1331 1
2601456.612699246 1707 1
2605423.401156257 833 1
2626712.960812151 2353 1
2681679.495841925 3618 1
2683410.409883623 2357 1
2684339.976146277 1075 1
2693510.210566506 1777 1
2695826.641177598 584 1
2695872.124977160 599 1
2696972.561067793 1015 1
2710157.781629279 1704 1
2721525.226621144 1613 1
2742050.626540605 1897 1
2749334.610645432 2980 1
2756886.409808669 3469 1
2766077.451825823 3336 1
2774103.903558429 2873 1
2805186.106340761 790 1
2806120.232150592 724 1
2817974.260232158 969 1
2824003.391531163 3940 1
2824675.971233303 3059 1
2840406.266331387 1689 1
2858515.047609622 1751 1
2872948.719135764 3189 1
2885628.018879434 2088 1
2888549.703985224 1447 1
2906848.547613286 2319 1
2911918.968956080 2883 1
2978366.488721707 855 1
2979318.235812633 1869 1
2980484.736944618 2791 1
2981485.939694649 2669 1
2981529.575629177 2338 1
2987755.716653913 2567 1
2996485.479336238 4085 1
2998919.290734858 1641 1
3003403.445088637 3898 1
3012703.873388326 3741 1
3021888.349020688 1296 1
3032405.181575858 2542 1
3053743.632262275 3936 1
3055128.457599701 1439 1
3063296.553360024 600 1
3066771.115811685 3172 1
3074817.888754350 1053 1
3077659.141470224 3621 1
3089625.528254367 2011 1
3090465.571688253 991 1
3092375.686161270 3784 1
3100324.009178418 2747 1
3108078.315058850 1668 1
3110249.284991897 1232 1
3117282.571166625 3915 1
3131366.820549122 641 1
3147836.045552172 1420 1
3160675.135517412 3202 1
3164561.312585760 945 1
3180290.506389040 1421 1
3183613.635787003 4028 1
3210729.422534382 1452 1
3214009.617211990 1094 1
3237774.256040894 899 1
3237991.692062035 3689 1
3257145.553876290 4072 1
3259747.391462063 1020 1
3271239.307366720 2785 1
3276684.787791940 3649 1
3278059.936678544 3988 1
3302293.308607075 1630 1
3311564.529813837 3731 1
3330671.737569571 2508 1
3333792.284966180 1983 1
3339889.130901210 2135 1
3350692.820449639 2379 1
3353662.425054298 1168 1
3363219.630934018 594 1
3365738.807533110 3832 1
3377810.650116669 2042 1
3382353.223624905 3865 1
3384023.740909814 3680 1
3387542.814088590 3951 1
3393550.421819058 2813 1
3406072.239528274 3417 1
3410102.423231693 2568 1
3442594.682400250 768 1
3443617.948807313 1690 1
3464392.713720590 3656 1
3465251.055728353 3743 1
3502181.310280311 1700 1
3505381.978698234 1379 1
3512090.838679983 1335 1
3519830.774776898 1808 1
3520050.536113529 2341 1
3524481.849642082 3958 1
3529329.108263877 3947 1
3529451.115143374 3864 1
3567696.690797810 2137 1
3590977.601826750 1650 1
3602619.641232419 1572 1
3608915.491674464 2566 1
3627175.148532763 2669 1
3641078.958924518 2695 1
3642772.651300970 3457 1
3652368.608126454 3696 1
3662807.155928879 2439 1
3674637.157496324 3325 1
3678111.939880131 3362 1
3681119.443906497 3172 1
3685553.925455049 3757 1
3701551.380106579 1042 1
3717838.016779916 2593 1
3727302.405283145 4002 1
3730850.071201513 3784 1
3733060.410069690 1272 1
3741472.801029290 3126 1
3754226.122525119 3232 1
3757462.815750503 3530 1
3764678.378697109 652 1
3776185.109933500 3371 1
3810010.409744457 1802 1
3815068.780985519 2602 1
3824101.590542701 3373 1
3832210.161934550 1236 1
3840929.810808916 796 1
3842134.734320476 3371 1
3847161.669452460 2515 1
3848907.717117595 964 1
3857645.631035640 2624 1
3871770.859784263 2232 1
3873839.339121673 3051 1
3876676.036702658 3357 1
3880926.213208319 1776 1
3881020.629028404 801 1
3887006.321444802 3448 1
3907107.589640955 2923 1
3908324.273240426 3833 1
3920606.177354790 1865 1
3936918.767456647 633 1
3937727.034808523 1364 1
3946401.373546901 969 1
3967609.343107395 974 1
3973142.572557658 1040 1
3976124.939523149 2366 1
3982229.771016097 2911 1
3984411.037587528 1405 1
3984877.868189641 3877 1
3989607.732106132 1226 1
3997767.699751675 3648 1
3998225.039065806 1555 1
4032378.056364514 2740 1
4033801.690150648 1276 1
4035131.458039461 1161 1
4036066.566122853 3049 1
4040745.069480017 2547 1
4043385.863759171 612 1
4047126.457518106 3121 1
4048816.796330791 3151 1
4051451.623221271 2929 1
4055791.323981679 2616 1
4059467.113785131 3925 1
4061377.900939991 1805 1
4085215.773716634 4053 1
4087709.813616581 1971 1
4111062.514142529 2009 1
4127582.971300881 1444 1
4139203.558753199 1663 1
4142202.291080704 3895 1
4149450.431024345 3718 1
4156505.208613320 3773 1
4156971.992196527 655 1
4158940.571902570 2454 1
4172899.084438959 2921 1
4177954.927668490 1152 1
4190540.486903047 2768 1
4195927.659646507 693 1
4197993.904087671 3965 1
4206104.222541627 3146 1
4209247.015127232 743 1
4227223.606375755 3881 1
4230147.251857710 2532 1
4246487.707851461 2751 1
4246668.222633272 3830 1
4253549.843429304 3546 1
4266138.389463252 3780 1
4287466.584599536 3406 1
4294210.623606768 974 1
4300684.548146876 2191 1
4321222.450034698 3211 1
4357835.229902707 2380 1
4360859.148359830 704 1
4366483.072499795 2805 1
4369211.358652977 2878 1
4374555.253030722 2781 1
4377602.943138506 2425 1
4380473.134683958 595 1
4387458.754379933 1150 1
4395637.101097765 1091 1
4403036.230357578 1981 1
4404596.736588840 1729 1
4410543.906473528 2174 1
4413972.333896729 4045 1
4415132.244880281 2725 1
4452496.460319323 2179 1
4457240.318619493 1087 1
4473499.762217804 2468 1
4508309.756853719 2223 1
4511403.113652764 4030 1
4513550.043330971 982 1
4515619.724312095 825 1
4522522.687452019 2519 1
4577584.299697270 3430 1
4594161.986120393 513 1
4621802.403632257 3514 1
4624764.257489052 1781 1
4628943.282327820 771 1
4651466.729846562 3306 1
4654906.845980840 1487 1
4668200.020327302 798 1
4672045.473827784 4084 1
4693782.801891604 3459 1
4697299.994021943 2645 1
4736778.698392610 3661 1
4739721.886159308 2659 1
4752777.097130812 2462 1
4756236.585535446 4047 1
4760061.920205961 1681 1
4768993.258052269 3741 1
4774362.197042414 3568 1
4774541.964951421 801 1
4809785.615613618 3733 1
4815417.776095056 2901 1
4818329.095826732 3801 1
4837236.083741482 848 1
4838381.644189354 2405 1
4841122.632284007 1661 1
4846041.183819595 1506 1
4859932.047702351 3192 1
4864390.011163684 3857 1
4867069.433271821 1623 1
4870424.081046375 936 1
4872006.580108675 2345 1
4873170.814807208 769 1
4878311.056453536 854 1
4884773.813144243 3579 1
4884851.444510107 1607 1
4886019.220071636 3483 1
4886384.182597686 2202 1
4891759.972050164 2662 1
4892395.672092807 707 1
4901491.266147361 1941 1
4914574.670385543 1409 1
4916961.481411966 2237 1
4919494.376655326 1378 1
4940325.896410977 1355 1
4952070.150335465 2329 1
4956890.850196647 2306 1
4968254.860116817 871 1
4998548.896274576 760 1
5001553.509684037 1266 1
5010597.924682669 1999 1
5014860.963419476 3870 1
5023363.492434298 2216 1
5032107.631214996 1936 1
5032301.715034307 3619 1
5042294.351787677 741 1
5043390.827057895 3960 1
5066799.985905343 1705 1
5067258.614196990 3920 1
5073259.459814933 2689 1
5073548.804093538 2905 1
5084895.719118403 1151 1
5091041.868509740 1331 1
5103295.862391010 1655 1
5111805.786798339 3044 1
5112575.346972880 3805 1
5122364.784924466 3333 1
5126212.723100732 1468 1
5127174.968654548 3009 1
5148051.729360829 2641 1
5148374.995614791 3055 1
5150626.668399320 1379 1
5161880.198295568 1737 1
5176479.032182903 852 1
5182064.230116135 3638 1
5185684.134930300 3141 1
5193029.978516309 1607 1
5233595.974301908 802 1
5241643.903699079 557 1
5244555.496247252 2339 1
5251810.811044063 3562 1
5262548.751151989 1989 1
5281036.654190764 1872 1
5294179.453572810 3421 1
5315979.687270950 2687 1
5325145.448730716 2765 1
5333460.709083416 2928 1
5347424.776655952 1335 1
5354209.368333189 3753 1
5357017.062965721 2891 1
5359192.843673391 3680 1
5398205.524736949 3085 1
5409341.976764964 2631 1
5423548.946977349 3891 1
5425897.947336154 1283 1
5427759.670933130 2094 1
5440407.859957439 3325 1
5443627.189469249 795 1
5446651.332291393 1225 1
5458510.254457586 1444 1
5460316.681323632 1385 1
5461446.659062079 2449 1
5476967.952687066 1537 1
5479359.004334513 1461 1
5481138.644150970 3793 1
5487568.506264747 946 1
5488518.863553056 2088 1
5494475.826347913 812 1
5494906.334313982 1050 1
5495943.056216709 1298 1
5523468.761256118 528 1
5532949.786306601 3312 1
5539153.168429854 1100 1
5575141.193803464 4003 1
5580602.359578139 732 1
5592677.313255720 3260 1
5605517.341075053 3195 1
5625338.073185850 2958 1
5631321.710361897 3549 1
5632924.965842864 2508 1
5641228.035343200 2301 1
5643481.715047504 862 1
5651029.703387404 1612 1
5656763.991220797 2780 1
5660566.636937520 1292 1
5668829.548706426 3029 1
5675535.404030256 3010 1
5675942.492669571 3195 1
5682123.306016735 1727 1
5690149.571989778 743 1
5692822.256421749 1487 1
5693410.194400681 727 1
5702651.358318959 2116 1
5706883.342289567 1719 1
5708878.433324893 2105 1
5713970.848640313 736 1
5715040.184603003 2492 1
5718853.215934861 931 1
5719930.988221107 4058 1
5726840.609072112 2745 1
5734012.018606192 3662 1
5734732.755590852 2218 1
5738899.495442280 3541 1
5742728.311255239 1401 1
5756596.242656781 4000 1
5769463.481240098 1017 1
5785804.036542196 2177 1
5799864.008065762 2715 1
5845651.140665753 1048 1
5846764.116713861 751 1
5847136.397806159 3450 1
5852727.022549972 1546 1
5880240.043992952 2800 1
5898153.953982011 606 1
5907432.247770192 565 1
5908455.262696267 3463 1
5915858.517934415 3887 1
5918060.814071654 1514 1
5928384.432397448 2789 1
5928882.347372158 3247 1
5938154.621681326 3699 1
5938568.619251921 763 1
5944579.720944006 2856 1
5947306.386639189 2300 1
5965472.575476157 1711 1
5969446.984393262 3730 1
6007497.942828520 2426 1
6011387.761313574 841 1
6024617.946011036 1468 1
6024941.052279928 2710 1
6032106.429583026 2396 1
6034563.502895261 3358 1
6034780.472547350 2000 1
6045500.095774082 1543 1
6058729.760281708 2797 1
6063902.554195485 1313 1
6065948.315178178 1308 1
6070344.540446226 3078 1
6083824.702429309 3783 1
6094820.705571370 2926 1
6096142.727616571 1750 1
6106827.818684000 4009 1
6131301.967266450 965 1
6133688.266757922 643 1
6140583.984401059 1457 1
6143682.646926322 1210 1
6145421.107525653 2056 1
6160493.696547221 2115 1
6161171.583757673 2542 1
6165187.478313305 3463 1
6177161.207377720 3533 1
6179915.219487743 1407 1
6188602.909197126 3309 1
6213621.165165707 3571 1
6238135.034287390 1947 1
6251401.085772590 3980 1
6258319.675471417 3795 1
6265505.317674252 1296 1
6265533.710367735 2089 1
6275935.301184940 3145 1
6276294.471007727 768 1
6292412.036851685 3589 1
6300045.220494225 1627 1
6302290.569410290 4024 1
6305615.991856994 3617 1
6319160.659393260 1916 1
6319632.199849624 3345 1
6357301.500775180 637 1
6357836.487222601 1146 1
6362011.515779637 3531 1
6364289.632942698 1069 1
6370145.376144526 1027 1
6403926.444821218 1348 1
6411651.355341571 805 1
6415050.404936383 2181 1
6428659.016295744 1489 1
6432132.792555029 1915 1
6438611.753608529 2269 1
6441047.393516740 918 1
6449791.550894117 1646 1
6453179.333935967 1183 1
6455685.401407758 1205 1
6464086.511195137 2192 1
6464867.202127041 1499 1
6471636.015068791 1262 1
6483840.745138798 557 1
6487029.223367743 574 1
6488167.456379793 3753 1
6499016.412039696 2526 1
6506921.608833645 1296 1
6528194.788992415 1763 1
6532610.088792817 3750 1
6532784.019012355 2081 1
6537977.611615942 1882 1
6584206.875354860 1792 1
6597321.402042413 1643 1
6601681.133327064 1250 1
6637578.703599666 3046 1
6642200.289258531 4013 1
6645560.135796695 3506 1
6650483.388779487 1067 1
6659674.518633957 1056 1
6670254.639480920 820 1
6674489.090078792 2898 1
6690236.337404818 804 1
6698563.132214767 3214 1
6703969.566800065 3979 1
6706906.657081333 2450 1
6723961.446166939 2715 1
6728447.455365551 3966 1
6738137.054038820 3163 1
6765038.727672347 3788 1
6779958.643297602 1262 1
6780172.050887371 2853 1
6784322.062352221 1031 1
6791907.387064048 1045 1
6793475.030316875 774 1
6816215.229681639 1940 1
6844486.645541102 955 1
6846550.415919423 867 1
6855666.762247134 3713 1
6856839.654850902 2027 1
6863795.158613773 3095 1
6876747.935957703 2693 1
6879133.261194736 4004 1
6903093.655352984 3533 1
6945202.571455118 1227 1
6948636.551722244 3182 1
6950091.147486668 914 1
6973542.691883137 2847 1
6985965.934431921 3010 1
6986541.738943274 3366 1
6992416.965582449 1521 1
7000356.383527444 1440 1
7001909.015275975 590 1
7004551.954454658 3889 1
7010031.966692911 2330 1
7023798.487663141 2579 1
7037706.083907640 3752 1
7039332.308417395 3076 1
7041481.092946762 1777 1
7041749.698652478 854 1
7090169.464654807 920 1
7091196.407731934 3538 1
7096960.825376658 3336 1
7099657.317616473 3844 1
7100907.158759967 2236 1
7113857.342704548 2730 1
7145082.338491019 3106 1
7155344.726439750 2050 1
7163097.563379737 3929 1
7174909.483653958 1384 1
7180743.390629915 4088 1
7186182.971273475 1694 1
7192446.442128670 786 1
7194957.682625146 3791 1
7211301.086624005 3344 1
7212995.913831519 3361 1
7217001.694369287 2851 1
7222925.913272519 622 1
7223444.653915307 3549 1
7227700.346656886 3676 1
7230723.371622652 1928 1
7239998.216751362 1112 1
7243519.429883241 1229 1
7245501.073293054 3680 1
7246277.694946263 2403 1
7254028.820830568 2272 1
7265864.022481416 2585 1
7272774.778455953 4003 1
7295083.059182645 1883 1
7295708.544693991 2088 1
7301899.387184467 3344 1
7308057.084372812 3996 1
7330972.910428714 1496 1
7337621.582577595 992 1
7345566.336981770 3530 1
7347098.393677621 2125 1
7368268.027840790 3438 1
7369224.963093540 2924 1
7372111.598553202 1445 1
7407864.573671661 2535 1
7407976.444963886 3546 1
7434164.420149149 3751 1
7439209.814880341 3047 1
7443347.447060084 1608 1
7448763.865679923 2993 1
7501142.756749582 744 1
7503751.466265187 1105 1
7506400.213057377 3801 1
7507645.352132989 1882 1
7509941.898852951 2876 1
7517638.530667595 1835 1
7518833.774016578 3060 1
7523193.642483688 1717 1
7525984.837269411 3435 1
7530832.346774758 638 1
7541973.741326721 1025 1
7560695.584871757 826 1
7562372.878334397 2246 1
7562604.752100246 1244 1
7570031.431610864 1560 1
7572641.613442758 3779 1
7575896.381225140 4096 1
7581727.233035546 3376 1
7588952.526676807 3141 1
7589379.025707548 1618 1
7628667.068776081 2588 1
7634400.805948799 2204 1
7640964.404931383 1493 1
7655289.442363000 1951 1
7656436.268673865 2140 1
7657216.117857127 3308 1
7659661.248121823 515 1
7667236.986566700 3129 1
7702086.285490971 1407 1
7704211.276181896 1147 1
7714376.657798600 1643 1
7717896.629006454 1306 1
7717963.972550008 1624 1
7718807.433174985 3146 1
7738252.899519248 878 1
7739030.294192388 705 1
7745787.048524364 1345 1
7753956.217141180 2809 1
7754886.768534737 4051 1
7801161.923975677 2579 1
7831259.672445960 3389 1
7843070.370804874 3773 1
7849469.993516242 4040 1
7855706.835055787 1775 1
7879196.218705405 3290 1
7886530.611237964 2251 1
7895610.123007908 3033 1
7904276.119374123 1855 1
7929840.896738098 2025 1
7935115.854573355 3348 1
7940911.358708224 950 1
7942727.850730538 1088 1
7961465.862949000 1136 1
7999317.532826207 3721 1
8008697.073602218 1804 1
8014223.415437634 2072 1
8029063.544907837 3659 1
8061008.378150311 1257 1
8062639.923060378 2990 1
8076957.389293504 3541 1
8083692.776880256 2489 1
8084393.801921682 3989 1
8089197.677429518 1003 1
8099183.167124425 3985 1
8102917.258467524 805 1
8115648.478743104 2066 1
8129390.268734651 1842 1
8137377.797213014 1878 1
8142340.760397885 1688 1
8142341.659250658 2858 1
8148922.146393803 3128 1
8160726.028205019 2205 1
8194326.355095235 2083 1
8194354.506494940 4062 1
8222941.708862390 797 1
8231865.029800607 1958 1
8234919.032166229 1551 1
8236912.929044607 3928 1
8241733.596235881 1366 1
8242187.954362916 1565 1
8256306.747602811 3658 1
8268667.970964451 1110 1
8280662.789680935 3547 1
8286069.780986072 1079 1
8303709.373191814 1901 1
8306603.270306343 1661 1
8314600.657068959 4035 1
8323933.871504082 647 1
8337064.944012559 3608 1
8354264.620502658 1491 1
8366285.279114035 2574 1
8366467.119350992 875 1
8371093.079287619 742 1
8374447.939772888 649 1
8380104.469304092 1585 1
8383203.564809386 3801 1
8388219.034212568 3319 1
8391222.431362081 2188 1
8403456.523278488 1029 1
8409726.357987318 1075 1
8409967.863664696 766 1
8438809.352856239 3005 1
8448079.169483488 2395 1
8454747.547560127 2086 1
8456179.259298539 2440 1
8459054.717986759 1938 1
8478272.007895337 1796 1
8489760.323407723 1125 1
8498615.277643641 1995 1
8523459.667287981 1365 1
8531025.325017232 1191 1
8550252.043078890 1239 1
8555923.237306785 3748 1
8561585.171761269 1670 1
8568009.422060605 3319 1
8568669.161153600 4033 1
8568925.420213424 3374 1
8576624.006304396 3177 1
8576736.681824347 1851 1
8589506.160072329 1084 1
8605020.264887014 1617 1
8616084.509762051 3437 1
8620563.912745172 1415 1
8630484.915293582 2918 1
8633616.558780368 2623 1
8636231.557053437 1798 1
8640047.314971445 746 1
8640515.623319624 2471 1
8649298.729894899 3648 1
8653211.832461484 604 1
8653831.625275424 4034 1
8654804.420503533 1969 1
8658922.589229321 2321 1
8664684.566075750 1168 1
8664902.267528769 3675 1
8678854.468888605 3049 1
8686159.235220764 1239 1
8691303.818705887 622 1
8706537.380397592 1545 1
8708955.984413821 2165 1
8741230.068775307 2959 1
8746090.941526419 2105 1
8749347.664082721 1942 1
8769749.187019110 2910 1
8786788.607072117 3313 1
8793237.208769096 2391 1
8795070.551518936 3254 1
8799647.802839486 2551 1
8811785.501442652 2971 1
8816893.665414669 1634 1
8849110.178917930 1080 1
8854051.377743322 689 1
8885328.854183219 1029 1
8908494.812639361 1477 1
8915143.716648713 779 1
8924461.846104857 1403 1
8928923.679031789 2104 1
8940329.689446978 3038 1
8945493.526528848 1378 1
8975300.038355643 3678 1
8992263.808803948 3269 1
9002841.265680708 3516 1
9003007.666551018 2940 1
9009948.867592962 897 1
9012914.255345099 1972 1
9014342.983682120 3497 1
9037020.283933079 2968 1
9042653.240745736 2358 1
9059102.863606555 1940 1
9067638.485788319 1408 1
9072068.733417645 3215 1
9090801.087309446 1418 1
9121998.386344627 3875 1
9134596.614860507 2825 1
9140623.695300806 2150 1
9141827.100609530 2776 1
9144588.484915143 3672 1
9147127.350693678 3171 1
9181604.172335837 1407 1
9183643.641080258 3606 1
9192674.932580568 1621 1
9197409.297796782 2705 1
9211160.103773300 1739 1
9230729.710005729 642 1
9235940.958751619 1039 1
9251720.794677533 2681 1
9264294.645215331 3531 1
9266795.828055151 1608 1
9272703.201977341 2770 1
9283379.516589142 2026 1
9287238.501820125 3997 1
9291512.078942668 1311 1
9297040.797539957 1523 1
9318200.161131255 2773 1
9321990.168069068 2241 1
9323585.671186347 3717 1
9348426.246937038 1140 1
9352941.308933493 631 1
9357258.520389065 3468 1
9360974.300454086 2401 1
9368597.055166822 731 1
9369498.588492066 3492 1
9375984.135663709 2819 1
9392214.542574050 2893 1
9405848.808081610 2593 1
9420500.506166460 2841 1
9437132.647163998 1351 1
9458309.025894055 3766 1
9472277.995832235 1773 1
9474431.447679810 1636 1
9478464.834213274 1521 1
9485650.003148548 3114 1
9491202.775810111 2657 1
9495153.017245540 3987 1
9502014.438584795 2207 1
9507902.612769298 3176 1
9520395.424698114 3881 1
9526917.304424329 3086 1
9536171.208692249 767 1
9543102.982264165 2881 1
9544915.475493573 912 1
9561166.536984138 886 1
9564948.402426658 1770 1
9571047.431680683 3808 1
9579222.885313991 1276 1
9583210.148536043 3708 1
9606197.592440842 2140 1
9608156.114090970 3046 1
9610119.294893557 2851 1
9612218.332683019 3892 1
9614713.024986668 1031 1
9620924.844991468 3093 1
9640538.608063744 873 1
9648392.319833921 2248 1
9673702.040962771 1120 1
9677968.489016041 1594 1
9680188.639400247 2602 1
9698630.984523667 2113 1
9705426.225429431 1288 1
9715909.073332431 1118 1
9737316.770552877 2826 1
9747898.412337376 1720 1
9785231.103407137 2139 1
9793839.573260719 2502 1
9802058.699848240 589 1
9803225.009422518 2333 1
9805511.447235418 1926 1
9808882.397924202 3756 1
9822902.431601871 3866 1
9823019.602091724 1112 1
9827590.967477329 2058 1
9861243.175730661 3082 1
9882351.958167654 3584 1
9884285.879507445 3938 1
9888494.154467007 3215 1
9892711.415869199 2041 1
9905716.709167745 3747 1
9917933.905207239 1998 1
9933101.260057069 1525 1
9936256.300256429 1179 1
9936574.126432445 3053 1
9944561.942433892 1676 1
9946015.264488202 3748 1
9963709.683449950 1690 1
9974298.408983991 3300 1
9984546.778663738 996 1
9985289.265483260 1409 1
9997559.904695241 1025 1
10001151.056058737 1701 1
10006306.919491554 2092 1
10015509.436925981 1226 1
10017346.135782342 2632 1
10017808.882420670 3786 1
10030726.690181863 1510 1
10040884.765959499 950 1
10047703.920236649 996 1
10053504.070092460 3041 1
10053519.590714736 2101 1
10076805.420591285 2172 1
10085582.732702931 3126 1
10087688.397514369 2061 1
10114776.727164932 1348 1
10120043.642022355 2385 1
10125679.521080246 1729 1
10126597.380979590 1636 1
10129732.546430103 3186 1
10131093.299452143 742 1
10135647.101227244 1877 1
10146819.117473748 3057 1
10155323.282477539 2819 1
10171243.737027995 2362 1
10190863.004916690 855 1
10194412.280772574 2864 1
10201706.168916602 4004 1
10201763.645579873 3566 1
10207670.493296763 3946 1
10223231.151169108 1305 1
10230729.806013534 3806 1
10246516.214645706 746 1
10248198.125411071 1536 1
10259825.426135194 3723 1
10271365.389867395 3783 1
10302300.777426047 565 1
10304987.635923933 2684 1
10313946.900601052 1556 1
10320756.351466069 4027 1
10320796.094211247 2862 1
10330095.230306106 694 1
10333869.653021516 2916 1
10339294.851327561 2948 1
10349054.464514909 855 1
10357739.260709157 3425 1
10381587.613425124 2202 1
10386430.251316337 3515 1
10392226.134807603 3610 1
10437809.445696134 1182 1
10440273.333430441 2830 1
10472081.632095553 2520 1
10472372.296810366 876 1
10479872.450637050 2897 1
10483256.846296826 2754 1
10501672.693709455 2785 1
10503213.989864876 1921 1
10512699.565323923 3969 1
10520757.630898954 2170 1
10551253.480666948 922 1
10565121.493082041 2097 1
10570444.826543892 3708 1
10570984.466816572 2970 1
10571184.786991417 2943 1
10593334.942519454 2619 1
10594593.603129970 2773 1
10604946.328012167 1294 1
10610877.421804715 2201 1
10623318.144444197 2121 1
10638158.963497864 3505 1
10661096.640739577 2697 1
10661585.713903239 3986 1
10671989.374238821 3525 1
10672746.070493894 3660 1
10685223.231774207 577 1
10688399.051694768 3809 1
10710371.615247967 2684 1
10734238.522208644 2838 1
10737508.758460481 3802 1
10741627.453245550 1253 1
10745886.579334538 997 1
10750942.836564869 871 1
10751182.473503195 2083 1
10779481.818173403 2826 1
10785594.321062407 4045 1
10787249.702523252 3226 1
10790690.237260014 3868 1
10793491.802208720 3084 1
10798242.125825632 3364 1
10818069.213822773 2058 1
10821702.393450037 3747 1
10830133.304399401 2129 1
10840688.164560068 3623 1
10863029.435881222 1296 1
10867534.473492164 614 1
10889677.351911329 4010 1
10896120.311407700 1168 1
10927626.303515118 2759 1
10945784.641026800 2870 1
10945936.843798053 1037 1
10952671.279991081 3293 1
10973898.240361445 2217 1
10985887.270603471 3995 1
10999662.532908270 2939 1
11004739.644536991 1277 1
11009496.829691196 2705 1
11034562.061428407 3936 1
11041043.213137196 1839 1
11042262.782070020 1545 1
11047830.677850747 2162 1
11048310.760354070 3253 1
11054963.685268207 898 1
11067536.219875859 858 1
11072431.396278001 2532 1
11083184.455748443 2204 1
11084052.578584945 3265 1
11084132.629578369 1522 1
11120396.601982595 644 1
11140258.366651863 1655 1
11142687.945985546 3565 1
11145006.288729288 1017 1
11150847.971155267 2984 1
11160905.638099171 680 1
11168646.526438802 3619 1
11176998.453024412 3743 1
11183547.360333055 2143 1
11183576.240180034 2818 1
11192731.614339011 2946 1
11213917.180740340 1114 1
11223605.457530279 3223 1
11225511.742346317 4062 1
11230625.447324576 1687 1
11255478.266254766 1140 1
11275380.472036555 2236 1
11284010.202663150 3766 1
11302861.111116702 2685 1
11312478.408413755 556 1
11316808.704766177 2996 1
11324361.981326574 3275 1
11341449.016650993 1431 1
11355160.743628476 2304 1
11358932.940284325 2009 1
11361050.840759711 2803 1
11395505.178644225 3959 1
11416219.484477045 2474 1
11416415.435625808 1441 1
11420223.783770449 824 1
11426897.009506179 4026 1
11455945.692335594 732 1
11464735.971335871 3279 1
11468447.184588531 3990 1
11490369.948413186 1725 1
11500562.633230852 3689 1
11502486.628366420 704 1
11511507.248745589 902 1
11529069.628779372 1900 1
11532027.476250563 3370 1
11549224.092052426 2827 1
11551069.023308165 2891 1
11553775.384063600 2652 1
11585242.125834862 3776 1
11595280.501780329 3407 1
11600171.170471825 817 1
11602408.233981885 2747 1
11613625.220397973 1214 1
11627246.976733275 3289 1
11643290.693939501 1163 1
11646886.473890932 1414 1
11661623.186796898 3364 1
11693963.517719051 2291 1
11707782.550400743 3072 1
11708754.003005536 1404 1
11715825.279117718 552 1
11755560.796573013 3895 1
11755608.082895041 1471 1
11757452.357986053 2156 1
11769849.385926399 1616 1
11791964.553813584 3204 1
11799309.276378747 1300 1
11803404.926463833 792 1
11803885.996399151 1829 1
11808363.133553321 1634 1
11847056.301130094 2812 1
11854382.531650646 3200 1
11859205.246309435 994 1
11877052.459281936 1965 1
11888430.932638852 574 1
11900701.957408410 3116 1
11902744.482821707 3188 1
11967163.276904311 1646 1
11968557.524428578 1250 1
11977982.740115445 3585 1
11991897.940083630 2278 1
12002422.619022213 1961 1
12009919.274380600 4073 1
12037584.873696141 2447 1
12041311.790808715 1669 1
12044704.823598130 3358 1
12045663.759807633 3556 1
12078203.641273661 2332 1
12081801.379941653 842 1
12091905.848444344 3643 1
12092571.421368394 3297 1
12100694.393261684 1165 1
12123729.672297213 2903 1
12124383.627558807 1078 1
12133742.810217202 3483 1
12134598.548734967 518 1
12147134.941348530 3753 1
12153451.349766472 1207 1
12175519.934490360 3842 1
12189135.189359432 2326 1
12190224.878197998 1802 1
12202206.368169837 2836 1
12218742.877262147 2990 1
12242407.892924024 1828 1
12248245.029363262 3211 1
12251815.078465512 2402 1
12271911.314022692 2377 1
12272151.521551527 3021 1
12278858.159345420 1207 1
12280058.060173482 2896 1
12283931.138963716 4071 1
12311944.786389129 2102 1
12324763.025812700 2418 1
12325247.196060942 2069 1
12327092.630178710 4094 1
12334430.883492546 2292 1
12336440.023274813 1092 1
12338615.912939209 3756 1
12344585.976915054 2427 1
12346030.401181806 3398 1
12366941.225482216 1221 1
12369540.213728450 2880 1
12369878.164350063 1489 1
12376560.750082659 1791 1
12377835.320678668 3722 1
12389547.659830343 3319 1
12413415.729048526 709 1
12418095.192606201 2669 1
12418490.977943473 3506 1
12425086.506259279 4075 1
12441371.125424946 890 1
12448960.787290923 3283 1
12456632.654610597 3895 1
12474180.767814290 1301 1
12476947.470857201 981 1
12487467.338529062 670 1
12504645.880630927 609 1
12506236.967065681 2673 1
12506641.023479793 596 1
12526248.614897348 1485 1
12536150.131774131 2632 1
12542383.679822067 3814 1
12550629.849885872 3124 1
12552481.391944984 2276 1
12563617.126677619 2194 1
12563751.473775079 3576 1
12609920.446937645 1917 1
12616360.991166104 1378 1
12620970.779676011 2902 1
12623054.192706842 3664 1
12635919.222878369 3645 1
12656457.143518431 3807 1
12662973.766645323 1281 1
12668414.445188984 713 1
12690244.302456247 1643 1
12694395.099572236 2582 1
12710596.919230577 515 1
12716292.158633737 2798 1
12718293.380338565 690 1
12747276.249564946 1475 1
12768841.311213082 2390 1
12780687.044010662 3153 1
12787585.892143244 2786 1
12800817.961619031 2274 1
12802322.744406130 2650 1
12810077.554057429 2554 1
12818409.732021943 3337 1
12821159.948457180 718 1
12824192.190102136 1032 1
12828605.812143508 2597 1
12830077.915624026 1784 1
12831592.626888109 2423 1
12832579.192399815 3767 1
12833321.478574215 1413 1
12834388.924558438 1212 1
12837897.220903652 1832 1
12845251.099996828 3277 1
12862283.700445728 3488 1
12868791.602433132 2073 1
12880184.719629720 2048 1
12882388.005146960 2975 1
12896809.122058701 3614 1
12899547.410479862 3585 1
12903175.870752439 1426 1
12905567.345630985 4090 1
12909828.964490188 2045 1
12918613.098202744 1358 1
12946985.813736478 2474 1
12948883.301838949 2421 1
12950950.941190945 3123 1
12954757.266023034 958 1
12969951.255054448 3218 1
12977855.326879606 545 1
12998692.907929244 4077 1
13008363.090839576 1585 1
13008479.366281638 715 1
13034929.486108793 974 1
13037282.075049698 528 1
13045668.526748676 2853 1
13054939.923589645 3915 1
13056723.575903753 2659 1
13068799.894008845 1765 1
13077213.277892867 3835 1
13090734.556641914 2013 1
13102812.378650505 2495 1
13114062.854476631 3871 1
13119522.529931806 1985 1
13126318.159922421 3338 1
13137235.139419982 1884 1
13144675.936550131 728 1
13146534.247586271 1311 1
13154489.052803222 2063 1
13157721.459910918 898 1
13158061.589584164 3168 1
13178398.886709658 2430 1
13228098.821737038 2693 1
13249168.415972363 1893 1
13262805.935505776 1505 1
13323738.474830588 4045 1
13327680.677465141 2323 1
13336218.440105304 2080 1
13340716.831768209 3735 1
13342211.216977039 1820 1
13343006.547480838 4051 1
13375686.512906538 1491 1
13382168.586757537 2781 1
13387282.775216812 2048 1
13408074.199385537 3528 1
13413913.067841876 2156 1
13418186.480858555 2781 1
13421715.867368218 3322 1
13427255.366842445 3077 1
13428879.186146967 997 1
13435577.796997102 3973 1
13452753.282223815 1543 1
13454822.162867866 1759 1
13456470.487262487 2337 1
13466419.957933033 3007 1
13469627.461868191 1045 1
13470804.100715488 1248 1
13480633.212898217 2726 1
13482193.341380477 1656 1
13498761.858709102 1170 1
13504232.997174922 2032 1
13505879.947213590 2393 1
13510951.839645106 2485 1
13511593.658228282 2864 1
13512920.903344546 2253 1
13522148.097548723 2630 1
13538021.076773273 2242 1
13552625.644215221 2758 1
13556670.072451070 3811 1
13560970.049498115 3951 1
13566164.277473936 2195 1
13580600.398218809 2691 1
13586102.551456688 3490 1
13600879.051718827 1789 1
13609603.005608423 1612 1
13612370.052106306 1169 1
13617832.087115660 768 1
13634450.985978713 2392 1
13637241.549807312 3433 1
13652107.938174512 1546 1
13658269.785483303 1034 1
13665240.891183162 3809 1
13665613.357679591 3101 1
13689378.503493592 1020 1
13700623.018082615 1183 1
13703668.513755543 1827 1
13713555.611664258 3459 1
13733908.785315093 2181 1
13739765.546933407 2810 1
13746024.718195373 1432 1
13748426.306591043 2078 1
13760637.570600562 2606 1
13770362.902508222 2074 1
13771865.959364347 615 1
13787345.558222266 3801 1
13790275.068574302 856 1
13792561.404655991 883 1
13811803.736551464 1953 1
13815917.510022156 2297 1
13830829.394221714 3611 1
13843801.751286728 1583 1
13853916.692795664 1741 1
13867719.738605557 1436 1
13885405.583602497 3792 1
13898172.630723177 1665 1
13908957.825389739 629 1
13916936.726804225 1494 1
13922181.313788958 2153 1
13925244.330922408 1649 1
13928836.076341324 4032 1
13944049.478647778 3087 1
13952088.037617993 2101 1
13967496.869645594 3938 1
13970328.140752127 3902 1
13970854.504385101 947 1
13974038.046524199 3420 1
13984971.751124680 3464 1
13986329.599776417 1772 1
14010868.646911267 2602 1
14011306.043334227 2403 1
14022087.922527518 1126 1
14026478.131679779 849 1
14027086.424961047 2352 1
14043192.858694037 2184 1
14053938.936027864 1161 1
14067667.827149490 3506 1
14079959.280252334 2843 1
14119530.147240276 1810 1
14124491.216635792 1543 1
14133067.559199495 2911 1
14137090.324405545 2323 1
14148280.668299396 2153 1
14150807.682451123 1255 1
14151911.310134105 3948 1
14160839.337969942 3565 1
14162468.898858117 2988 1
14163893.876096744 3755 1
14173516.902417423 3397 1
14185729.883708121 703 1
14186092.120687017 2268 1
14204732.620854877 2179 1
14237202.167179294 2201 1
14250558.327891951 2736 1
14255234.055470509 2681 1
14261482.070580930 1514 1
14264274.088740550 3991 1
14276109.049756631 828 1
14276268.322906760 3444 1
14281868.313953461 2588 1
14294643.566789992 3707 1
14305998.784739295 838 1
14314537.880973272 2222 1
14328959.724323383 1555 1
14335525.881282777 1362 1
14335860.951552948 1357 1
14335954.909866769 1390 1
14371201.162534397 3636 1
14382801.057212802 1021 1
14389861.964428602 1465 1
14397892.742442669 2192 1
14405003.263952663 616 1
14405190.824681323 2571 1
14408719.246655090 1250 1
14414948.863478279 1432 1
14427522.179210618 3052 1
14433871.645583004 1027 1
14447728.810956568 2949 1
14455459.886228051 1052 1
14470216.781589188 3972 1
14471406.851338604 2904 1
14497749.272831354 2162 1
14511133.893985664 2107 1
14533212.570131835 1767 1
14533257.962496633 2773 1
14562118.048405573 2560 1
14575950.557905901 2095 1
14576594.458271028 2542 1
14578522.948002659 1464 1
14584497.023209510 1677 1
14584893.866775885 3682 1
14614367.191223454 3545 1
14617792.386487436 2895 1
14620929.138829729 2636 1
14654461.737767395 2105 1
14669468.848518081 2285 1
14678155.147138692 3769 1
14682596.624792524 1792 1
14691855.190317148 2801 1
14706717.658209907 3226 1
14716158.912957901 4034 1
14717030.069276238 1182 1
14718124.259528862 786 1
14726228.237153135 3957 1
14746484.545424558 1492 1
14757170.988128981 3544 1
14778377.973639550 3373 1
14781196.133575737 2259 1
14827696.533237003 2013 1
14843743.719606677 2620 1
14847077.270276777 2084 1
14849863.503183629 4085 1
14855693.019954439 3734 1
14898197.947043572 2380 1
14898612.148063753 2408 1
14905782.948123313 787 1
14914497.090263091 1461 1
14937319.247906266 3925 1
14939935.979378110 3845 1
14950808.391597278 1072 1
14955130.865175508 1284 1
14955380.717822772 1690 1
14956144.479636852 2075 1
14964420.364036303 3549 1
14966253.087770859 1627 1
14966776.380710827 1135 1
14981750.300286632 1184 1
14990090.056277042 1290 1
14991191.557922523 3139 1
14999126.204470158 581 1
15049759.335877674 613 1
15066474.900106547 973 1
15066979.758569960 2705 1
15070533.184227321 1417 1
15084507.199887179 2105 1
15097777.466799486 2173 1
15108038.954832457 790 1
15113478.101970455 3519 1
15128260.475410633 906 1
15130988.785810802 1624 1
15162308.407790557 3985 1
15163815.521566045 3505 1
15169418.515797934 1633 1
15188523.610422259 1992 1
15198049.097894998 2888 1
15208999.688681627 3044 1
15213060.000289824 3727 1
15223574.316429537 2793 1
15223961.615952570 1868 1
15233345.614870757 1610 1
15233916.099586017 1517 1
15246823.657843849 2351 1
15255895.394272303 3912 1
15257323.797581337 3912 1
15293662.031428700 1211 1
15296856.139976114 3513 1
15305167.805443756 3749 1
15323083.504026998 2928 1
15324193.500452936 2801 1
15327632.578662762 766 1
15328350.947497500 561 1
15341267.924243961 996 1
15349782.359943314 3364 1
15387510.803788649 3048 1
15397749.017247861 3619 1
15398086.084480198 2725 1
15402636.651097871 3460 1
15406706.507107494 1743 1
15412766.282512112 3032 1
15414206.904839654 1186 1
15426688.421744406 3512 1
15433277.364513997 3838 1
15439851.936783977 3866 1
15444319.829069430 3621 1
15446112.976227095 1979 1
15471282.218573157 3927 1
15488264.128696807 908 1
15488640.588598965 2635 1
15490571.018739864 1989 1
15491412.499250928 1263 1
15495701.087520631 2598 1
15496809.944914699 3852 1
15502617.456400191 1577 1
15519850.719529305 668 1
15522168.676074075 1765 1
15525695.798167741 3212 1
15534715.544754151 1124 1
15540880.127232675 3983 1
15545949.639803248 3928 1
15546247.782814605 1951 1
15550186.986126840 1244 1
15558351.227482220 3808 1
15567243.574061753 2111 1
15579231.596700488 1452 1
15607300.356006274 1588 1
15613748.380935136 1275 1
15616357.925055070 2041 1
15624543.766148651 2716 1
15641070.496642929 1334 1
15642575.771259693 2211 1
15648111.449780732 2330 1
15651413.597579863 2137 1
15655523.193981498 2298 1
15658542.705888666 3394 1
15665033.239994764 3499 1
15679508.023321746 3420 1
15706414.839379931 1913 1
15710912.015011724 678 1
15725723.352579840 1861 1
15730555.908646552 3134 1
15731320.687085310 2687 1
15734784.484191326 1029 1
15748359.016979903 660 1
15757343.987162327 2686 1
15765580.617972715 2649 1
15766505.076278213 520 1
15767108.523975477 1157 1
15768554.953263650 3520 1
15780515.910931075 2369 1
15785278.488072362 2370 1
15785792.293883750 2478 1
15792691.976163162 3940 1
15797729.587577229 1704 1
15842144.396649621 1461 1
15845102.274251752 1330 1
15855823.769229485 1296 1
15861331.600126848 697 1
15877685.794900918 3265 1
15879467.310489390 1611 1
15880808.240615046 3517 1
15883344.747293675 2923 1
15897545.435267398 1547 1
15912749.891288333 3559 1
15912849.938635007 665 1
15918815.020918036 1538 1
15923362.307634760 1516 1
15929170.204655085 2498 1
15936703.736834468 2983 1
15956066.899429303 3788 1
15962978.788259439 2844 1
15978123.081660323 3772 1
15991769.513284177 592 1
15993525.033949038 2872 1
15994035.342476536 1784 1
16003889.456142167 2128 1
16005761.775533427 2377 1
16009055.680511057 1242 1
16010910.541332306 3169 1
16015312.514211420 1773 1
16021477.894178852 2950 1
16023835.048435440 1664 1
16030949.473321538 2187 1
16034763.143265255 2591 1
16058525.194575807 3027 1
16063631.987572163 4079 1
16070712.383207662 2195 1
16077192.310876701 3898 1
16091107.464359460 1740 1
16092725.547845056 2233 1
16094437.170405762 2368 1
16105171.761371152 2289 1
16113098.932649981 2516 1
16118188.871106846 1218 1
16125310.087553144 1088 1
16135143.542159060 3393 1
16136634.692933241 3594 1
16162916.536358466 1590 1
16165648.919045797 1539 1
16184680.652762651 693 1
16196629.888239551 2666 1
16201589.190167310 4047 1
16207685.956023250 2819 1
16208165.414344821 913 1
16217074.752096638 2152 1
16217938.854514258 922 1
16234625.925590247 3574 1
16246620.496368835 3386 1
16273308.337119814 1899 1
16276559.764211792 2632 1
16326202.806450799 1514 1
16335557.424700597 2298 1
16340480.996541018 3520 1
16372682.992671313 1462 1
16376864.044381740 1368 1
16381606.183017515 3847 1
16387281.746875267 2604 1
16387338.602137690 1079 1
16399467.888442287 1518 1
16410146.816289445 2140 1
16420726.689531321 1469 1
16424763.471162060 3289 1
16433300.988926193 2648 1
16435576.190240273 3867 1
16437183.367006686 3808 1
16438128.471318366 603 1
16439510.091085400 687 1
16464949.308862099 2471 1
16471091.479659069 4064 1
16487217.606412675 3287 1
16499218.800816696 1691 1
16502711.390755141 3136 1
16503324.764208058 3977 1
16513823.411039012 3973 1
16515781.954345983 1991 1
16521956.853985690 1505 1
16530037.676326396 2604 1
16530889.894970767 1392 1
16532302.705594566 601 1
16536641.145520195 1477 1
16547825.972522622 2587 1
16558925.113400513 2056 1
