3 8.276794008 1.247320826 0.527502467 468750 18
180549.497482831 135.724353722 0.000053436 0.000028575 151.999684014 0.750000000 0.250000000
9
1 0.399414934 0.918874989 0.085775181 1.848818255 0.645933064 0.306950395
8 2.339110768 7.350999914 0.502328862 5.980962214 2.089605747 0.992990364
32 7.599793307 29.403999655 1.632071287 13.082445994 4.570695041 2.172015530
64 13.698634467 58.807999309 2.941810005 19.348526497 6.759914327 3.212342711
128 24.691801300 117.615998619 5.302615256 28.615862645 9.997700854 4.750953918
512 80.223899106 470.463994475 17.228247795 62.592851160 21.868451399 10.391989757
1024 144.603652363 940.927988950 31.053932590 92.572859828 32.342752383 15.369426272
2048 260.648217174 1881.855977901 55.974742224 136.912350501 47.833914374 22.730898459
4096 469.818652614 3763.711955802 100.894524649 202.489063796 70.744856136 33.618284481
1769
0.000000000 4006 1
5951.852190609 1621 1
12999.904266741 2308 1
15518.299397572 3343 1
18757.673333723 3772 1
19682.956362828 3189 1
21008.922462215 1423 1
22515.070582374 2547 1
25380.951152583 1542 1
26012.710727371 1449 1
26186.276341959 905 1
26280.002256695 2197 1
28981.488379978 3557 1
31727.701797263 1678 1
32857.115020439 756 1
36890.471886944 1815 1
41481.886066795 608 1
44295.845079269 3951 1
49656.083678192 763 1
53250.159649561 1511 1
54960.216458235 1192 1
70556.311826567 1631 1
72999.044035065 2783 1
76743.743918187 2601 1
82543.446326642 2271 1
89125.765003937 4079 1
92956.428929298 680 1
94830.164586096 4007 1
103184.335049581 3254 1
103632.804949771 1349 1
120044.106186705 3983 1
122644.199576727 752 1
132638.154282530 1669 1
134290.746567999 3179 1
137894.777008998 772 1
138543.264672127 868 1
147619.250972400 1763 1
162237.177338734 827 1
165520.907438508 2000 1
169942.433178571 2238 1
174879.779177685 3893 1
182178.718931547 1298 1
191121.950665590 843 1
192368.041536135 2307 1
193724.412069345 2555 1
199520.070857180 2067 1
200798.432790949 2796 1
202348.341415790 912 1
214024.938874083 754 1
215763.164351223 3398 1
216152.560978731 966 1
226429.644790720 3718 1
232786.016921208 1698 1
239068.897888291 2224 1
244188.406800446 1684 1
244703.665177339 1283 1
244850.083257353 3051 1
246818.601756742 3363 1
251126.922632841 960 1
255784.222013109 2896 1
265119.926121115 1040 1
268197.236458231 1407 1
273968.731265765 3689 1
274212.256877330 1469 1
278517.317115120 2435 1
278530.639067039 2900 1
285346.251581058 2083 1
288907.329333144 2150 1
289678.292424097 3677 1
290646.459340553 919 1
294154.436475326 2508 1
302539.208691992 2883 1
312390.923630305 956 1
313833.267836424 693 1
317560.565122994 1257 1
321089.245354831 1606 1
325422.062064026 2379 1
327681.994797060 2519 1
328328.597546900 3503 1
329895.641523497 3400 1
331167.814492407 3167 1
340089.154407933 1570 1
340118.603910742 3699 1
341557.835551172 1896 1
342486.438257063 2897 1
344821.787471570 2752 1
347851.418780953 810 1
349835.597764462 2222 1
351103.561480600 1191 1
356571.359331917 3024 1
358565.517133784 2119 1
359546.631134423 2422 1
359969.825175488 2565 1
360796.611222958 3774 1
361231.593281530 3514 1
367530.485480445 3915 1
369203.220426657 3642 1
370064.525627696 1938 1
387691.307961959 2754 1
388159.114508454 3986 1
389546.502728446 1170 1
389597.880630270 918 1
392684.580196296 3658 1
394529.296004438 2758 1
394989.011664734 3918 1
400476.981028415 3642 1
401607.540272381 3276 1
402631.207214574 578 1
406506.688997129 2235 1
406532.554926476 2520 1
409365.704162974 3680 1
413235.402180379 3852 1
421246.406366700 2685 1
421659.514085574 3095 1
425218.118435155 594 1
436389.873371246 3810 1
444484.387121212 3309 1
452553.796257955 3543 1
453081.405435040 2062 1
456701.436564849 837 1
463693.419144269 2529 1
466082.745265178 939 1
476005.204991707 786 1
484427.987472561 1127 1
500727.777376275 1953 1
506940.893878861 1324 1
510756.732039443 631 1
519577.806207487 2901 1
520404.087492604 1016 1
520436.819747116 3655 1
528307.760679093 3181 1
530140.920195623 726 1
531098.357797948 1368 1
534263.583656333 2950 1
536976.962016028 3027 1
538499.510878253 2693 1
538521.056000527 2546 1
543221.770485010 1491 1
544696.972871554 989 1
547084.144935992 3829 1
548596.974051623 1470 1
553502.030569538 1764 1
553759.772197047 1924 1
553888.048950598 2434 1
554510.950451116 1948 1
556338.526101677 2853 1
570326.800016163 3168 1
571087.828799942 1375 1
577198.715478239 3753 1
596649.406817415 1399 1
597877.989737274 1258 1
604506.958522365 1391 1
614070.805231877 2474 1
617967.562982133 3634 1
619904.733186774 3293 1
620723.844116561 2985 1
621194.347672159 4091 1
625695.294459176 2276 1
632619.337830594 2156 1
634532.597699339 2589 1
638237.695208853 2829 1
639842.363461756 3226 1
642856.202559022 3952 1
644216.951648397 512 1
660816.081246983 1247 1
666558.244212881 2544 1
666641.193868642 3771 1
667419.297779565 825 1
670140.076226949 3535 1
673996.539644251 1217 1
674297.785237386 2324 1
679120.276730044 1881 1
682307.800958853 2428 1
692168.943959417 3035 1
692248.046224572 1853 1
695041.938151934 1316 1
695659.871204821 3843 1
699370.012098448 2442 1
714141.518915539 1349 1
716488.197105617 3428 1
717954.034621505 3117 1
723352.317298938 1905 1
723823.776634463 2640 1
727184.084721654 3124 1
732247.749444409 3124 1
737394.393096505 753 1
737462.605415936 597 1
738223.127141848 1658 1
740548.098406366 3715 1
741612.574496070 755 1
744089.892824767 2250 1
746818.932744439 1545 1
758834.158145204 3068 1
758904.128168263 1763 1
763000.874962518 2740 1
774395.671200227 1204 1
776841.669998157 939 1
776980.347765897 1278 1
781658.619775630 3450 1
787150.375334013 1156 1
788046.782507143 2617 1
788528.108842391 1680 1
794733.275230629 3249 1
796126.538583815 518 1
797172.871051984 1976 1
797386.172118807 2316 1
797787.659164824 840 1
800499.997730990 1946 1
802924.651933475 1063 1
805413.194241773 3030 1
812016.929379267 1975 1
814561.340753125 913 1
828067.343344057 3679 1
833785.049795339 660 1
840647.787670235 1928 1
842681.396357445 3862 1
851306.931513031 3899 1
855872.687850804 1642 1
858754.735541047 536 1
865145.354711284 2189 1
866244.303209475 1119 1
869448.361173250 3280 1
870470.302546800 3895 1
874530.946649573 1719 1
875578.140762203 760 1
877958.652602172 1028 1
880434.195176638 2821 1
883221.241106318 3463 1
886539.388504491 2558 1
886637.514804716 3105 1
889881.682256397 732 1
901158.662994449 2730 1
904276.609613458 3273 1
905112.592898885 666 1
915767.506091303 2710 1
916507.065213298 1714 1
922478.530533677 2575 1
932364.837894322 2557 1
932689.604624021 1042 1
934091.262059154 1097 1
935285.088654271 2399 1
936088.290928590 2826 1
942341.712761192 1606 1
954055.264754397 2994 1
958240.851852256 1576 1
958929.406890532 521 1
960795.854541138 1197 1
961793.543521850 2188 1
968900.480973010 2985 1
978968.150445670 2771 1
979267.845543454 2037 1
983837.395857723 1328 1
987253.193513612 1094 1
990494.543350558 844 1
997662.142480173 2033 1
1010960.831543880 3804 1
1011272.348413225 3575 1
1017750.632194909 2803 1
1017989.512908068 3318 1
1020894.931089921 3147 1
1022154.496491606 1687 1
1026191.848453764 1326 1
1029726.909644616 3297 1
1032769.205115976 1354 1
1036625.150121127 3918 1
1037326.083147453 1939 1
1037800.382262602 1571 1
1041310.382686537 3568 1
1050188.351100278 831 1
1050257.224751696 2031 1
1053059.005177419 610 1
1061033.281750316 1156 1
1071047.706395358 1905 1
1074115.409171060 3449 1
1076387.470167826 2691 1
1077600.918648894 2104 1
1077683.761941707 737 1
1077921.956542361 2733 1
1078226.658653700 2528 1
1079226.506697506 2355 1
1079402.619054111 719 1
1079797.414422373 2734 1
1081738.257577014 3919 1
1082061.447816936 655 1
1083728.428623314 658 1
1086515.331696644 1267 1
1089111.115737353 2805 1
1095078.849160217 2612 1
1097457.476770760 2874 1
1103660.808459412 3759 1
1104477.554025368 1915 1
1111571.704152886 2700 1
1117248.533656909 1834 1
1122018.589882459 2715 1
1124711.825613661 3672 1
1129207.692947514 2681 1
1133011.756740729 526 1
1137028.544287347 4013 1
1140748.402121449 3174 1
1144193.794219681 808 1
1146444.200887623 1267 1
1155016.449908688 905 1
1157703.126219830 1681 1
1160191.434312303 3223 1
1164548.031987380 653 1
1171186.221489146 1161 1
1175172.612913264 1881 1
1175396.325002301 601 1
1177460.033318936 3274 1
1180281.953193192 2485 1
1181617.426738432 678 1
1181902.061983596 1407 1
1194509.717691073 2099 1
1199364.203228648 2577 1
1200439.786037248 1816 1
1200713.256072688 721 1
1200735.384464037 3556 1
1207186.328777037 1320 1
1211541.565132887 2102 1
1214174.893647940 922 1
1220161.111630487 2397 1
1222027.985738022 2170 1
1223300.518432417 2939 1
1228128.533122486 3094 1
1231788.893276660 2090 1
1231889.005115834 878 1
1232911.612314442 3353 1
1248537.502331290 2273 1
1249314.433761806 2848 1
1254507.660353783 1415 1
1266346.119386352 3236 1
1266937.503043086 974 1
1268920.352794213 2346 1
1270120.357330655 1396 1
1271715.405956876 2445 1
1276476.271691774 2873 1
1277133.917522670 2687 1
1277245.399706798 1217 1
1277523.351310998 804 1
1278550.194460515 581 1
1278765.652846224 1725 1
1292246.065714302 1828 1
1293946.459126898 947 1
1293985.454785625 999 1
1294343.606375262 2963 1
1294793.956138188 1169 1
1296262.074845271 2632 1
1299419.434658741 1856 1
1304138.335944653 1393 1
1304922.585894379 2798 1
1308743.293442199 2204 1
1313862.742764007 918 1
1321520.987816093 2764 1
1322451.929070589 1832 1
1323045.540948639 4074 1
1323139.931764781 2251 1
1323219.232358643 2452 1
1324791.355323648 563 1
1325446.358445297 1098 1
1329838.852421272 2171 1
1331479.057644948 596 1
1331513.838386831 2890 1
1331606.627055223 2345 1
1340004.646886546 3603 1
1343426.645255170 2811 1
1344870.158716491 1985 1
1347855.141608095 3785 1
1349309.330003433 1292 1
1356119.463521161 859 1
1356122.395665019 2803 1
1357354.574438521 1831 1
1358379.413193523 2406 1
1365977.545465088 1404 1
1367993.508044326 2224 1
1368340.903519792 3672 1
1376426.037146906 1527 1
1390329.482743641 3812 1
1393532.202239987 1459 1
1395601.862908666 1055 1
1396432.612142608 1812 1
1406101.685060977 1995 1
1411337.030229542 672 1
1418099.902101382 826 1
1421718.481605650 778 1
1422137.232099043 3915 1
1422657.883959186 1556 1
1423527.809812409 3517 1
1431621.951476467 3664 1
1440106.020648038 4053 1
1440548.979318705 1270 1
1442084.233654507 831 1
1443119.485933087 4029 1
1445992.797540429 927 1
1450351.728369867 2333 1
1450415.762687356 3818 1
1461880.021089738 2226 1
1464371.013235327 669 1
1465312.862423965 1225 1
1469421.859892297 650 1
1472265.111932188 3255 1
1485872.487547128 1352 1
1489812.253630856 907 1
1500006.210694954 1024 1
1503119.622123869 1568 1
1506900.990728113 2515 1
1510437.845773954 3887 1
1511222.061581562 3515 1
1511402.962981808 2325 1
1513184.545955301 2996 1
1516484.066380968 3426 1
1517568.524431944 4077 1
1517888.294073808 767 1
1521690.686848592 3320 1
1523163.365452630 2175 1
1524043.821231009 2412 1
1524793.500740157 891 1
1525181.423070123 3257 1
1525729.636223901 2025 1
1527383.383989728 945 1
1527875.239663705 1457 1
1529843.269607217 2335 1
1532681.916014841 945 1
1538739.257936788 3688 1
1540180.531348185 4004 1
1548596.736264507 2457 1
1549238.419185161 2948 1
1552339.429207957 3037 1
1553953.512183488 666 1
1555594.744473761 3125 1
1561979.755996631 3309 1
1565629.727293679 3558 1
1569208.110452423 1739 1
1579642.775933617 3821 1
1581114.665181806 2764 1
1584202.496855109 1883 1
1585497.106156151 3791 1
1590171.525228679 519 1
1592454.357243686 2147 1
1597981.588307480 2777 1
1598214.684044549 2519 1
1602355.683983378 818 1
1603288.778266221 968 1
1603908.829601286 1580 1
1603932.821310465 2855 1
1606047.254056539 3756 1
1606803.776205309 1992 1
1607163.004304250 2112 1
1613912.756722063 3141 1
1616602.158704695 3057 1
1618756.152750803 1888 1
1625020.814378601 2617 1
1625738.399199158 3941 1
1636002.471001293 3611 1
1638569.194631709 2751 1
1639861.092002079 712 1
1642185.859890887 2862 1
1643171.570807301 2117 1
1644056.270022653 1337 1
1644860.896859819 1953 1
1660069.858968443 3530 1
1666606.714090371 3066 1
1669905.744661565 1650 1
1674984.814883140 2302 1
1678794.327357070 1256 1
1682918.483557060 2064 1
1683784.912828199 1245 1
1689739.324578024 770 1
1702872.203912104 3477 1
1707997.086373061 2191 1
1711917.574102523 2749 1
1712551.682134301 1376 1
1716532.623497351 2193 1
1722830.129923273 2453 1
1728475.147288590 2490 1
1734293.679631672 3936 1
1753482.494834303 2931 1
1761627.928112487 1449 1
1763176.905361303 3183 1
1773349.299463398 1351 1
1775903.544771397 3534 1
1778088.217689185 3403 1
1782264.930860043 2087 1
1785161.208797482 3797 1
1785436.320513714 2430 1
1789849.421065121 2175 1
1790661.170350733 840 1
1790941.683341110 2002 1
1796129.496875674 808 1
1800007.229196726 3986 1
1801918.493150693 2258 1
1809353.482056297 3203 1
1812043.583718898 707 1
1816911.977826136 3649 1
1818832.142534087 1698 1
1821032.653099040 2601 1
1823780.597536741 3168 1
1828226.176485613 3029 1
1831951.865323407 2903 1
1834939.742184409 667 1
1835839.657621615 4019 1
1835902.851233642 762 1
1846247.736422983 2700 1
1847336.504472665 3101 1
1848863.542325623 3964 1
1852388.348839888 2563 1
1858356.075683197 1442 1
1874583.823039230 1255 1
1875610.321184157 2632 1
1876335.939765359 2319 1
1876672.104131921 3510 1
1877865.384888071 870 1
1878900.139772695 1737 1
1880133.546845379 2034 1
1880955.007853679 2093 1
1884481.110493691 583 1
1892246.830027321 3031 1
1895070.886626227 3572 1
1898262.169319324 653 1
1898443.946077391 2755 1
1904974.025338074 3051 1
1905117.980980794 538 1
1909707.356980301 2585 1
1909784.767002169 4014 1
1918289.899020414 2894 1
1920437.894469122 2968 1
1923797.344697621 3660 1
1926763.558380380 2351 1
1927393.230015367 2601 1
1934554.875338274 1896 1
1935058.905336632 2784 1
1935975.173146146 2247 1
1944151.921695102 1560 1
1949174.455775477 3203 1
1950872.554084430 4069 1
1951467.734959125 2610 1
1962902.108432903 3560 1
1967870.747911393 2287 1
1969000.051104099 2384 1
1969989.622261137 3115 1
1970738.099402432 1864 1
1971289.993739525 1940 1
1976761.354723394 2656 1
1985112.052593991 3521 1
1986596.503904448 1541 1
1987190.033764591 2990 1
1988464.891059292 2998 1
1989592.051300473 835 1
1994852.408861999 1144 1
1999989.072037216 914 1
2003163.311352125 3815 1
2008303.976967824 2901 1
2010313.007135592 900 1
2018219.619262799 1963 1
2031650.616311638 922 1
2033917.214708451 3600 1
2035706.145699708 3119 1
2039348.415521061 2335 1
2039402.093845753 3843 1
2040620.963100413 1139 1
2041691.682444784 1021 1
2042617.917340400 3915 1
2044059.382944165 589 1
2045961.556888607 840 1
2054873.182499475 1281 1
2055009.424267362 1083 1
2057936.820578475 818 1
2062808.037684215 3460 1
2065345.380349084 534 1
2068538.111313458 2387 1
2072115.159338295 1161 1
2077926.635726826 3820 1
2080680.755115470 1361 1
2081048.511925968 2414 1
2082530.795272754 1101 1
2084469.604142755 1277 1
2086145.540190428 1773 1
2090542.194666608 892 1
2091238.472142500 1602 1
2093738.128491777 3403 1
2097260.317590781 3310 1
2097470.115265003 2044 1
2098394.360082220 2921 1
2098798.371212201 3001 1
2099387.083334985 2165 1
2100789.298268337 3658 1
2103359.200895466 847 1
2106128.233229292 3430 1
2107651.298694414 3490 1
2121405.941011399 1063 1
2124033.675792544 2000 1
2129879.646241526 3826 1
2131075.272137478 3012 1
2133728.131187342 3177 1
2134834.399635705 2945 1
2135040.420171443 2858 1
2147498.414891661 1577 1
2148453.634254984 2768 1
2158208.758368838 1575 1
2161040.998077186 2940 1
2162269.120153385 3541 1
2165038.888037201 3689 1
2166729.485480394 1047 1
2168832.243533130 3862 1
2177100.275555046 1628 1
2177736.488202183 715 1
2179564.630359482 825 1
2179895.422093833 2172 1
2180374.918425449 2727 1
2183579.524596118 2632 1
2187847.092743313 2107 1
2188651.871705767 2534 1
2188811.984225711 3191 1
2190501.283885628 3563 1
2190692.246588117 3091 1
2195370.845000876 2074 1
2196495.544841031 3000 1
2202934.244728726 3581 1
2204643.265667041 877 1
2210617.949866588 2745 1
2214625.458467734 3081 1
2219826.216416558 1096 1
2223261.845025343 2301 1
2224368.700312085 1678 1
2227292.440562087 2841 1
2228932.074176504 2484 1
2230126.118225781 3761 1
2231746.391328977 1656 1
2232327.432982774 2844 1
2234360.355479951 621 1
2237602.269747634 1948 1
2243221.751653091 4096 1
2246804.271808218 3363 1
2254261.165418555 3492 1
2257167.695890993 1217 1
2257227.974943939 2447 1
2259165.854103691 1038 1
2261729.428195006 2525 1
2265192.120991565 1038 1
2267256.204535412 3929 1
2273434.151106310 2247 1
2275722.549593009 3975 1
2279571.889873831 697 1
2283203.681494470 1556 1
2288107.498663267 3819 1
2288467.280796137 1061 1
2290972.614717904 847 1
2306290.412366283 1513 1
2306745.920622586 2877 1
2309263.347652167 3931 1
2309921.900119051 2933 1
2314053.960452824 1167 1
2316299.349358339 3469 1
2317183.141604028 3373 1
2318193.303038513 3376 1
2318637.527213269 1951 1
2331895.516325734 1139 1
2342620.860016165 1294 1
2343789.338983754 2937 1
2345410.964418244 2036 1
2347433.345936694 3823 1
2351868.102430775 991 1
2352241.965951795 3392 1
2355962.285512241 2797 1
2358476.515411251 3765 1
2363224.508050972 2067 1
2367501.252403275 2722 1
2369735.700584404 707 1
2370714.525627034 4083 1
2372545.444827080 3918 1
2381635.065001728 2050 1
2384758.967520481 1409 1
2387314.042471693 3160 1
2389432.855750787 1332 1
2389992.888689652 3451 1
2391492.627719017 2174 1
2395332.987413098 3883 1
2401767.453367765 2760 1
2408942.814460651 1383 1
2414897.516381385 997 1
2420419.985779883 2295 1
2424343.198225382 1022 1
2431856.345081441 2831 1
2432776.737868472 3204 1
2446869.459653164 3647 1
2448239.003392507 601 1
2450551.848413835 3370 1
2457346.021930058 3702 1
2460194.451583167 2528 1
2468476.253743846 4062 1
2473842.781418102 1995 1
2475473.448450828 1538 1
2477187.973814524 1890 1
2477865.023801901 3061 1
2486070.873813421 3842 1
2489221.157737765 2850 1
2489604.527891653 1435 1
2506638.618533277 725 1
2507983.198687995 708 1
2509103.698732800 2568 1
2510748.894558009 2482 1
2511164.408084013 2900 1
2517593.287450979 973 1
2518607.461310331 2427 1
2523201.735166679 688 1
2527125.718076133 1471 1
2528804.881807538 3314 1
2533732.938177722 2655 1
2534037.131773842 3366 1
2537736.015118870 3078 1
2539333.824383084 2543 1
2543041.238779460 2366 1
2543941.774733388 3066 1
2546592.665081065 2890 1
2547453.286293698 2290 1
2550301.100807191 1821 1
2550716.394572362 581 1
2555390.328592616 801 1
2558088.843389629 3627 1
2562038.554876009 2361 1
2565732.547972029 1491 1
2567054.438159391 3448 1
2570100.464426608 874 1
2570572.584314629 3013 1
2574908.900142761 2479 1
2576454.836358150 854 1
2578939.309117617 3674 1
2586023.950517070 916 1
2594413.758672945 2258 1
2599395.520435514 764 1
2603198.045563545 1756 1
2604039.099014340 1424 1
2607940.354423118 2919 1
2617394.535699246 3483 1
2626131.035225783 2296 1
2645466.535633022 2031 1
2647171.739422648 790 1
2648315.327341819 1598 1
2648624.680301551 903 1
2649686.870144092 2534 1
2649749.602075548 816 1
2653195.726193175 1721 1
2654241.700489681 2073 1
2656803.799124306 3623 1
2657651.591011055 2083 1
2661671.202632687 881 1
2663289.241637060 2206 1
2666809.054881996 1386 1
2666974.758227664 2387 1
2668508.593547857 3124 1
2670060.836179063 1689 1
2671090.987774178 2312 1
2673848.665684431 2713 1
2675719.085081050 2897 1
2679411.063225339 3802 1
2679955.594327770 3311 1
2680273.261798483 2869 1
2687522.228065379 2635 1
2689265.045907136 1665 1
2696785.538360310 4047 1
2697850.636575108 2078 1
2706911.959657270 2174 1
2711963.146298814 1714 1
2714239.508666327 829 1
2718508.648057718 3609 1
2722587.315244006 2966 1
2723758.430461362 3817 1
2726531.404552029 623 1
2728538.062461445 1368 1
2731264.544809937 1549 1
2731727.202540556 956 1
2732342.659436388 2881 1
2739306.040912847 1355 1
2748535.631123526 3537 1
2752219.409771338 3707 1
2753082.160691133 3096 1
2762834.821325528 1620 1
2763559.447877890 1911 1
2764666.692805863 1321 1
2766684.270306625 1476 1
2768926.027463422 3868 1
2769536.446374839 1137 1
2771233.614566850 1591 1
2771239.467782116 3655 1
2775894.803771399 3974 1
2783032.288479705 2339 1
2785345.611274173 1577 1
2785590.068106044 3418 1
2788791.168086926 2317 1
2790270.510759133 2578 1
2791418.076777356 1262 1
2792574.889302671 1228 1
2793474.807581741 1990 1
2802593.591708380 1023 1
2805534.213384172 3406 1
2806243.705736428 818 1
2806474.261147979 2061 1
2811584.964902562 2223 1
2811628.260217751 1819 1
2818199.592963122 2101 1
2822017.642719066 2830 1
2823409.067025128 2756 1
2828321.514422837 1413 1
2828339.461981301 1867 1
2829530.736731480 2322 1
2832377.200233318 546 1
2835150.372133875 2808 1
2840301.499098979 632 1
2858200.883935404 924 1
2859111.289042661 754 1
2863172.425155783 1027 1
2870482.003340090 3281 1
2873380.824515258 4028 1
2877553.697453128 2041 1
2881758.824479567 3522 1
2884635.530576580 613 1
2891216.661172908 1093 1
2892454.030502578 838 1
2898392.039971903 1013 1
2908548.464809966 2997 1
2909585.909266096 1125 1
2911875.636203659 4010 1
2913649.305142664 2903 1
2919469.770023750 3604 1
2923721.825746360 3225 1
2923816.541731089 647 1
2923984.757776538 2457 1
2928839.550319680 619 1
2934168.955506200 944 1
2935571.928771958 3709 1
2944551.833187834 667 1
2945599.160923378 1849 1
2947557.751487584 3221 1
2949553.322510662 594 1
2952469.611296180 3918 1
2953007.423492175 2964 1
2954221.540766388 2550 1
2954636.147737786 1136 1
2960119.758708479 725 1
2963972.199020510 1721 1
2975208.001859990 1741 1
2978012.351229819 4015 1
2978328.956789288 1307 1
2980768.549074931 3134 1
2981511.808837049 4011 1
2983057.780635748 3519 1
2984739.562149029 2792 1
2991960.706240440 2062 1
2995263.958267091 3108 1
2997517.792347896 2287 1
2997687.836307595 1211 1
3001590.427188243 2508 1
3002676.497139120 3877 1
3005211.680400377 3788 1
3019795.148024613 1642 1
3025756.906220919 2809 1
3025928.544892643 3249 1
3027258.181456247 538 1
3033079.173210795 2193 1
3033463.127307449 2407 1
3033883.607724003 1389 1
3035181.178288972 1552 1
3037270.123147881 1693 1
3043592.606841034 1941 1
3045854.445088847 2204 1
3047924.213571972 520 1
3049881.253332775 3747 1
3052326.542173828 940 1
3054561.229133227 1277 1
3060100.166195762 1905 1
3067537.330943837 2119 1
3069763.790690268 3750 1
3072039.926597873 1562 1
3074642.953910501 1606 1
3080992.396635304 2903 1
3082253.382989504 1962 1
3088890.514794237 776 1
3091004.672879300 2597 1
3096604.682244639 3065 1
3097600.648429455 2130 1
3100823.000571759 1622 1
3105431.598253718 647 1
3111157.721539014 3065 1
3112177.218711402 1507 1
3115580.582810291 3114 1
3116005.121794365 3923 1
3116188.721270187 2614 1
3127321.962443530 2093 1
3136460.908010834 742 1
3136714.093538631 2206 1
3137594.239814876 2618 1
3138031.064829868 3119 1
3138684.677696388 1183 1
3141055.632143058 3725 1
3141470.336873779 2398 1
3144763.297260906 1184 1
3155623.173760497 1300 1
3161003.207432965 2705 1
3165601.251330335 2805 1
3172768.053246763 3239 1
3177176.648453757 3945 1
3179531.559584245 2672 1
3180552.269973603 1773 1
3184340.607241829 1677 1
3186214.835840696 3205 1
3187521.906683741 1141 1
3188124.115688740 2846 1
3191239.200025041 2579 1
3191703.575223830 658 1
3193914.738720180 4051 1
3199661.514882704 3035 1
3200767.748868974 3275 1
3208352.219857873 3997 1
3215710.203883195 3120 1
3216280.201562844 1048 1
3221227.941516831 2399 1
3223247.378640762 520 1
3226448.074405211 1668 1
3226573.181938440 2010 1
3229492.880516360 3943 1
3231880.480282847 3140 1
3238149.119250907 1109 1
3238511.119900793 1322 1
3239807.995088371 3431 1
3248884.119657892 1508 1
3249653.695115328 1680 1
3249896.758698964 3097 1
3249991.382529424 3298 1
3253855.821041819 3038 1
3257781.035271701 1720 1
3259400.539233198 2584 1
3261928.614300651 2830 1
3262262.582592462 3808 1
3265447.800825257 3304 1
3268251.555251876 1693 1
3269889.098192195 3204 1
3273336.366121557 657 1
3274300.487870011 3119 1
3274797.138293264 2278 1
3280658.280398578 1314 1
3284311.444262845 1067 1
3288362.258269599 3983 1
3289961.526029054 1280 1
3297955.213445191 1817 1
3302183.211706514 3047 1
3304975.985104712 3118 1
3305138.137875418 3371 1
3310240.949808595 779 1
3315590.403489288 1787 1
3323030.073883758 4058 1
3339284.479837072 3474 1
3341046.185999474 2377 1
3342808.261310603 3536 1
3343436.649014792 1228 1
3347741.694370953 3089 1
3358929.549683562 4018 1
3367079.571331365 3092 1
3373052.717437048 738 1
3373919.342140646 3299 1
3377428.185272299 1908 1
3377899.082727699 2023 1
3380786.699608463 2295 1
3383180.894590241 2151 1
3384857.416404280 3066 1
3385545.977597578 3117 1
3388143.372782216 894 1
3390007.691015597 3332 1
3390853.857436553 2149 1
3391184.689046374 2913 1
3391698.928782558 4055 1
3392687.390732132 2859 1
3393911.874922966 2319 1
3395803.480661022 2905 1
3396243.840037765 1263 1
3399673.132022071 1166 1
3402305.342240988 1858 1
3402683.035177527 2794 1
3404629.335588975 1527 1
3407756.440638657 3254 1
3408369.668109071 534 1
3410611.629782053 1091 1
3412406.000558819 1298 1
3423606.641993587 3933 1
3428966.485899455 1150 1
3434659.468663239 2245 1
3436865.264174913 2152 1
3437000.557987253 2538 1
3440997.581758892 746 1
3443729.705678478 906 1
3451223.979423801 1041 1
3451289.801313492 1745 1
3453208.616846465 1709 1
3454748.612225215 3783 1
3459119.387126043 2557 1
3461767.107556388 1561 1
3465690.779300478 924 1
3466662.265314594 3932 1
3470069.966134142 2357 1
3470985.123935985 986 1
3471601.815509352 3285 1
3472525.833929599 1765 1
3478328.139783307 3996 1
3485596.244203420 2708 1
3485760.605147569 2258 1
3491074.526298750 2662 1
3498111.920967223 1603 1
3503647.649509706 1272 1
3508746.621094245 3741 1
3509374.501107330 3498 1
3510689.738443727 3860 1
3512042.440623749 3979 1
3520567.654712347 3898 1
3521748.183757099 2814 1
3522139.879176146 3457 1
3523191.176972878 2458 1
3525068.441573889 2859 1
3529572.045252403 2890 1
3532203.520956994 2240 1
3537118.500374021 3593 1
3538650.502941736 1398 1
3550077.657399640 1208 1
3550122.226606113 877 1
3557502.608736305 1072 1
3559430.255910035 2741 1
3563772.585418203 3630 1
3566563.202689211 671 1
3567600.022224557 3070 1
3570192.440792685 2541 1
3572321.360107698 3751 1
3581836.639389907 1498 1
3586000.085591407 2734 1
3586351.720376966 1535 1
3600385.615828543 1223 1
3601790.706460278 634 1
3603948.721591281 2087 1
3606247.787733859 2692 1
3607375.426748065 3520 1
3608268.126526716 1127 1
3608320.242681839 691 1
3610046.500150287 935 1
3610548.194614790 2296 1
3610791.296325491 2506 1
3611033.205923961 3391 1
3612027.866635451 2438 1
3615348.447776695 2830 1
3628445.073005638 3541 1
3631975.063149902 1011 1
3634631.054767277 1859 1
3638274.163712110 743 1
3645556.811210051 1242 1
3645706.901279184 714 1
3646279.164947799 4070 1
3651838.300672914 2768 1
3653893.335681139 732 1
3661121.083620596 579 1
3666183.283778921 2276 1
3666413.380739684 573 1
3675566.095863132 597 1
3675995.673575595 2764 1
3676618.568484937 1130 1
3676756.551927214 2963 1
3678329.191224850 3076 1
3679094.314732052 2498 1
3680929.087006266 2817 1
3684640.679684576 4033 1
3691178.009843068 2641 1
3696477.862977956 3406 1
3699765.231598279 3861 1
3700245.889092812 1974 1
3700579.427295782 902 1
3703241.177938574 3008 1
3704689.021442278 781 1
3707796.034207932 1332 1
3713405.675213824 2510 1
3719005.796796278 3064 1
3721808.217793367 3361 1
3723388.234322796 3428 1
3725335.346882580 2666 1
3726607.857927545 1396 1
3728908.666651250 4037 1
3729433.439207481 2191 1
3735131.438710385 3641 1
3736916.794564673 3551 1
3744575.054517102 1645 1
3751708.625253290 1776 1
3752809.946179759 4066 1
3752865.030429616 2040 1
3755542.377096718 3172 1
3756591.753580584 3131 1
3758279.406376295 1444 1
3758446.007772578 2931 1
3761551.342147920 1655 1
3767743.836456820 3352 1
3768925.803808856 2741 1
3770122.046455205 3325 1
3773992.285131617 1673 1
3774713.703004938 1504 1
3775661.839529299 1207 1
3776356.442007519 1281 1
3777872.482650052 1570 1
3780165.752706718 1222 1
3783100.817526834 1034 1
3787437.107282230 1973 1
3788348.838174606 3317 1
3789984.076021693 859 1
3790684.473102687 3599 1
3804125.528542958 2214 1
3804967.849767464 2074 1
3810645.564304694 2392 1
3820592.121193588 2317 1
3827703.519309089 860 1
3831836.250810242 3179 1
3837677.798775558 1176 1
3840258.693827321 3333 1
3840940.234544431 2589 1
3841059.263979859 1938 1
3844774.347630959 1005 1
3845540.958302904 845 1
3847675.765189845 1127 1
3848255.262551691 2064 1
3852697.857977215 1931 1
3854524.917016747 3615 1
3854915.575197475 724 1
3862392.748757035 2471 1
3866824.442574719 2858 1
3874194.019322047 624 1
3874238.136306379 4002 1
3875970.020619562 3730 1
3880221.469838624 3682 1
3883384.732534175 3285 1
3887726.585439357 2210 1
3890184.874521276 2749 1
3892464.515370812 2034 1
3894159.367264931 769 1
3897321.796317440 3852 1
3901032.362347519 972 1
3903555.319638895 2720 1
3903626.984140870 1797 1
3908096.692566474 914 1
3913451.488999430 3875 1
3921497.228202382 1899 1
3922516.525768918 2727 1
3923236.480973444 1469 1
3928398.858535628 1300 1
3929132.724659067 1636 1
3929651.496613604 3114 1
3950890.665653049 4067 1
3951454.977462049 853 1
3952173.705016597 2980 1
3954040.043393994 1320 1
3955848.616679913 4023 1
3955990.640296773 752 1
3957288.199453113 1176 1
3970418.580558150 2679 1
3974061.826843602 3528 1
3974748.042280783 2707 1
3976162.849656399 4020 1
3977948.775755316 2173 1
3978370.172981979 3717 1
3985245.532515061 2428 1
3985834.034259429 3692 1
3986024.012917804 1634 1
3987719.619564897 1315 1
3994552.434665395 3994 1
3997396.384104066 3591 1
4001099.499803997 2004 1
4004565.038770737 3891 1
4008221.007913452 3184 1
4011895.484997350 3808 1
4015977.882274546 1757 1
4016036.402274438 722 1
4017164.752534940 517 1
4018832.146018689 3824 1
4019784.233993111 600 1
4020806.424212478 2012 1
4022552.282179066 739 1
4023139.964444928 2395 1
4023391.062632087 2974 1
4023722.527863298 2263 1
4026004.811455075 3405 1
4032335.569144099 1274 1
4038309.209393424 3669 1
4038349.587532850 3282 1
4048605.939691274 2667 1
4050899.084173554 586 1
4052183.706770693 2146 1
4056185.678531229 1914 1
4058543.010237900 1804 1
4059391.732280668 1221 1
4061801.435996334 2168 1
4066777.524230347 3119 1
4067259.729011255 3040 1
4068509.280176675 1392 1
4070163.897559627 2142 1
4078838.378109660 2748 1
4084867.286476410 2985 1
4088062.051719845 3106 1
4090071.765879689 1910 1
4092670.156499518 1615 1
4102483.482254238 2904 1
4112346.364839141 1120 1
4113314.194962265 3962 1
4129662.297579060 1124 1
4131505.835764167 3834 1
4138312.353722044 2785 1
4140045.840330500 1245 1
4140288.942601606 3299 1
4141398.724397627 1906 1
4142489.300411175 661 1
4144922.676942515 1269 1
4145853.249927622 3713 1
4148147.435602002 3530 1
4149524.624588955 2908 1
4150560.074514454 3728 1
4150941.257243798 2907 1
4151943.067322935 520 1
4154988.410107510 1080 1
4155774.968427165 1847 1
4158221.714547071 1752 1
4158277.554803875 3732 1
4158791.953690569 3615 1
4159668.018310829 1782 1
4163021.350116855 3788 1
4164426.679846303 1449 1
4167024.196017508 3639 1
4174994.410462490 3466 1
4181817.550209216 3849 1
4192434.356741197 3506 1
4192658.695037640 2716 1
4193385.389767263 1154 1
4201489.260908628 576 1
4201740.655774160 2304 1
4202940.016025525 3290 1
4205313.537032070 695 1
4207131.264409790 1348 1
4210978.412745411 2907 1
4211290.295993286 2565 1
4212045.517185900 2031 1
4212737.554732059 3548 1
4214114.988365141 2905 1
4220787.778769175 1809 1
4220826.216347178 1830 1
4222535.917591047 2653 1
4227701.622442006 1096 1
4230719.392950974 1993 1
4231820.428159628 2857 1
4235405.826350804 3619 1
4238260.692914357 3511 1
4240091.964532415 4092 1
4240670.207299809 3123 1
4246934.104293436 3877 1
4247712.962564326 3811 1
4248487.201215858 2581 1
4248535.361429199 3332 1
4250505.018854533 2759 1
4257997.634853906 1139 1
4264166.212882536 622 1
4274160.988669747 2752 1
4274304.766137317 2412 1
4274776.145552832 572 1
4275547.349910983 3539 1
4275787.067258846 1182 1
4277254.065015285 1383 1
4278361.231251155 2296 1
4279343.028504404 2496 1
4279430.081339782 4023 1
4283811.124106972 1469 1
4285447.619057013 1623 1
4288337.897409871 2427 1
4292813.199153857 1412 1
4296797.158887151 1020 1
4299044.703787358 2165 1
4304042.006575965 3987 1
4306318.166052432 3057 1
4311206.877105056 2679 1
4311689.081615612 2328 1
4322202.934294838 3738 1
4323210.442933757 1331 1
4325248.508058318 607 1
4330075.856532373 864 1
4336763.967503462 1153 1
4345748.556359969 2839 1
4356812.895989468 3003 1
4357637.696220688 1473 1
4363815.729094034 2627 1
4364368.096105646 3512 1
4364862.369363094 905 1
4366014.484889019 771 1
4384873.336103504 3507 1
4389008.618452820 3109 1
4391232.046910091 1329 1
4393997.919952394 1509 1
4396150.940227608 998 1
4396379.684919332 680 1
4396498.960203338 3355 1
4401660.346460520 3172 1
4406221.133321274 1629 1
4414031.013725777 1889 1
4418718.278021771 928 1
4420362.561920162 1946 1
4430229.301965474 1693 1
4438090.101448765 1134 1
4439708.169990121 2811 1
4442050.821515257 3707 1
4443146.323517610 3438 1
4454713.427176101 2975 1
4457933.531807560 3068 1
4461667.147649148 2294 1
4468825.148361690 4064 1
4475353.018110337 3168 1
4476293.566640888 1811 1
4483870.315083012 1167 1
4485000.043696861 2665 1
4485891.771981001 4000 1
4486814.783981103 1752 1
4488712.630910421 986 1
4500012.763751512 1806 1
4505311.475364720 2810 1
4509438.219585570 2223 1
4511692.305600108 1986 1
4512629.226418384 2986 1
4518300.928440711 1057 1
4518612.721071896 2784 1
4519814.359183492 3649 1
4524313.336715887 1831 1
4529462.842417011 3785 1
4535549.476488522 1725 1
4544158.539863059 815 1
4544172.186626935 1846 1
4552719.496799945 3913 1
4555039.420021210 2702 1
4556230.372899260 3092 1
4561379.974972242 1225 1
4562402.413615300 3619 1
4565647.497677446 3096 1
4565862.340816612 2480 1
4575681.798895830 2023 1
4579078.735668331 2366 1
4581094.637837021 3965 1
4582844.605444353 3596 1
4587703.091559259 1591 1
4587726.609037019 1272 1
4589300.481153182 2130 1
4598302.957349943 1614 1
4599529.555943701 692 1
4605208.034064025 2348 1
4611682.535327359 1143 1
4612148.406402183 3987 1
4616441.519754664 2861 1
4616849.354677246 1745 1
4616971.858782332 1689 1
4625880.597000371 686 1
4627401.217464814 1453 1
4632180.104975856 2842 1
4638702.486849318 2155 1
4641231.384727599 677 1
4642537.020446272 3816 1
4658016.696891851 2461 1
4658324.666595950 3744 1
4662437.120970971 2819 1
4667455.574416425 2653 1
4676494.697709832 3047 1
4681013.789034730 1693 1
4682781.198996581 3665 1
4684289.703338969 3350 1
4688701.148174856 1832 1
4690385.572224072 3948 1
4696564.919298075 1014 1
4697014.936546493 2738 1
4697687.186588407 3102 1
4700154.329674080 3855 1
4701361.875644568 3372 1
4702217.717797553 1488 1
4705566.681511016 3881 1
4706414.155990817 3493 1
4709780.909019224 1555 1
4709966.901246274 935 1
4710430.711191073 2694 1
4712229.450607838 2015 1
4716691.900758471 2123 1
4718407.266192844 2865 1
4721201.716749307 522 1
4721950.655680295 1639 1
4725022.559921216 2090 1
4732026.394514224 3582 1
4735198.215601661 1436 1
4737359.088539529 1943 1
4738334.202270964 859 1
4741303.309990156 2345 1
4748702.638035166 1677 1
4749043.779538040 3909 1
4750329.777763205 2985 1
4750972.119062998 2970 1
4757218.109546546 2056 1
4758922.838224221 4089 1
4759984.103711577 1527 1
4760455.988024676 902 1
4768287.365183569 2930 1
4769983.137479746 2068 1
4771615.776526423 2318 1
4775169.057335561 1864 1
4776049.989370706 3354 1
4777726.488309543 722 1
4778787.930590351 2526 1
4779117.818424902 2300 1
4784454.652081807 883 1
4787697.290864522 1318 1
4792233.803293988 593 1
4795652.667841687 3668 1
4796194.263333850 2315 1
4801536.071656598 2381 1
4804273.209506117 3196 1
4811414.403552377 2951 1
4814404.516297732 1217 1
4819147.083266724 2236 1
4819701.096651081 1878 1
4827882.601869530 1789 1
4831418.376639217 3656 1
4840704.519493039 1089 1
4841421.427439290 1322 1
4845485.381832922 3244 1
4851214.700890347 1042 1
4852601.890129731 1496 1
4856082.569990835 2701 1
4871187.152896098 3126 1
4874084.787731252 2058 1
4878817.432635414 1509 1
4885171.762689345 3559 1
4887529.411453887 3330 1
4887865.934761500 2332 1
4888590.159108535 3026 1
4893687.105314573 2330 1
4903880.559319420 2605 1
4932388.265459095 2815 1
4935455.675599185 3715 1
4939653.588332573 1941 1
4941454.195038755 3995 1
4942039.662014606 1260 1
4946331.208491464 2875 1
4951295.732347992 676 1
4953937.741872110 1229 1
4957865.888656262 1691 1
4961320.126990246 1601 1
4972037.870694079 3078 1
4979678.968993044 3736 1
4985426.880524739 4022 1
4993426.143376771 2553 1
4994360.545778142 2189 1
4995509.560023688 2642 1
4995971.365238977 883 1
4999786.362778378 2964 1
5005163.699504946 1424 1
5005337.547769744 2480 1
5008913.728680043 2943 1
5011108.438486677 2172 1
5015486.471599890 3585 1
5017018.489012149 1061 1
5017869.544593981 2871 1
5018265.087074136 791 1
5019098.219467134 2849 1
5021397.164641575 1779 1
5025297.508710509 3415 1
5042138.727729347 1915 1
5050248.138885033 3978 1
5060566.498056719 4047 1
5066045.451258897 1146 1
5070690.960291766 1483 1
5074155.614686502 1845 1
5076303.581773484 1431 1
5078328.657320423 3005 1
5079816.835886355 1260 1
5080302.768487384 538 1
5083910.775959196 2234 1
5084833.887553008 2390 1
5096366.732065314 2944 1
5097256.236062740 3139 1
5097865.297049261 661 1
5103534.468794364 2986 1
5106560.679193779 3659 1
5115995.438222197 2858 1
5124909.341307578 3605 1
5128102.841889979 1905 1
5128530.673357399 872 1
5130898.914732128 3886 1
5132731.134220320 2257 1
5138912.122791434 2660 1
5139915.433417800 1362 1
5140982.499454119 1785 1
5148498.419495726 3769 1
5148847.605122965 2503 1
5161382.487159646 688 1
5165083.646902881 2876 1
5170099.284941869 1982 1
5170373.707384936 3685 1
5172883.995830226 1804 1
5173925.685341724 936 1
5180715.820599915 1558 1
5184283.111899260 1815 1
5184547.705479337 3916 1
5192965.600879450 1164 1
5195798.786168395 1314 1
5198859.801304006 3512 1
5202192.576214248 1837 1
5209946.065746305 3061 1
5211032.230617654 1632 1
5213769.294460021 713 1
5214266.667513865 3810 1
5219336.470041531 2817 1
5222469.657977275 2258 1
5225226.842945409 1648 1
5230500.409324786 588 1
5239062.149908468 3373 1
5248588.395452804 3439 1
5251221.569433880 967 1
5252518.290362995 1454 1
5253697.786890341 548 1
5256441.013831635 1215 1
5260521.432107404 3932 1
5261257.735313318 3366 1
5264170.756850586 3572 1
5264781.882033842 3239 1
5267580.833077447 3812 1
5272694.803189507 2883 1
5284638.601757432 4054 1
5285518.568291904 2699 1
5291199.788055212 789 1
5292486.616352224 2188 1
5292662.145164515 1425 1
5293055.067285705 2798 1
5294414.188697357 2891 1
5298715.330523260 598 1
5299198.532870903 2754 1
5300125.141451815 1165 1
5300133.976095550 1724 1
5304318.341840874 2956 1
5314802.504020539 2934 1
5325372.959863721 2561 1
5326739.983529566 997 1
5327001.055168793 3050 1
5331789.409633457 3379 1
5335250.872763026 3369 1
5335766.303840354 1663 1
5340006.588489705 1561 1
5348407.305685065 968 1
5349304.805229587 625 1
5355137.718782542 3928 1
5356875.983266343 3583 1
5362017.722953538 2628 1
5368230.292610847 3404 1
5369462.865785553 1965 1
5379957.012501027 3839 1
5381490.101480762 1541 1
5382564.673667843 2478 1
5385545.378672494 855 1
5388977.462988211 2294 1
5390504.633562798 947 1
5397422.861986079 3428 1
5398425.402165070 3716 1
5400386.192394773 1667 1
5401873.499143835 716 1
5405373.277439775 1573 1
5406316.799253014 2614 1
5406575.129188318 3724 1
5407935.960979402 2284 1
5412484.166175094 1878 1
5416812.823643957 3798 1
5419599.732719204 3652 1
5431672.969157049 1380 1
5436516.328261157 3839 1
5436713.069799826 1110 1
5438131.755303213 3424 1
5447034.433599147 4040 1
5448966.414627059 2511 1
5450831.427730272 4045 1
5457019.686190194 887 1
5459352.716469519 1734 1
5459904.738458204 3878 1
5462540.466891743 689 1
5470348.548708722 3912 1
5478104.305042364 4062 1
5482534.977721952 1980 1
5488996.411330010 1863 1
5490550.136178890 940 1
5490865.001527198 3332 1
5499162.393453450 1601 1
5509882.691451821 912 1
5520692.493283509 3057 1
5521480.440349123 1596 1
5528369.290533141 3158 1
5531860.064246035 857 1
5543627.020538086 920 1
5549669.400157209 2554 1
5559611.395300863 3117 1
5562252.890520820 2860 1
5569447.500138643 3895 1
5572380.503422529 1156 1
5580038.799453529 1415 1
5581511.560816966 3892 1
5584092.415871038 1010 1
5585926.219495797 2027 1
5588181.100746171 2433 1
5588660.771193300 1158 1
5590245.206704848 2142 1
5590385.858263155 3299 1
5599297.435215560 1779 1
5599801.112801056 615 1
5606661.742350734 2806 1
5606860.342887728 2841 1
5607645.935480140 3903 1
5612646.263968269 3172 1
5613043.681395398 3702 1
5615797.038093848 1124 1
5622385.216700230 1003 1
5622968.660804246 895 1
5624516.163673093 2657 1
5628164.088083887 1257 1
5628326.255204815 2816 1
5629536.387998063 2131 1
5632567.331830354 1779 1
5633371.906699201 2338 1
5646653.317623897 3146 1
5649089.839360082 978 1
5658460.381234772 2991 1
5658952.880782307 2598 1
5659078.617735751 1458 1
5668417.177192738 2664 1
5668743.143685291 1250 1
5671090.661411354 1943 1
5676406.491212063 3406 1
5676601.655328383 722 1
5688881.906058637 638 1
5691641.906207549 2117 1
5698277.303777075 3784 1
5698422.290272430 3580 1
5699307.488461442 1632 1
5709527.152412749 1392 1
5715771.834011559 3606 1
5716506.586587726 1248 1
5721002.460991808 2065 1
5722776.206836183 3912 1
5726281.211705014 1492 1
5726721.384418368 3991 1
5727860.420714783 2289 1
5728077.326402230 3787 1
5728865.797370465 1644 1
5732662.831959430 3827 1
5733172.569095186 3690 1
5740247.675340102 2144 1
5742874.879924877 2331 1
5744699.306951202 1091 1
5753123.514900560 3967 1
5756702.728889865 809 1
5759947.305738776 2713 1
5765323.652637986 3901 1
5767965.871709398 3484 1
5769337.507400730 3693 1
5770986.472831518 1180 1
5772380.147070746 645 1
5779579.558272097 1738 1
5798599.324593277 3924 1
5800319.136961227 1460 1
5803521.616062846 534 1
5803884.138320885 3502 1
5804569.171829724 2370 1
5805762.490645183 2269 1
5813698.240440764 1995 1
5815061.861029073 3891 1
5817456.992366429 2323 1
5820851.651309868 890 1
5823435.344079047 1896 1
5823914.045833187 3719 1
5824290.758385236 2147 1
5825213.115153830 3483 1
5828349.263673859 3448 1
5829582.471167925 4070 1
5832156.519607065 923 1
5832629.697113907 2968 1
5833789.123147849 2911 1
5835500.446397505 3219 1
5837062.349527888 1861 1
5838104.389511387 874 1
5838836.687101516 1725 1
5845945.734535974 2036 1
5849588.337594742 1174 1
5849780.942693948 1772 1
5853843.793144439 1698 1
5854645.550446592 2481 1
5861711.784781390 2624 1
5863001.150703724 522 1
5864896.260093600 1099 1
5868279.789775642 725 1
5870286.069809244 2993 1
5875235.061608060 3703 1
5880436.644499359 2673 1
5885476.624830727 2317 1
5891255.420130238 1834 1
5894375.454661801 2376 1
5898205.133587130 1086 1
5901855.934115903 1237 1
5904896.538594543 2488 1
5905370.601611461 2690 1
5906475.477674685 3079 1
5917531.687303113 3403 1
5918393.749101189 1343 1
5924323.474591333 737 1
5924454.654764357 783 1
5927490.067661387 766 1
5931314.012989217 1781 1
5943756.656086925 2512 1
5947156.168886648 2953 1
5948340.475932172 2303 1
5950334.072171616 1682 1
5952479.204426174 2593 1
5954094.430748024 2763 1
5957337.731636197 1148 1
5959708.573231397 3421 1
5961353.479992022 3150 1
5966065.651802587 2398 1
5966217.726645989 1310 1
5973992.690623488 1838 1
5976953.762689063 3066 1
5980850.017603342 1261 1
5986121.809086535 4063 1
5986632.847646846 1273 1
5991582.005107876 1132 1
5994050.572012905 1759 1
5999188.060269915 3304 1
6003114.817809764 3721 1
6003914.811329631 2815 1
6005290.457676165 4079 1
6006341.327043029 1143 1
6006731.602617272 1609 1
6009446.596668939 1349 1
6009893.224677726 1548 1
6018197.380083159 3997 1
6019634.729102210 1605 1
6027749.471730635 2693 1
6028708.441041266 3594 1
6029252.765149038 3458 1
6029818.224629679 2809 1
6031659.885991265 3515 1
6038829.443595044 520 1
6040210.749866039 660 1
6047636.048669972 3041 1
6047658.036896328 1005 1
6061667.808845658 1095 1
6069322.377573459 1860 1
6076556.846745427 1911 1
6078798.408838976 2511 1
6092481.557454756 2561 1
6094989.010354470 3248 1
6101407.828623427 1612 1
6101817.251953254 2134 1
6107767.130313392 591 1
6110810.822785830 3673 1
6115921.334541325 1951 1
6116730.237798024 2351 1
6117125.534402248 3792 1
6125587.266317990 3258 1
6126930.213532279 841 1
6132625.577256980 3871 1
6160838.951526807 735 1
6168962.761904265 1148 1
6169574.033206645 1387 1
6170795.776163245 1548 1
6171096.079928844 3108 1
6172337.223545119 1694 1
6172524.420212025 3796 1
6176446.143500743 1100 1
6177314.438912726 1226 1
