1 7.432141580 0.201122091 0.663301076 146251 4
210.507289568 103.785136582 0.161255635 0.017585129 1.805312085 0.250000000 0.750000000
12
1 0.322583010 0.877204170 0.046310810 0.861287778 2.280573053 0.833359221
2 0.581456173 1.754408339 0.083475278 1.163994186 3.082098508 1.126249917
4 1.048075290 3.508816679 0.150464266 1.573089158 4.165326429 1.522079367
8 1.889156681 7.017633358 0.271211979 2.125963797 5.629263379 2.057026210
16 3.405206665 14.035266715 0.488859844 2.873150604 7.607712560 2.779984358
32 6.137888164 28.070533430 0.881170320 3.882942131 10.281503370 -1.000000000
64 11.063549094 56.141066860 1.588310318 5.247632884 13.895019127 5.077470464
128 19.942057479 112.282133720 -1.000000000 7.091955006 18.778533606 6.861987656
256 35.945577057 224.564267441 5.160435447 9.584478740 25.378397910 9.273687544
1024 116.787524411 -1.000000000 16.766304232 17.505460985 46.352083044 16.937819979
2048 210.509620805 1796.514139526 30.221278891 23.657893838 62.642889597 22.890750906
4096 379.443786269 3593.028279052 54.473883162 31.972647926 84.659229086 30.935886537
6
0.000000000 22 3
34.124918108 30 6
118.236072759 3 8
169.504364675 12 6
243.854975073 32 2
644.200540950 27 2
