2 2.357363417 0.109271847 2.870418289 914570 2
85.688263629 37.544803940 4.275043292 0.029179191 0.000000000 0.500000000 0.500000000
9
1 0.368697232 2.083547203 0.115808813 0.284577405 2.909464824 0.672661272
2 0.664577103 4.167094406 0.208745492 0.437246033 4.470319594 1.033527143
4 1.197900842 8.334188812 0.376263943 0.671817542 6.868533728 1.587988485
16 3.891991319 33.336755248 1.222485158 1.585996644 -1.000000000 3.748851809
32 7.015317954 66.673510496 2.203530628 2.436843992 24.913825703 -1.000000000
64 12.645117102 133.347020993 3.971865995 3.744149562 38.279467171 8.850120778
128 22.792835276 266.694041986 7.159292132 5.752791721 58.815439440 -1.000000000
2048 240.602611646 4267.104671774 75.573940825 32.061253614 327.788109113 75.783822759
4096 433.686430103 8534.209343548 136.222098259 49.261310559 503.638193153 116.439939410
2
0.000000000 7 2
24.978124977 3 3
