2 5.338582509 18.547664016 25.377960772 832742 4
658.964664206 70.593694524 0.029098932 0.013661471 0.000000000 0.250000000 0.750000000
10
1 0.363814946 0.662885402 0.205055208 0.681862247 1.963704295 1.786929190
2 0.655776776 1.325770803 -1.000000000 1.008344826 2.903945885 2.642529062
4 1.182038246 2.651541607 0.666226337 1.491150586 4.294384713 3.907798856
8 2.130625032 5.303083214 -1.000000000 -1.000000000 6.350579795 5.778892697
16 3.840453591 10.606166428 2.164575756 3.260966684 9.391301998 8.545885302
32 6.922421151 21.212332855 3.901649804 4.822350702 13.887952921 12.637742112
64 12.477670530 42.424665711 7.032727381 7.131341270 20.537646045 18.688821583
256 40.540071156 169.698662843 22.849398672 15.595384202 44.913357610 40.870201250
2048 237.416553166 -1.000000000 133.813911029 50.435155686 145.248886086 132.173400555
4096 427.943556744 2715.178605484 241.199698437 74.584021243 214.795530183 195.459369178
2
0.000000000 25 6
226.925201492 24 6
