1 5.279072902 0.324283645 59.059002620 615522 2
160.116135803 53.106566217 0.470513513 0.034596582 0.000000000 1.000000000 0.000000000
9
1 0.024390347 1.105819911 0.247137962 1.111153675 1.121546524 0.868476631
2 0.043963623 2.211639821 0.445466405 1.432975120 1.446378031 1.120011959
4 0.079244470 4.423279642 0.802953608 -1.000000000 1.865289904 1.444399013
8 0.142838231 8.846559284 1.447324621 2.383239542 2.405530471 1.862737707
32 0.464082783 35.386237137 4.702371566 -1.000000000 4.000736130 3.097995280
256 2.717827855 283.089897094 27.538699788 8.501397255 8.580912570 6.644683821
1024 8.830248753 1132.359588377 89.473499582 14.139021545 14.271266718 11.051045481
2048 15.916531547 2264.719176754 -1.000000000 18.234080977 18.404628083 14.251739948
4096 28.689562841 4529.438353509 290.700257784 23.515185123 23.735127480 18.379445809
5
0.000000000 16 7
68.572204533 1 1
271.378365391 20 5
273.616532001 24 5
275.362215293 8 8
