2 3.482660469 0.295024163 84.600800888 871484 4
195.346772969 49.543748574 3.155315979 0.032445409 0.000000000 0.500000000 0.500000000
12
1 0.128941169 1.527187579 0.061064231 1.546390437 1.058959624 0.612360262
2 -1.000000000 3.054375158 0.110068332 2.309234454 1.581350990 0.914441386
4 0.418931095 6.108750317 0.198398271 3.448394165 2.361441264 1.365541006
8 0.755123685 12.217500633 0.357613067 5.149508445 3.526354919 2.039170874
16 1.361111142 24.435001266 0.644597883 7.689792973 5.265927723 3.045106543
32 2.453404092 48.870002532 1.161888281 11.483215652 7.863642605 4.547276531
64 4.422263146 97.740005064 2.094304702 17.147957320 11.742826388 6.790476312
128 7.971133412 195.480010129 3.774986162 25.607151269 17.535635647 10.140260491
256 14.367975351 390.960020257 6.804416050 38.239318181 26.186073725 15.142514030
512 25.898288864 781.920040514 -1.000000000 57.103011561 39.103826683 22.612410338
1024 46.681689638 1563.840081028 22.107612971 85.272282155 58.393987481 33.767252931
4096 151.669257099 6255.360324113 71.827846453 190.154073077 130.216458176 75.299740071
2
0.000000000 14 2
55.984178281 19 3
