1 2.055839093 35.231842126 0.329372161 158566 4
1715.341421229 295.309395670 0.012086574 0.005983452 0.000000000 0.000000000 1.000000000
10
1 0.276820649 1.945927548 0.280140473 0.954061982 1.857544713 1.986023750
4 0.899392941 -1.000000000 0.910179082 2.036331224 3.964707082 4.238930224
16 2.922136285 31.134840765 2.957180562 4.346305513 8.462193207 9.047489714
32 5.267153357 62.269681529 5.330320698 6.349743261 12.362857173 13.217947213
64 9.494048799 124.539363058 9.607907991 9.276669429 18.061539573 19.310784984
128 17.113031745 249.078726116 17.318263043 13.552767750 26.387040406 28.212127853
256 30.846255554 498.157452233 31.216185157 19.799941682 38.550196597 41.216561554
1024 100.219779968 1992.629808932 101.421684797 42.260608038 82.280785180 87.971822365
2048 180.646246117 3985.259617864 182.812680683 61.740715256 120.208268758 -1.000000000
4096 325.615025765 7970.519235727 329.520026074 90.200214746 175.618497636 187.765336027
6
0.000000000 10 2
72.746336595 31 2
76.336276510 14 5
414.389185636 10 5
552.972678450 16 4
1057.172840099 29 2
