1 3.007358115 4.449927150 14.877086207 100050 2
199.225228998 23.895407783 0.072511608 0.026856151 0.000000000 0.250000000 0.750000000
9
1 0.268590190 0.560882250 0.267101820 1.883131539 2.826090097 0.546658856
2 0.484134067 1.121764499 0.481451278 2.948062318 4.424273901 0.855800214
8 1.572956223 4.487057997 1.564239817 7.225179894 10.843113676 2.097415126
16 2.835255048 8.974115993 2.819543717 11.311095450 16.975009005 3.283525537
64 -1.000000000 35.896463973 -1.000000000 27.721496566 -1.000000000 8.047340977
128 16.604225439 71.792927946 16.512214499 43.398295721 65.129541514 12.598197311
512 53.947287609 287.171711784 53.648343184 106.361555445 159.620999527 30.875955829
1024 97.240035828 574.343423567 96.701188225 166.510138639 249.888360976 48.336635020
4096 315.933808492 2297.373694270 314.183087466 408.086931726 612.432223876 118.464552589
5
0.000000000 25 3
65.215302517 29 1
183.556091288 7 2
207.196501566 27 3
218.620688754 17 5
