2 1.017536334 4.789213887 92.400357060 897799 1
125.983325871 39.553457789 0.538931805 0.039627339 0.211093806 0.000000000 1.000000000
9
1 0.115237767 1.177361978 0.323416594 1.147651592 3.641173331 0.364885317
2 0.207716182 -1.000000000 0.582958710 1.639853375 5.202790132 0.521376368
4 0.374408610 4.709447911 1.050783613 2.343149359 7.434149022 0.744982888
32 2.192665161 37.675583289 6.153749031 6.835728995 21.687831303 2.173357455
64 3.952280982 75.351166578 -1.000000000 9.767418391 30.989251108 3.105461259
128 7.123990126 150.702333155 19.993589589 13.956442991 44.279839269 4.437323282
256 12.840998793 301.404666310 36.038463733 19.942045397 63.270459776 6.340390770
1024 41.720528166 1205.618665241 117.089314113 40.715484758 129.178697039 12.945115641
2048 75.201290620 2411.237330482 211.053597023 58.177434317 184.580515419 18.496982644
3
0.000000000 2 5
27.311390922 32 7
54.344837562 29 7
