3 9.246034132 0.226217997 6.752145499 878843 9
4942.255710894 102.376976396 0.004308668 0.002304101 0.000000000 1.000000000 0.000000000
9
1 0.178996806 2.865740728 0.232744125 0.827568271 2.754903202 0.825088046
2 0.322641908 5.731481456 0.419521501 1.161984387 3.868145530 1.158501916
8 1.048266652 22.925925825 1.363029378 2.290831863 7.625981152 2.283966234
16 1.889501610 45.851851650 2.456861714 3.216545331 10.707601227 3.206905335
64 6.139008842 183.407406600 7.982367260 6.341362773 21.109848247 6.322357691
256 19.945698571 733.629626398 -1.000000000 12.501885621 41.617696023 12.464417435
512 35.952140129 1467.259252797 46.747478903 17.553833815 58.435194647 17.501224925
1024 64.803765846 2934.518505593 84.262373975 24.647248498 82.048558662 -1.000000000
4096 210.548056407 10000.000000000 273.769260735 48.591618650 161.757296098 48.445989432
109
0.000000000 67 22
26181.981125512 109 18
37320.965679982 93 30
43072.479290426 185 49
47269.478307855 225 25
56207.147896286 92 31
72004.479899292 35 14
78277.525540642 92 46
82630.529722223 59 18
82685.187879445 56 39
94584.769267512 76 10
114175.404768337 256 18
227249.421057685 252 49
260172.780189086 71 14
267939.780703629 188 10
280564.296789279 82 50
295069.607942307 40 31
300719.346309544 95 50
325751.558588366 157 20
328558.184418086 59 29
335576.136776880 49 13
342222.439542928 158 33
374877.536323291 46 56
382587.337960624 256 22
389191.866566871 159 41
410077.825731342 225 21
426605.029432674 151 40
444114.989950328 52 35
448539.282397977 192 25
450319.632105447 230 52
467585.815928981 141 35
471581.812928145 205 28
490210.598620367 107 52
551468.421934802 40 15
560638.457489879 194 38
573135.756620710 195 48
580661.894077054 109 12
583837.613998197 40 30
640067.923558871 109 34
640282.188885177 242 42
663786.544938130 100 32
728238.738743713 176 40
746549.696332582 197 13
803656.411307723 105 23
828669.190429010 128 46
834795.525925755 239 45
838068.718168055 157 16
842655.466962120 97 54
844038.302859869 168 19
884000.380791280 74 57
904137.520947446 67 17
923013.857909577 54 15
926197.674547570 39 43
949111.261019167 168 40
978874.517859230 45 21
982171.718171152 168 17
989686.212680018 191 33
999148.571403039 150 27
1005305.332132116 99 54
1012175.155017819 63 60
1026704.890671950 250 27
1040975.337800110 240 51
1042216.705191713 34 49
1049452.327181229 101 36
1056492.728223665 178 57
1059794.673205032 51 40
1061611.971071652 256 56
1088188.934029003 195 58
1098081.331163127 68 40
1114045.368767677 158 29
1140676.922870794 246 12
1154186.641031720 197 21
1186329.145708250 56 46
1188011.131017409 53 35
1197878.441338811 120 56
1215797.191512848 86 45
1219510.456992651 113 55
1277360.981762794 42 38
1277437.832248728 183 35
1288122.441535429 190 46
1290544.399755602 240 48
1295967.348456689 46 60
1323965.293201793 125 42
1339464.660473351 117 60
1368486.756434595 100 31
1373190.535248381 141 48
1377919.294242312 168 14
1392551.204084005 223 43
1396697.392575346 250 51
1406107.303906114 92 39
1407224.167022513 171 40
1425753.178600953 124 16
1430341.099263806 206 28
1430379.870050177 176 16
1448342.561628119 83 15
1476652.597577874 127 14
1502965.914762370 80 57
1506395.967054819 109 23
1533903.603423888 170 22
1558130.430084975 221 17
1574779.486644139 245 58
1594062.316406126 243 32
1607750.201320094 140 57
1616447.397325968 191 11
1616631.905250529 251 39
1619156.555146388 223 27
1629133.112913798 59 44
1647040.959826614 249 49
1648591.414302574 121 58
