3 1.252936882 0.434151547 24.345922802 143619 22
1275.862334340 27.863693297 0.107561200 0.007908912 0.000000000 0.500000000 0.500000000
12
1 0.305236452 1.568589445 0.318500207 1.014962028 0.708608688 1.887659275
4 0.991716159 6.274357778 1.034810227 2.726467325 -1.000000000 5.070772297
8 1.787569294 -1.000000000 1.865246392 4.468641852 3.119839319 8.310924947
16 3.222095306 25.097431113 3.362108347 7.324041561 5.113373053 13.621489869
32 5.807829770 50.194862225 -1.000000000 12.004001788 8.380746992 -1.000000000
64 -1.000000000 100.389724450 10.923522245 19.674391213 13.735927225 36.591070430
128 18.869694592 200.779448900 19.689658954 32.246052311 22.512992806 59.972253191
256 34.012641962 401.558897800 35.490628482 52.850829201 36.898480662 98.293685060
512 61.307818605 803.117795600 63.971890675 86.621770639 60.476094266 161.101976472
1024 110.507399759 1606.235591200 115.309392130 141.971871815 99.119473542 264.043888552
2048 -1.000000000 3212.471182400 207.845286001 232.689914301 162.455432257 432.764244166
4096 359.039601077 6424.942364801 374.641320320 381.375518440 266.262183673 709.294549688
63
0.000000000 117 60
2126.504014011 209 11
3486.024333790 90 55
3626.882790260 184 19
14107.400255802 88 55
16077.031972905 255 44
22908.200160777 237 11
23411.787713595 252 11
23479.983594229 55 27
27033.693353404 57 55
29176.461762591 44 30
42715.082129765 48 21
43877.595723514 201 42
45063.061268285 37 60
52341.111983848 138 25
70858.756059165 102 59
72034.789123066 197 28
77065.591044183 119 54
78793.647424029 74 59
82943.338415846 240 43
86840.139114884 53 28
87320.662730575 221 10
90056.534167562 145 46
104948.010483186 107 39
105959.935704573 165 32
108919.114909202 241 39
110888.007204880 54 18
128436.861657776 38 47
128546.521289423 121 36
128604.077023620 212 36
136966.958099637 132 42
137592.958027569 232 12
139915.475641364 45 47
140405.411756768 214 18
143691.108882912 184 36
146058.665056983 162 56
162392.280624840 231 22
169922.407564129 239 41
171876.374837362 237 60
173050.646290377 34 12
174992.159270174 234 21
195106.740240228 171 11
198599.892507374 121 59
199574.054217542 43 23
205488.645954152 220 15
207849.759696125 109 28
214642.504507560 242 16
217446.763014892 246 59
221671.842283712 235 57
222508.175024079 107 43
224850.107025303 74 33
228000.514941432 36 21
230021.145725361 216 42
238693.155076383 154 40
243543.815511260 145 58
244926.195746806 72 59
245531.919145964 44 26
249091.004199269 131 31
251797.269538657 191 56
264179.256490497 83 38
277503.880794356 203 24
285287.924693839 128 48
289710.846781996 184 43
