4 2.083043004 15.787345423 3.638849454 630257 14
2906.905964147 101.230099429 0.025840965 0.001900071 0.000000000 0.250000000 0.750000000
9
1 0.292522180 2.231324446 0.217398063 0.799347882 4.143958565 0.588168094
8 1.713110155 17.850595571 1.273157580 -1.000000000 17.029942382 2.417125700
64 10.032560295 142.804764572 7.456047208 13.499925660 69.985964623 9.933379100
128 18.083699214 285.609529143 13.439531991 21.623731249 112.101186947 15.910955768
256 32.595884565 571.219058286 24.224768848 34.636172442 179.559947235 25.485638965
512 58.754112088 -1.000000000 43.665168261 55.479067309 -1.000000000 40.822047584
1024 105.904341398 2284.876233146 78.706506191 88.864522045 460.689151381 65.387396065
2048 190.892673355 -1.000000000 141.868550230 -1.000000000 737.916537429 104.735353005
4096 344.084220341 9139.504932582 255.718193049 227.995841384 1181.970130137 167.761599777
111
0.000000000 74 20
16892.973726864 141 12
27281.862019784 225 10
35476.082688111 39 15
40286.103198159 120 10
57524.193956640 93 43
60351.316070766 166 29
68292.475465461 165 52
80572.052502761 65 45
85420.021646924 120 57
93342.980511703 219 52
120226.818310673 256 20
137113.369847426 205 40
182398.363910428 49 53
274307.701494216 201 31
290761.342521638 215 12
306159.639066333 126 21
381237.852688209 75 34
393181.670509652 117 32
426341.853176388 190 53
477194.360586907 213 31
599874.577661984 226 36
608331.848408353 163 32
714658.881947161 199 58
726350.336538081 243 47
754832.486489967 84 42
770125.912978532 58 35
783794.774522261 154 43
822119.131110825 156 35
828454.130776413 197 53
830490.248091081 120 11
867280.249716807 75 28
870449.763420805 35 32
914601.413305202 72 43
917888.710951312 184 48
918441.366803995 147 40
935461.854113886 126 12
937549.050810411 95 22
940991.082615414 182 57
977390.358640524 224 57
980266.062566869 230 38
988767.148721462 122 18
999049.711813774 141 47
1063753.993722985 62 13
1070639.726981753 166 36
1085153.697453240 126 46
1101385.680642030 209 20
1107962.517245607 106 59
1125959.325461962 177 53
1192732.254812459 103 42
1201460.973797543 75 52
1296234.152661137 60 42
1309233.605972826 256 49
1330731.696434203 166 20
1340363.499494849 245 28
1340966.544764535 250 47
1344830.255212458 66 31
1349735.251993984 97 26
1364010.819690600 47 40
1371702.401869819 183 16
1381935.204531377 41 36
1390383.829720013 118 39
1403502.991462215 40 22
1404720.251761859 42 56
1431207.252889600 226 46
1454225.642353119 108 33
1467357.443492256 158 51
1492811.688921037 221 44
1525007.153765525 87 59
1532395.334585632 236 54
1536040.531335793 256 32
1549859.357553893 178 31
1556275.547109045 244 17
1565486.894544479 107 46
1570611.912302657 93 26
1588434.347186221 254 47
1599857.387902509 39 15
1638240.291886385 159 30
1639977.719481435 34 39
1663113.045958980 174 12
1673162.605954837 57 39
1675183.545561176 151 14
1678622.732414912 54 19
1696411.551268406 95 21
1697890.039484121 246 59
1703591.913141053 96 56
1705086.275659204 146 59
1709461.391051017 68 48
1730786.344280301 119 30
1747316.246900997 179 52
1783667.626651297 105 16
1809988.855585590 150 59
1833295.279710931 174 24
1835667.395031095 75 27
1840930.468433310 114 12
1848954.250823842 101 42
1868418.873670537 131 11
1892139.368230513 219 39
1921931.474173827 88 22
1941158.257909800 78 40
1943437.593378983 256 38
1948441.641513409 220 12
1966876.348127470 140 54
1988199.279804729 83 35
1998304.005944678 146 46
2000938.188815874 34 41
2003777.771287150 123 15
2021286.524143372 85 37
2030018.168154199 227 57
2046244.136590336 76 18
2069729.090265844 132 34
