6 7.937852580 0.308850987 61.447684355 393318 17
2906.504476497 116.927652978 0.008010724 0.002966935 0.000000000 0.250000000 0.750000000
11
1 0.136236949 2.506482894 0.332929092 1.200818463 2.761300611 1.991856380
2 0.245567226 5.012965788 0.600104996 1.817135864 4.178531997 3.014172229
4 0.442635152 10.025931577 1.081689811 2.749776797 6.323154233 4.561189409
8 0.797850271 20.051863154 1.949746885 4.161093611 9.568499054 6.902209709
16 -1.000000000 40.103726307 3.514420564 6.296765635 14.479509874 10.444753463
32 -1.000000000 80.207452615 6.334746319 9.528566567 21.911086053 -1.000000000
64 4.672484675 160.414905229 11.418386101 14.419082126 33.156902147 23.917637514
256 15.180947498 641.659620917 37.098445893 33.018527510 75.926614203 54.769448247
512 27.363671912 1283.319241834 66.869983046 49.965213183 114.895779763 82.879745522
2048 88.904832333 5133.276967336 217.261215893 114.416281957 263.102008288 189.787888974
4096 160.251042538 10000.000000000 391.613542661 173.140183730 398.138527798 287.196100106
151
0.000000000 201 35
10582.636629543 179 24
12930.457348032 85 33
14204.750465430 168 52
24544.754187183 225 17
44252.771287650 238 11
52841.040226134 112 57
59819.683356593 63 28
68410.256312113 121 11
71323.843125148 123 19
72969.116221868 245 34
81130.603146097 33 50
92014.972141577 178 44
92584.815065902 100 31
100247.651074156 140 59
113550.322078497 104 25
118858.494194727 61 58
121289.309995734 182 52
139620.831533869 206 47
153265.045269521 51 59
193020.981407095 118 29
209460.134826158 52 58
212899.501370964 35 35
252202.117214562 105 30
279317.257784237 99 19
289011.184881812 77 35
299407.047018533 226 53
319496.715672987 135 45
339668.758441130 92 43
341956.945079564 250 46
349391.020003629 168 10
350892.060438752 79 44
353259.741384318 107 50
379713.484778772 202 46
397358.023587766 242 49
423667.109356779 246 33
451217.646466940 245 10
454871.011900092 185 10
486093.542201543 76 41
495773.703419414 250 17
510560.624520580 117 28
528496.412575696 169 11
534103.919417775 151 57
551948.842507936 74 11
560763.519376814 112 57
563611.877534796 73 59
565834.398653995 154 12
565839.975440565 158 12
594585.518458357 76 27
597537.769984106 109 56
598749.315172924 104 58
610052.336783394 144 10
622585.947828799 42 35
647372.370964778 228 36
649887.023712602 147 55
660780.877695487 127 14
686391.943504714 251 51
691223.354859855 128 34
698608.508387415 149 36
708155.547741937 125 14
721242.365041638 198 58
736437.470183571 160 25
750645.128002776 182 33
766059.335377265 105 17
781349.038497485 175 27
803741.887652536 148 19
804807.520028092 212 41
810229.997688523 168 52
815789.730096408 194 32
822745.916288869 57 53
831526.858614417 56 52
849758.924375334 144 38
855625.836522037 239 28
859185.478436557 251 51
879778.854961412 193 38
883733.932198722 39 32
894488.213724568 102 10
906822.451042427 130 15
916623.572262725 220 14
918772.517529706 160 44
930191.244347969 236 44
933783.030040922 148 33
947798.099298787 182 23
953017.727875502 88 22
953331.924118874 196 41
960112.280822746 115 49
1001181.660090488 163 36
1029988.486690097 148 56
1088441.905178630 36 12
1098402.125485496 180 22
1127147.342381343 232 33
1139222.926577101 95 19
1156073.287516507 165 57
1172450.430712898 37 57
1174439.843163406 41 56
1182172.775497350 183 56
1187205.915667930 64 56
1205479.934134038 219 10
1210121.004062898 96 25
1227322.852458235 180 54
1245711.077905450 219 60
1282233.540595805 95 35
1296332.364922717 211 36
1301855.170140471 244 10
1302766.480652029 197 25
1304592.284890900 158 59
1307554.370314708 216 45
1315547.420543233 43 32
1320015.242600852 224 26
1328112.816763618 44 42
1333964.020316215 94 55
1342584.701891942 67 48
1342614.051127438 194 44
1345111.545500417 68 10
1350056.031861904 89 18
1356351.006480478 87 31
1365196.670873377 133 48
1379606.022080322 153 32
1390920.513533798 218 57
1395008.756726524 93 34
1419111.680505235 205 18
1424931.887683047 240 17
1427450.417548454 158 49
1432880.144423625 165 57
1435872.155155910 86 22
1455070.276864788 53 12
1474510.586652557 178 34
1481094.946119086 201 42
1504424.211093017 224 47
1524424.846948836 224 44
1533204.054338746 87 21
1534343.146330804 237 47
1546634.007827452 168 58
1551881.071491731 201 44
1561721.815881403 130 45
1576559.645279609 111 47
1581145.716096957 143 26
1595839.903515039 96 56
1615008.755032775 233 45
1620371.626447204 94 37
1628378.502140602 83 36
1637473.218909213 45 26
1637834.745591449 180 22
1674564.663503677 154 60
1719918.582052623 147 24
1733813.993092352 74 24
1741147.733272578 240 10
1765418.496713333 60 31
1777027.720039665 145 25
1811501.787025000 117 38
1814393.706187901 187 13
