8 4.902325120 17.416668069 32.263635016 496765 27
1995.503704790 143.627935792 0.005627033 0.002084086 0.000000000 0.000000000 1.000000000
8
1 0.184057487 1.349047415 0.163325506 1.164219054 0.652215664 1.887232614
2 0.331763790 2.698094831 0.294394376 1.758133676 0.984936915 -1.000000000
4 0.598004538 5.396189661 0.530646136 2.655027859 1.487392559 4.303876619
16 1.942922477 21.584758645 1.724074382 6.054851023 3.392032340 9.815087877
32 3.502119562 43.169517291 3.107645669 9.143672275 5.122443466 14.822156077
256 20.509612625 345.356138325 18.199438286 31.489968135 17.641225174 51.046145196
1024 66.635928013 1381.424553302 59.130149439 71.813583861 40.231212621 116.411887528
4096 216.500768849 5525.698213207 192.114422316 163.772500651 91.748189422 265.479939880
179
0.000000000 142 41
25729.208425612 183 53
54011.682516046 45 50
70514.808121316 207 51
70804.275841517 234 36
109665.819897664 116 28
118133.941732236 110 22
119262.343093401 194 19
121028.575553531 238 43
185505.712852501 69 39
190694.570271031 144 19
191860.301697705 38 12
206116.389352952 103 35
210350.507790223 91 15
227404.457143069 222 48
240800.150577389 91 47
253550.251695024 119 24
297103.164674375 42 44
309196.482618662 84 46
314201.438416338 86 55
322530.884026025 138 41
358826.300125232 41 26
369750.876445588 107 41
374798.906608435 39 27
385664.165655047 119 32
390535.982857298 123 52
417005.928949511 222 26
441402.418221457 251 23
443284.008456092 82 54
444294.921261948 186 40
449931.963427186 174 40
504471.109216658 250 50
528994.011205793 256 19
535086.611283914 234 26
536163.284911455 116 19
552968.161511122 120 51
590340.712647871 168 45
595019.076388278 94 37
596599.817413819 80 55
626374.229356346 231 36
647822.506596229 152 12
674328.988172562 103 10
691434.267134852 235 10
704100.540360011 167 27
743554.048714854 98 44
753205.208970654 163 60
755986.388175478 179 42
759569.476333325 227 32
768828.940052060 46 48
831720.862026260 206 34
831753.250230114 222 44
836869.260272112 196 19
840223.513184136 178 21
849657.391018771 39 15
872356.352458291 149 27
911551.734509957 183 20
915730.691791464 87 40
934399.402436996 67 28
938052.378873337 163 32
947059.389868323 39 28
964688.160813768 117 17
1015340.371582474 179 43
1015385.555917625 240 21
1043015.497440487 253 31
1050729.989192174 40 58
1053391.412754904 113 57
1078994.114867020 102 44
1105678.275864786 46 54
1131002.529832531 225 13
1148377.398326866 52 54
1203540.688257404 230 15
1206473.755002105 111 38
1223420.817609617 93 57
1235602.977857994 237 55
1252302.278772169 256 30
1294996.144451928 53 36
1336527.699071275 41 52
1340815.673661271 105 55
1401290.458762114 105 24
1450415.494349313 119 49
1454328.752050564 172 27
1479475.720325611 228 16
1492388.728152629 65 45
1498103.826237695 123 58
1520170.623864516 227 39
1523834.883192012 246 31
1538186.776397673 182 23
1553827.393697770 124 57
1582672.472037394 230 23
1590003.392333105 37 34
1608790.541906963 58 38
1618947.353780139 223 17
1643755.021121172 120 17
1676678.148717056 121 43
1678838.342615819 117 24
1687701.396117673 94 33
1691548.960422994 43 31
1694624.223065530 203 26
1753029.908343788 158 26
1787231.364661900 225 57
1831115.979028848 199 55
1833862.122498079 252 49
1868236.950340825 179 11
1879135.068940673 68 35
1896263.103664185 136 16
1933539.530154752 129 57
1962608.186048614 159 46
1964141.507262953 36 43
1995379.403100514 173 14
1999539.009354200 82 47
2020608.363403346 152 51
2034022.879217117 58 12
2038297.859770629 141 25
2050187.165758630 110 35
2065493.146387431 146 19
2073710.962096660 215 49
2085781.357116647 56 45
2130230.469340295 129 45
2157849.726843076 119 54
2173839.400519319 32 33
2192102.293481250 199 25
2203968.792172612 191 17
2204465.636204444 162 52
2211189.500594929 217 51
2239248.641861184 149 60
2244725.754084733 149 59
2270771.214449130 244 13
2271972.499336836 32 42
2275251.206659423 249 49
2284862.245043634 149 32
2302972.914667469 178 15
2316722.528305101 57 37
2323014.471214119 239 27
2338218.503164458 250 10
2338635.220171179 107 15
2355065.862961418 227 52
2355115.717418653 94 25
2367835.157248140 37 36
2377080.929197275 231 22
2399372.971891798 53 30
2400763.625893539 203 29
2421907.049866054 135 14
2452168.249644770 93 58
2467164.751085214 189 16
2468479.221877146 126 45
2487015.968454220 159 26
2498105.497467503 76 30
2508504.158490839 254 11
2518218.978014127 107 23
2520629.830306119 85 20
2536782.081529173 84 55
2539881.281657558 119 60
2549826.402061849 155 34
2579102.501181130 126 60
2582780.480865249 100 53
2614248.822460208 73 37
2621786.267910911 67 25
2646129.493006628 47 17
2647699.308114071 166 46
2676058.711908830 141 60
2676815.784388104 194 18
2716189.045496230 209 56
2720525.662738262 136 20
2750149.620449221 86 51
2757361.404496247 90 57
2769988.563948623 243 12
2790310.619611586 83 39
2848668.734443883 218 40
2852368.602448177 186 34
2859435.841094275 220 32
2862121.175363583 223 57
2862334.306868379 154 40
2884338.297290139 101 15
2901657.488889306 91 21
2908149.502344681 173 33
2947913.905791543 225 37
2989383.751869513 118 26
3005220.289166186 164 11
3008154.344860472 236 16
