8 5.538231055 0.100429109 0.433388921 66458 18
3931.657183834 49.066861117 0.002677060 0.002663742 0.000000000 0.250000000 0.750000000
10
1 0.080599894 2.751964262 0.188557701 0.322988041 3.038731439 1.908039094
2 0.145281384 5.503928524 0.339875431 0.474826761 4.467258303 2.805020337
4 0.261869828 11.007857047 0.612625779 0.698045823 6.567344679 4.123678134
16 0.850817582 44.031428188 1.990427029 1.508625430 14.193428079 8.912145149
64 2.764314480 176.125712752 -1.000000000 3.260460290 30.675015623 19.261040402
128 4.982679408 -1.000000000 11.656622968 -1.000000000 45.095534433 28.315777288
256 8.981284243 704.502851008 21.011073685 7.046547867 66.295230320 41.627203238
512 16.188773158 1409.005702016 37.872479756 10.359174576 97.461037293 61.196414698
1024 29.180278596 2818.011404032 68.265179802 15.229088047 143.278087193 89.965236207
4096 94.807004863 10000.000000000 221.794223526 32.913296998 309.654407576 194.434002196
181
0.000000000 63 28
12452.464123190 62 28
24613.939965377 98 47
28651.784376784 130 46
71534.341171782 59 28
105418.119617423 179 48
106670.193990585 241 58
113981.684351901 256 24
130520.478750503 207 57
140487.737114188 219 47
207691.926043317 176 43
208038.760817482 61 56
214406.809502041 64 38
224127.205675776 184 48
242331.146664127 155 26
275709.902657347 172 29
278196.562567302 39 14
293732.159455312 158 14
307746.269212474 212 21
311602.756772385 162 35
332414.388923033 253 55
333448.971056054 199 19
340342.089489894 177 15
343509.147333627 110 42
343919.117828835 222 44
347630.493612415 159 24
381807.016611712 71 38
399510.932322812 215 48
401576.891446739 62 47
404181.636284607 159 41
419953.089732653 192 19
426366.398817433 64 19
430981.405708883 234 13
461138.955631612 177 26
463429.507680579 77 20
473298.742272662 251 53
484831.609466059 215 31
494098.554021149 180 55
535286.228481022 242 12
567780.261260529 197 47
591878.773214565 47 24
655156.471806137 169 12
657639.464853017 146 12
665338.482999724 202 25
666257.176720680 241 56
683537.126999559 224 43
683861.058494774 44 16
684080.584603699 256 19
684853.802166647 175 12
685532.855029599 218 18
735391.068162613 124 15
739203.157083207 243 57
756009.163776829 74 30
786738.148362921 235 58
786819.065989286 83 11
791541.702338613 210 59
800218.994142306 102 46
800443.803678435 148 30
808973.420761487 82 39
834601.971850942 47 19
853255.705678721 40 32
863258.379494324 104 23
927160.021347473 210 24
948875.960920097 94 28
954016.602650876 196 46
973333.275648004 89 34
976753.845493263 66 41
988935.650064931 250 13
989208.914274783 62 49
990203.404922626 253 17
1001431.401638199 251 48
1001768.252494383 140 46
1004179.315349509 118 53
1007511.897184535 191 34
1028424.418318260 203 59
1028552.747761914 79 30
1062288.302935420 112 56
1074756.123845783 238 19
1080728.028956728 250 55
1081057.818650170 143 36
1091803.070212203 38 16
1094497.751335255 92 35
1099168.181484734 108 11
1103060.640248032 249 13
1106716.660050349 199 30
1112748.236147769 219 15
1116687.985673056 60 48
1124443.348798356 190 56
1134913.079771545 151 27
1148098.783303140 140 43
1170710.902394216 74 25
1173747.531652542 116 40
1180715.671117797 155 37
1184197.837355246 170 32
1184491.950053191 251 46
1186421.887242643 173 10
1186879.607570247 75 53
1203242.756435724 195 46
1207086.730903393 185 37
1237062.809572061 138 58
1263793.288505674 230 35
1281199.811418299 76 33
1295010.141526553 61 32
1328819.283168842 73 43
1349355.517476131 219 39
1353084.660812368 231 32
1384264.770435962 108 55
1397438.092396718 213 29
1402629.953477577 179 24
1419329.287824250 144 36
1426575.536471366 232 45
1472423.521833709 187 44
1472471.153813374 200 24
1496795.321268695 193 47
1502920.680062953 153 18
1512612.563580146 201 57
1596999.513243082 92 14
1603631.013533987 196 47
1636945.077517899 247 46
1672001.225724418 193 58
1678996.887370662 65 39
1689514.296543671 138 18
1712457.967594394 161 38
1712789.129246511 36 39
1722106.150636911 176 28
1741119.429668782 182 38
1750795.313681281 45 43
1770657.880599232 101 50
1773207.726069717 98 51
1795303.413480049 196 36
1800593.474236397 195 39
1824720.407320107 94 38
1858841.583021135 38 13
1870305.900063818 187 37
1876902.016314741 254 37
1881687.371813565 115 56
1888652.020374386 83 45
1912563.178834646 174 35
1918240.764071649 113 55
1929253.361474697 188 42
1931335.496330228 244 56
1951360.239987342 123 40
1956088.631781946 73 21
1957334.402307698 57 55
1995209.841136243 84 34
1999178.251522322 138 26
2017188.573966307 118 50
2023350.688882679 169 39
2024987.792158036 179 38
2026837.495550429 50 15
2030952.804762855 71 36
2038503.568127537 230 20
2053131.327110601 44 57
2062039.584246366 122 50
2069784.936662356 206 24
2079213.819971120 241 60
2083803.978930542 96 13
2093457.992195398 256 16
2118059.646113128 185 24
2130254.817730081 203 49
2175403.117510122 42 39
2183956.027194076 200 12
2184442.901257651 92 46
2193452.954791860 235 46
2207930.033535866 246 44
2222346.528212043 203 44
2244802.860152400 125 28
2268720.078265067 57 22
2268978.112390810 86 20
2269435.858291229 112 38
2280506.877476895 154 40
2286113.629831134 98 25
2293059.825952956 34 20
2304514.728031857 213 35
2306147.502226079 61 27
2314845.611832410 160 49
2346948.213746093 231 50
2355211.342865833 199 19
2365048.870491384 78 14
2367073.797318665 236 14
2388978.762909207 61 53
