2 8.866646747 0.424583680 0.463712120 872589 32
27548.449434984 177.014487959 0.001465770 0.000711539 0.000000000 1.000000000 0.000000000
10
1 0.241481064 1.104713624 0.319342346 0.353693704 1.476651156 0.466309079
2 0.435269841 2.209427247 0.575614874 0.518683004 2.165472130 0.683830647
8 1.414195886 8.837708988 1.870178242 1.115453307 4.656954304 1.470611433
32 4.594735988 35.350835953 6.076227034 2.398837189 10.015009240 3.162622205
64 8.282015870 70.701671906 10.952404851 3.517834971 14.686761529 4.637906668
256 26.908348949 282.806687625 35.584468343 7.565277097 31.584602896 9.974046361
512 48.502323877 565.613375250 64.141037112 11.094290376 46.318033224 14.626690487
1024 87.425483664 1131.226750500 115.614278740 16.269500424 67.924241718 21.449677179
2048 157.584515192 2262.453501001 208.394844397 23.858817021 99.609208162 31.455417168
4096 284.046234434 4524.907002001 375.631899837 34.988360724 146.074422026 46.128585572
159
0.000000000 73 60
28578.425538952 143 14
106227.650011480 97 50
150560.831207603 236 51
164190.477719135 217 35
207794.384132010 94 14
241474.372025786 91 52
249663.039588945 71 58
268219.971614852 81 60
349183.462615641 204 41
355679.093791362 65 47
360286.216052695 146 28
416453.704037035 250 46
565644.086870574 206 21
599629.706916036 141 44
715618.637691870 35 44
932483.837860582 213 49
942121.035640660 130 50
1005331.546108238 249 43
1040276.113588985 41 54
1075494.247679288 138 45
1151636.039627133 142 23
1157234.201209638 150 59
1174054.130510260 198 53
1227153.823059828 146 59
1304961.396935865 109 27
1353896.242757235 66 50
1448529.097283617 64 24
1479828.069207052 256 39
1572903.951626081 136 24
1589422.194634545 149 45
1712340.574536093 40 20
1754287.398409767 37 13
1866337.832560029 184 60
1906299.261242998 160 56
1912810.030718301 66 30
1945872.271978474 33 17
1951961.604993285 139 33
2025618.687743489 124 38
2095721.764706393 71 47
2106087.453835857 60 28
2187345.441671604 228 50
2215313.415512570 173 54
2236011.824528457 219 24
2240269.317023963 126 38
2256188.090567009 70 20
2362154.713000898 73 55
2494098.121600175 220 13
2556978.176124716 33 44
2650094.132781502 194 49
2674543.700011938 88 20
2795107.638021649 36 50
2847332.651601275 112 31
2978283.061454942 58 16
3063852.831729666 246 23
3102741.403237917 72 12
3237004.273838956 166 20
3315952.494157226 92 21
3359969.520670942 219 46
3391716.178869266 117 45
3407004.242914333 221 45
3510733.254750746 34 36
3629891.528374036 189 27
3718958.563206573 34 60
3749811.070497525 49 17
3780190.124802891 172 45
3924685.734650076 166 54
3927461.954716655 35 35
3990774.532618352 123 11
3990962.291427278 93 39
4076088.521731796 151 44
4250450.473741165 78 51
4274665.303953207 248 48
4302458.241268124 226 16
4332485.265978898 193 51
4378118.924185851 228 24
4457305.800083725 34 43
4511078.157154948 176 54
4523827.661078460 146 39
4680142.899401318 123 45
4703230.089418193 139 25
4803781.174014557 49 52
4864152.975442710 236 12
4985196.267412318 205 41
5092364.912827154 152 22
5126506.991276028 50 50
5177374.395772619 56 44
5181399.493088632 203 21
5196624.424544561 189 16
5324276.815015301 74 12
5416163.592787537 89 14
5468831.256289804 139 51
5476116.022208101 156 44
5521304.143658401 70 18
5524882.678878431 197 59
5529995.578912639 183 15
5614913.526972827 164 40
5660066.367703564 76 40
5663055.532133992 34 10
5707488.797328577 126 27
5710053.038860112 41 54
5712870.336002786 72 37
5816596.778633340 140 51
5843500.678557069 108 13
5867571.419018379 58 35
5898028.351700312 50 55
5899047.605662143 127 43
5937141.937430409 208 33
5950177.378137872 133 50
6020536.641043002 168 12
6050604.723726484 72 48
6061006.694342013 215 54
6090093.111553403 88 43
6116150.198848002 46 26
6144204.961843913 81 49
6170254.432653057 42 58
6293953.464072659 149 12
6324826.876311916 233 22
6329853.133586247 127 18
6344462.317346716 79 27
6381272.677767404 176 12
6411296.486638229 90 29
6412491.043928192 168 39
6427428.657228118 234 38
6455087.160088930 104 57
6495003.268295552 83 23
6558525.941895039 151 25
6635517.250921187 254 29
6660927.654623654 174 30
6704376.575826597 96 27
6796425.489964069 243 55
6837382.490970151 78 54
6914381.237915901 63 10
6983475.111622537 175 24
7003362.552571245 76 38
7043470.696279312 86 52
7067441.347458543 195 15
7115196.033513282 187 55
7277246.317044875 125 58
7290392.866456124 248 56
7291570.551811188 51 20
7329490.395803710 124 55
7349115.920784265 145 41
7403526.845601702 227 27
7408585.066220049 78 59
7425260.132258572 40 14
7433797.240117651 170 46
7448014.901764438 198 14
7450757.083119879 38 57
7494962.627460807 248 38
7517620.141260411 50 11
7594248.101012734 148 25
7629942.897645420 128 19
7672872.468088510 250 26
7686960.896343486 212 30
7848333.369983623 59 19
7926208.111352826 221 49
8033259.078223965 157 20
8089747.263358335 213 48
