3 9.542974598 42.529542009 0.307929742 4932 4
3176.605456483 441.991642790 0.008285750 0.000936243 0.000000000 0.000000000 1.000000000
13
1 0.275296535 2.589701217 0.191050533 0.504559578 3.960344292 0.934158679
2 0.496222259 5.179402433 0.344368763 0.703789663 5.524123408 1.303020002
4 0.894441080 10.358804867 0.620725014 0.981687618 7.705375387 1.817529680
8 1.612230875 20.717609733 1.118857412 1.369316188 -1.000000000 2.535198334
16 2.906047644 41.435219466 2.016741519 1.910003538 -1.000000000 3.536245192
32 5.238153566 82.870438932 3.635178455 2.664186362 20.911495312 4.932564797
64 9.441776650 165.740877864 6.552412528 3.716165354 29.168595515 6.880234305
128 17.018811147 331.481755728 11.810729644 5.183528124 40.686089236 9.596959400
256 30.676422839 662.963511456 21.288851112 7.230292858 56.751373458 13.386408898
512 55.294280549 1325.927022912 38.373173826 10.085241857 79.160185946 18.672158098
1024 99.667991849 2651.854045824 69.167681324 14.067494267 110.417328378 26.045034984
2048 179.651647523 5303.708091649 124.674809582 19.622176418 154.016646885 36.329161510
4096 323.822260878 10000.000000000 224.726459624 27.370176954 214.831565535 50.674071925
154
0.000000000 236 15
10604.020811985 154 39
34407.105786488 140 42
71987.156030500 234 52
92611.462626088 174 17
116163.537333064 82 35
116343.764260481 51 14
131493.797693038 221 32
187929.495791100 35 36
285791.615553677 50 32
297008.229813344 201 57
397507.733068716 173 27
453247.253046246 92 12
461497.875514686 115 14
517157.993638550 248 22
543534.901672562 188 16
584352.566044761 169 11
596534.042706784 73 46
607449.408355914 202 21
613898.633816417 70 26
679941.602921702 64 22
708586.331913242 63 47
715405.277326914 215 13
749421.827210325 212 35
763362.426796958 237 41
887960.754461955 226 48
911674.446748732 67 33
918672.342936549 229 51
923305.383685467 52 27
926986.807486839 77 43
974082.178741333 77 29
983622.521917630 96 25
1001768.965190232 165 42
1018467.918705769 136 47
1049740.658862855 172 11
1069146.702177754 154 12
1118460.490231042 131 28
1163217.914313107 224 18
1205385.634403114 220 53
1212342.884751295 196 40
1222110.512982565 41 43
1233412.120790701 188 59
1271662.669344024 155 14
1273529.981685082 108 37
1274643.565460752 105 17
1358772.133935797 42 22
1361587.439785302 100 17
1412864.376776425 250 59
1418605.877615204 134 15
1433325.514440286 118 13
1444308.903311094 129 50
1554499.166269792 188 59
1600442.212750394 252 17
1717427.037769395 79 20
1733858.723750587 86 39
1740321.128559366 128 42
1839897.433732363 84 58
1895228.344162184 218 28
1900432.803613561 236 35
2026514.410276748 144 22
2034480.081313130 137 19
2042929.514196149 105 17
2051303.751043439 199 48
2062264.637456658 34 51
2086221.427976125 252 28
2209903.875504551 230 57
2245652.924750947 166 55
2247868.744377696 54 29
2270093.378629608 250 14
2300243.021187583 209 35
2333875.794563205 241 18
2335227.655636813 101 18
2439642.195071207 153 38
2506994.894508605 195 34
2542648.006619175 216 25
2576200.269701401 245 21
2598270.612672631 167 29
2645402.696788531 86 12
2683830.710997861 87 48
2728794.156129966 70 25
2772299.879866288 167 31
2781621.590545812 224 45
2801404.793676163 163 18
2809089.251264460 211 51
2815972.812353596 227 26
2888751.611436510 226 35
2944122.919673631 216 52
2983233.077170558 135 18
2986596.075838152 56 40
3029932.318593221 251 19
3094066.321816454 155 21
3162952.935805613 85 56
3234337.152047030 41 14
3264289.273519989 202 21
3315499.546163958 64 50
3318962.379254833 218 31
3328475.825034323 117 57
3400263.398259619 137 18
3428926.563439707 60 38
3431827.923232255 94 36
3534456.938867703 92 23
3651378.658617157 199 31
3814893.662019036 227 14
3815132.515581575 236 29
3818022.935479419 191 35
3844351.271219638 85 34
3848855.478890414 171 51
3862133.932104475 238 48
3899014.800897419 131 40
3921257.011469431 119 44
4056993.067490504 178 26
4137315.355309136 82 35
4185369.947473064 254 53
4221915.218096951 37 24
4245324.467571435 203 24
4275281.391075595 140 22
4278485.827124570 168 57
4357859.265355375 45 49
4369801.396149818 108 15
4479846.129653945 210 41
4508029.576051204 160 10
4549951.259319106 44 15
4554407.082493152 241 39
4556225.516939807 86 42
4584262.368713537 37 26
4602943.503717649 40 13
4626994.806317931 235 23
4627127.893538821 176 36
4674044.591759779 67 10
4675586.114070454 220 48
4721303.039743583 116 15
4741395.426256967 142 33
4776820.060723583 198 51
4814833.846684215 169 48
4821502.499429572 102 29
4825484.050800204 223 40
4865981.316734826 173 52
4872787.584065549 220 52
4959716.510480079 200 38
4974264.700663751 40 18
4981548.911768417 187 48
4984125.239677214 153 50
4989939.135596425 235 27
4991080.798276689 42 36
5029909.878428917 178 43
5048456.284897809 128 51
5072479.186856654 62 25
5093002.187134385 227 43
5103606.699385623 249 60
5268446.989505817 36 24
5317090.896225865 105 34
5322019.157563754 58 16
5334212.029009120 149 24
5373545.032027451 54 25
