8 5.286564759 30.000000000 0.361447459 2000 7
905.492318721 228.566798630 0.134603777 0.012306298 2901.528172385 0.500000000 0.500000000
11
1 0.276728600 2.266993245 0.364376007 0.816507889 1.299626613 1.942964492
2 0.498803558 4.533986490 0.656788090 1.215327972 1.934424146 2.891997893
8 1.620617540 -1.000000000 2.133910800 2.692524791 4.285662050 6.407139638
16 2.921164615 -1.000000000 3.846376192 4.007677987 -1.000000000 9.536681917
32 5.265401921 72.543783844 6.933096644 5.965212615 9.494763207 14.194836874
64 9.490891834 145.087567689 12.496913116 8.878897369 -1.000000000 21.128249388
128 17.107341312 290.175135378 22.525697454 13.215760038 21.035379669 31.448260108
256 30.835998543 580.350270755 40.602590501 19.670946303 31.310028539 46.809039672
512 55.581915904 1160.700541511 73.186206945 29.279143035 46.603289435 69.672731895
2048 180.586177549 4642.802166043 237.782687886 64.867114296 103.248271259 154.357969347
4096 325.506752114 9285.604332086 428.603514916 96.551202392 153.679485254 229.753515335
550
0.000000000 40 148
1089.123279440 43 125
1332.878159374 25 128
6834.507502547 56 194
7106.481646034 38 169
8576.759716346 17 144
8624.070096639 62 107
8811.273963655 16 187
9010.097274857 26 115
17610.647273952 48 103
18831.977980084 46 185
20828.070646265 61 127
27102.261898067 39 116
28639.987880542 42 156
29869.247977375 48 158
31331.976122129 39 103
31782.636366719 45 162
31832.018551426 53 120
32426.639304819 35 146
35745.479838903 31 170
38479.238589087 57 167
43824.106272432 23 169
45371.519032879 41 111
46931.773694608 25 105
47233.678942292 49 187
47248.396232430 38 119
56060.746526729 28 176
56526.829344996 60 124
62945.099934268 28 144
66336.374260475 44 134
67027.819057317 26 135
71891.815056066 47 134
73091.211236527 64 102
77993.560945978 41 167
79386.452317339 50 134
79924.600987987 26 168
85098.322122489 22 119
85950.428114748 38 122
86284.208373856 45 175
86356.445894065 23 100
90702.427657407 60 168
98601.111000012 30 164
98613.845201107 16 193
98975.263039746 37 184
102757.518221179 38 142
104552.042700725 51 132
109821.802979114 42 125
113671.972580539 50 163
118492.261406298 33 168
119292.986452674 35 128
121966.992161298 19 159
123911.169148034 37 140
125201.706191695 50 120
125319.355657663 36 115
136631.530671198 55 111
136882.398655549 61 150
139812.929306781 20 170
141181.038275178 53 136
142193.843101152 49 160
143271.305058327 26 114
143325.856769133 46 161
145501.042374631 27 143
149415.764109747 48 167
156731.289620510 37 152
158486.348039016 39 137
158577.926263272 42 165
159201.967679620 39 191
162169.328511606 43 119
163189.005622825 57 111
167043.146991887 30 104
170352.508896878 63 192
170537.716856472 22 177
170546.313760949 19 148
172986.877682452 54 113
174904.930635799 59 169
176528.024253486 19 167
184658.574201609 64 149
188925.508581500 46 137
192776.674531502 61 164
195448.740281830 26 107
195702.637698057 61 123
196671.062892178 21 153
197210.729214750 21 121
197253.852195439 43 126
198258.533150541 23 176
204985.335490144 41 175
205831.768762653 18 175
215121.187405558 57 109
216353.198157368 61 187
217481.981812880 47 170
220488.845823632 35 168
222650.879936857 32 190
223145.483810196 38 179
225356.230481314 37 128
228538.942505616 41 105
233490.707384548 62 144
233678.856557437 61 141
237304.642947645 58 196
238823.405043015 19 111
239278.752205352 23 110
240373.676288669 32 132
242550.154496075 55 106
249814.498221539 38 124
252305.977683083 20 110
253443.181880529 64 158
253861.414387027 48 183
258048.274337118 37 127
258698.160512084 48 135
258940.995641895 63 137
260450.586956312 20 177
264938.065802539 30 143
266366.604572259 57 115
267948.679618955 45 105
271157.228785467 61 145
274605.366572258 58 165
275522.312945824 62 178
276213.660506319 43 182
276769.710597340 52 111
278572.895169597 27 123
280260.266229320 26 176
282830.546535950 19 145
285178.421511853 54 125
287287.417687830 64 174
293498.272420171 43 185
295521.026782675 24 108
295927.249679955 46 140
297020.654657694 57 154
298244.551717899 45 125
300811.641711891 29 173
301978.131784727 54 143
308010.125307036 50 168
309636.362031035 22 168
310090.181771106 26 199
311527.561756244 53 122
313608.133785963 51 141
315575.825843651 51 125
316817.341426749 60 123
324483.537171205 36 111
328974.166079244 43 160
331247.752999370 16 134
332547.287204883 54 179
336699.244643235 58 162
337717.842098683 24 119
339347.182357104 48 125
342528.402549235 54 107
343534.908012505 24 138
345031.059755489 55 168
346388.250807312 23 124
347616.997294965 48 147
348508.921594824 40 130
350014.841425134 35 165
350263.591771443 58 112
355028.045699577 26 103
357624.293635952 54 169
363083.533109670 42 183
363337.528862309 45 161
367459.540640588 21 137
367969.235429925 59 118
375827.998797269 28 168
376405.948752955 58 110
380242.683202942 36 154
382573.286128585 45 194
388820.714229848 51 110
392894.786906743 49 191
393318.379694096 31 163
394890.158615126 19 131
396245.074686269 38 196
396440.365508347 18 199
396695.573008776 18 181
397060.216731399 40 128
400554.239411369 17 166
404408.648594181 49 150
406021.226759126 53 135
406483.180235211 28 159
407753.552864017 53 150
411189.570619595 61 113
414824.571391854 33 147
415558.034595947 61 143
420115.680311931 35 178
420426.004158380 17 162
420781.948569075 24 125
421841.094472384 42 130
422095.909963114 48 106
424302.850323976 26 185
425027.792749874 21 123
425600.492243106 62 107
431567.581250274 45 111
434060.951113912 26 149
435585.749014506 60 113
438270.434612476 51 141
442907.168703301 42 159
445844.712678843 22 190
446467.771605204 42 149
448830.931550055 42 158
449286.974058522 22 160
450166.119638176 54 129
450791.624226084 38 158
451637.699493590 31 128
453587.949903391 21 109
457913.711875501 59 106
459271.982398520 27 151
462389.082631926 59 147
463378.160100218 47 139
468533.042919927 25 133
468840.697314561 51 171
469252.995732931 44 163
470558.893847623 37 179
480578.936673956 44 189
484612.416661683 24 113
485027.740748472 43 166
494523.819407669 30 131
497467.920395974 51 116
500162.394927849 37 130
501266.948052561 29 177
512759.372087839 42 137
519173.734946272 57 171
520530.940841509 28 192
527142.965487476 18 137
527345.675449872 49 198
528983.111801510 43 146
529050.166259527 27 198
530320.157288988 46 141
532024.992416821 63 161
533422.578987079 64 195
534568.589458323 28 171
534778.825558580 48 115
536012.627029476 29 184
537754.554037833 41 178
542454.487459872 23 133
548783.178051578 61 162
550725.902374109 39 198
550883.306448436 34 154
557327.576998930 23 131
560099.931038345 63 174
560307.492183984 31 162
562020.483667780 51 179
563428.899408935 48 104
567392.962225977 60 198
568518.998487771 49 195
571476.777462607 16 115
575165.061869272 57 129
575891.417629019 23 180
580421.433784920 47 142
583107.448874015 18 113
587115.728526342 38 142
587549.321025789 37 190
589872.026687104 30 154
594212.041792886 62 119
596926.664405713 39 113
597812.308505410 17 149
606130.863902588 58 154
611086.885738933 53 178
615471.038839287 17 125
619057.697406492 35 172
619173.812795091 61 187
623143.245597614 25 157
623839.976617083 45 197
624091.705171767 39 168
624963.854634410 35 157
625691.579914473 22 171
625759.862859723 62 119
626367.875668479 52 105
629788.055848282 53 128
629917.236444806 48 166
632259.458313075 40 194
632619.424073346 46 198
634949.909050052 35 128
636782.071768296 26 172
637400.672436195 31 183
639210.361984836 52 148
644921.672709619 21 121
646286.850926292 40 186
647466.432738303 45 200
648791.044121207 64 143
652274.718751941 50 183
653967.900003590 59 148
661595.018094161 40 134
663480.626145368 35 162
665515.134602791 47 162
668597.283401843 46 181
670146.004918091 52 168
677949.978180237 40 164
679917.006198619 20 122
682204.871468358 58 146
688494.361780372 49 162
688989.669360387 34 130
692060.365509653 64 125
696173.070040651 51 132
699389.378220149 52 131
699515.300022998 34 170
704895.348948175 42 144
710529.039361977 39 172
716447.172389818 43 142
718712.223039535 17 163
724054.409403038 19 166
725007.568717072 56 126
727490.154911349 58 196
731086.753378223 21 173
738313.433862117 22 185
740306.499669051 31 125
748227.977892102 35 103
751121.942328125 17 110
751177.001350037 47 134
752144.901203977 48 161
753024.203216695 44 104
753739.481559828 37 173
770928.917572907 23 156
771437.708000130 42 109
775809.222436595 37 140
776439.808789608 55 177
778954.102506894 44 142
782131.440628691 25 177
783479.832284233 25 162
785113.057263525 26 175
789024.119100432 49 124
789678.784223543 37 128
798645.096383229 46 135
801647.294516794 32 105
803317.423978911 55 101
805290.729649247 25 132
805361.854896738 43 102
805775.016881389 62 180
808701.294965885 64 132
810174.487274090 64 114
811326.252397194 61 165
812251.901325779 64 194
814276.545941706 23 104
815471.050397308 38 112
817608.122298541 26 158
819730.189007330 53 145
819884.258835288 35 144
822664.508675566 55 180
826240.699899869 28 200
826285.929844808 43 194
828666.269750827 22 168
830898.807988532 38 103
834196.459563633 23 156
835779.732539853 40 189
835923.958460581 63 120
836063.835166536 32 126
843388.486535390 29 142
843854.252340042 32 163
847585.062775972 48 159
850731.666479392 62 158
853067.806180496 33 108
856310.627544470 17 187
856579.489579201 54 170
856824.937704168 61 132
857574.147964697 60 154
859871.493502966 48 141
867170.512928354 29 196
870024.400525915 23 163
872397.485211010 31 100
872826.567916373 58 111
873739.960853094 38 179
874053.685609065 36 126
878220.143984838 33 120
882909.046192560 51 103
883676.646571236 53 162
883834.402496521 64 127
887383.505464589 37 113
887755.252516568 64 118
888920.960803331 51 191
892586.519031315 56 170
894714.229275222 18 136
895329.180326542 48 118
905535.621159471 16 180
906435.838061254 18 133
907764.060732838 21 148
909401.906850875 47 142
911918.862287847 18 153
912596.374764249 25 126
914632.475733310 27 145
917060.524844091 50 162
920993.786936161 48 173
926282.243692329 36 101
939552.940805893 37 136
940695.640706145 31 107
947639.325290117 20 119
947741.886580241 35 160
950097.553168458 30 153
950772.976688360 37 136
953125.377743858 37 149
955277.612560801 64 180
956659.187420157 49 152
958675.986609005 35 192
961058.157650546 59 134
961868.560989004 56 124
965240.737170982 62 140
968351.811172769 31 195
968707.940531794 30 166
969854.850381631 28 131
972157.710446196 61 188
973490.750079502 43 158
975077.359190793 61 169
975781.696298214 25 135
977357.167381059 57 136
979677.341330582 27 158
979701.481497150 33 132
980988.044083027 43 196
981205.535632656 25 194
982090.118067025 41 157
983355.761978997 62 119
990649.174405709 50 161
996606.002890777 30 137
1000848.451252648 49 189
1007916.588265163 37 116
1009547.343822752 35 144
1009876.908854714 60 196
1010716.913816525 58 178
1011401.723518403 54 132
1013812.359532793 24 145
1015051.528365223 27 158
1018716.199896201 52 147
1019532.926741769 33 100
1019677.429773924 62 191
1021278.821597242 40 133
1023131.726591306 50 121
1024960.395474505 48 120
1028802.998737729 39 113
1034552.211090200 20 182
1037098.266637785 38 104
1039936.890670399 38 116
1046473.185348813 21 120
1054940.157274014 33 154
1055479.010255890 59 108
1055699.020978104 63 181
1060257.729553858 58 146
1062199.009290392 24 139
1063785.500732562 59 163
1068231.292040891 48 179
1075481.953417202 31 152
1076584.973233142 22 143
1080014.247298514 34 179
1080752.031910144 45 195
1083394.643073783 57 192
1085069.565206415 24 120
1086274.508119704 56 183
1091274.130149796 49 141
1093391.550546161 34 105
1093878.751262206 27 153
1094799.974403137 57 114
1097216.230722061 32 199
1100488.381062082 29 139
1101299.035340575 41 157
1101885.969649581 39 167
1104250.354072387 45 193
1108616.844681023 25 193
1108843.052070572 34 172
1113554.967834327 39 172
1115348.262784092 20 175
1117332.801498864 35 105
1118202.573100098 62 179
1120123.341603319 57 132
1122649.092368106 59 146
1127348.156222367 40 161
1130263.337392175 55 116
1130875.687753362 60 200
1131238.914357741 48 114
1132905.431171298 54 176
1135775.430181240 46 143
1135886.671635259 36 187
1137097.329627375 63 116
1137200.080268358 46 173
1139800.059915587 19 143
1144561.505977556 32 166
1145593.914946547 40 197
1146530.544305136 30 146
1150305.955750181 35 129
1150613.210079473 48 199
1151976.790477567 30 160
1153333.134931182 54 114
1156994.078460283 54 110
1157456.027253598 60 127
1158097.812008240 60 199
1159059.864592503 34 114
1160907.229263418 61 101
1162373.438289824 60 114
1164357.659048146 37 100
1170259.213495445 52 114
1171855.037549557 44 118
1172217.419284526 52 100
1172557.107340575 18 183
1172916.333779582 24 160
1173459.233843327 63 134
1175005.334533315 26 191
1180139.869418416 21 195
1183031.111905143 33 176
1184020.705800755 53 104
1187781.042424379 55 179
1187786.599773088 52 135
1189143.840640981 60 140
1192290.260917318 20 152
1194091.645086724 48 143
1195152.612349882 29 147
1196805.832985058 48 164
1197116.862429520 56 173
1201685.942670594 40 182
1204432.290204487 60 178
1207344.187452314 24 167
1215309.984197915 16 152
1215593.222449964 57 149
1217423.235202794 39 121
1218603.632670549 17 156
1218699.946735422 20 157
1218982.217948740 40 114
1220000.411954201 20 143
1222037.766528165 43 160
1233636.873783624 40 158
1235264.935425428 29 172
1236439.141424848 57 154
1241309.470743175 40 102
1242201.330456555 61 140
1242311.914635709 21 196
1242904.695005546 49 113
1244224.285767818 24 128
1245218.429308004 47 166
1247574.325684633 39 195
1251770.811980388 44 115
1254185.563712211 34 137
1254696.469105401 60 192
1259606.039273422 33 172
1269368.622813846 51 145
1270641.286284068 35 177
1270935.237156033 49 105
1275792.081991052 31 107
1277698.779408892 22 170
1279537.914883104 24 118
1282670.429004152 42 185
1283406.338228248 35 193
1284656.454872892 33 166
1286257.211506991 32 142
1288276.042040593 57 148
1297879.376036484 39 152
1302858.579833028 25 191
1304564.333743951 57 195
1307296.923513224 26 178
1308946.445224310 39 155
1311087.264729479 30 182
1311599.254375169 41 183
1312826.802234806 27 105
1314576.266073709 21 138
1314869.817147044 39 158
1314953.691599575 24 189
1316933.951636046 26 108
1321574.427928213 33 132
1322719.458234045 59 109
1323626.218533684 55 187
1324478.267012310 16 106
1324995.577056338 28 156
