8 6.120104012 30.000000000 36.353022057 2000 5
348.704298144 149.885706448 0.252892805 0.011634538 4708.326940024 0.500000000 0.500000000
12
1 0.379022900 0.719663246 0.278494002 1.735526063 4.680574560 0.353624708
2 0.683189127 1.439326493 0.501985697 2.696684528 -1.000000000 0.549466989
4 1.231449034 2.878652986 0.904829683 4.190145913 11.300487372 0.853769447
8 2.219688024 5.757305971 1.630956341 6.510706979 17.558854398 1.326598837
16 4.000989716 11.514611942 2.939800313 -1.000000000 27.283192099 2.061287717
64 12.999253940 46.058447768 -1.000000000 24.424470634 65.870837834 4.976644539
128 23.431167253 92.116895536 17.216478348 37.951082064 102.351023682 -1.000000000
256 42.234700653 184.233791073 31.032718151 58.968918975 159.034443666 12.015300269
512 76.128087004 368.467582145 55.936503180 91.626726196 247.109929752 18.669540616
1024 137.220947260 736.935164290 100.825598736 142.370881124 383.962844619 29.008991787
2048 -1.000000000 -1.000000000 181.738235008 221.217854588 596.606806515 45.074574774
4096 445.832172968 2947.740657161 327.583336749 343.731378230 927.015951070 70.037500992
324
0.000000000 24 149
489.606111423 21 146
3364.525813344 50 116
13715.377863814 44 149
23043.913078885 43 160
26320.405921517 27 191
28071.756870324 31 119
28479.403917858 26 136
30961.845638789 41 158
34676.071140174 56 196
43910.249051405 35 135
47328.980065010 28 104
48681.992197905 31 128
50317.980089030 18 113
50741.299298313 58 186
55036.458028077 29 127
56041.071004159 41 193
59382.143069209 29 129
65165.115407118 16 180
72366.117311027 64 114
76097.587642319 62 119
77777.169912556 46 161
79585.000213579 57 118
83228.013224062 24 141
85397.886025518 55 117
88842.884188724 16 170
90342.836897220 24 121
91138.802495649 37 174
93560.951630630 59 131
94697.890208427 62 117
94829.711910797 41 115
95325.352179220 24 178
98622.404804311 44 127
103660.055020923 36 132
105003.049013925 61 159
105003.476520329 32 168
105213.265184521 47 161
109439.007132636 19 125
110529.070583091 48 154
115297.405065639 55 101
115964.352098579 29 121
118141.468502105 53 126
118344.427589806 63 161
120319.641071863 18 190
121232.403906941 21 144
122004.224725404 52 171
124502.777094343 38 102
128292.681791428 17 108
128697.489671679 47 199
129024.124948522 20 116
135469.287253861 64 159
135894.427748843 35 103
136700.804155449 37 198
140789.206709193 24 174
145793.215128011 54 148
145956.371699056 42 176
146556.654942731 44 184
146747.488900131 64 172
148805.604724943 26 191
151240.012526161 35 171
154866.501874879 24 111
157689.017911651 37 165
158500.006678611 47 181
159033.792744647 36 131
160738.041188046 38 193
172263.237607263 17 107
178889.677623995 30 108
185358.880680107 51 112
193529.694793302 63 134
194832.174647085 53 107
196200.634829651 43 198
196484.352208925 23 145
196741.291884754 58 197
202059.483178513 47 199
205367.976424819 38 184
206267.352923757 60 114
206513.372562159 64 164
206715.038876211 16 123
209035.869089959 64 145
220574.518969261 51 144
220585.178275874 59 146
227632.949964236 40 137
227762.167216844 29 194
232072.697834596 54 190
233127.586363761 42 126
244570.956216453 18 165
245377.302738875 21 103
247686.291523392 23 195
248962.584555779 31 190
249076.958864891 18 133
250760.463138691 22 153
251305.616007626 34 169
254975.630196554 54 192
255837.559337818 17 182
258264.602362075 21 188
261738.088269682 63 132
262117.084298806 58 170
264332.170457986 33 149
265595.586359366 47 181
269506.545457310 26 118
272667.885122762 55 122
273106.931808657 44 169
275346.870151263 20 137
277623.164663456 64 151
278475.453822851 34 104
284504.061701969 47 120
287953.089367038 47 122
288433.342538227 35 157
289418.975308342 60 113
290164.896204198 24 155
290837.358468000 18 106
292155.615458398 58 153
293930.777721200 20 107
294043.312954999 25 134
295505.729382726 56 200
297636.915743194 60 162
300155.504355791 62 198
300654.220190588 35 132
301324.085143216 35 192
302447.855119702 58 121
304073.580937872 34 128
308950.741411367 46 139
312976.542700929 42 115
313612.099962457 16 162
316073.534342584 35 131
316161.307036204 21 188
320351.657366945 55 159
326393.502940602 28 108
327431.310922102 44 126
328772.520123718 29 106
335820.861825798 18 186
341429.982164795 62 120
346594.744200543 39 108
347607.637966016 30 140
353057.312185963 55 145
354257.115395475 19 146
355726.014766268 29 120
356807.112060350 51 196
362223.660064615 28 180
364097.894178389 37 122
366577.997533088 38 101
371034.843970540 38 192
373981.570150836 42 131
378719.330713877 61 120
378751.044870629 43 174
379166.570774001 48 173
382214.871470727 46 157
383481.360763547 60 190
385152.595884528 43 189
392716.755416332 46 179
396972.422951407 50 146
396977.020714090 52 147
401880.781131486 48 104
402947.360981609 51 159
406710.114161063 52 132
414727.030237671 58 159
415539.960192910 53 104
417041.763423349 59 168
419488.376308416 64 119
421209.970447678 40 152
433540.462997103 44 113
433941.615461905 48 141
434494.453261848 55 127
434926.079589225 25 177
435396.064396308 19 198
436224.800715764 53 155
437836.430148648 52 107
443658.278531040 58 173
443845.864487722 17 113
444356.435483331 63 100
448942.389465608 31 188
449525.627086263 52 127
451918.558872463 51 185
455066.940608117 42 100
456904.178650307 48 171
465517.802987457 29 131
466400.311251744 51 188
473108.001639232 64 153
473343.377480973 53 186
473466.756103320 37 145
483796.739847080 61 192
485281.617867852 43 131
485483.137872156 23 107
486137.414291732 28 171
486954.846668987 23 176
491788.583475892 54 187
497507.443840102 22 117
501533.953980482 38 151
507917.266387377 27 186
508181.662810368 50 129
508484.133409612 39 163
508984.450484356 24 111
513767.369403707 45 182
517174.842086711 42 150
521227.982280572 46 181
523093.245317322 64 126
525679.758135212 28 114
526892.751827262 41 116
527806.246397740 27 155
528454.199722873 26 141
529783.764981149 44 127
531149.123144884 37 130
531325.872414151 26 136
531680.446525237 27 136
531924.612355283 46 124
532841.146979134 29 194
532898.997751668 21 124
535256.023731047 17 178
540795.292953685 51 199
541575.250571603 36 148
543199.087879156 42 196
544184.378818822 54 184
546570.217882438 48 145
548270.758759189 33 117
551208.278042885 52 115
551545.597613388 46 173
561943.479786759 24 151
562810.875290949 39 124
563636.136325510 58 122
563746.492002777 17 178
568086.784799388 30 157
569103.073940581 50 121
570219.912562048 43 123
570804.036695273 57 171
572351.266269558 42 114
572785.456372641 30 108
573361.438239753 18 199
574822.147677911 23 135
574924.081468661 42 152
576366.527747180 21 195
578217.701264826 29 114
581380.741420747 52 153
583320.067596265 25 200
583369.689659324 59 185
585617.878380879 43 102
585969.275402242 23 104
587082.027556024 53 137
593541.990578849 62 158
594451.969515982 61 157
595373.258676248 22 119
595873.333582471 39 198
598882.565729970 31 177
598906.934356626 36 170
601653.793088597 21 107
606125.571916212 55 174
606957.978127011 48 123
608020.005299509 61 191
612988.224699782 61 130
616941.890892922 45 175
617713.774361953 27 192
619406.250478706 34 174
621829.219244997 31 177
632546.056425930 56 132
636228.041780864 27 127
636279.568023175 30 150
636315.775448643 43 131
637000.784763231 19 100
638180.447731755 24 119
638207.254654403 25 197
638787.659835517 23 196
639202.143300671 64 187
645614.089655151 41 183
646250.903630875 39 187
647966.200214002 36 156
650940.206203805 23 137
653005.098045617 53 193
656267.190062625 54 126
658636.849694658 23 198
659157.998676432 32 178
661132.423903629 31 126
665465.404688799 44 151
671533.653690218 52 131
676647.047391107 49 132
677178.100927417 34 140
678170.416864429 34 165
679814.084705639 62 125
684866.906408732 29 123
686445.883697361 56 101
690440.134230369 60 100
696087.215461941 26 112
696927.527889296 20 145
698558.840723030 18 199
699728.555804996 35 160
710595.416384887 57 118
711395.619529198 21 138
713987.967068526 62 130
716318.248120452 30 152
716360.959827456 48 137
717337.938460523 32 104
717403.119014516 43 108
720098.023451439 46 122
721469.636187551 39 162
724993.182517761 55 159
727200.889163543 28 151
729684.623866028 18 100
731423.746595977 49 130
737226.732817442 62 107
741649.685233085 39 166
745189.836252861 38 154
746450.263874953 34 189
748454.402571113 51 150
758793.871268030 27 105
759109.629772786 26 161
760250.685366309 46 158
762093.279265612 32 159
765206.472324987 24 151
766574.295312357 58 174
769075.853274429 18 174
770702.465208940 34 129
775450.787551121 62 183
775892.564388588 17 159
777881.126312605 24 177
782272.160544681 41 153
789939.324156212 28 166
790535.138808290 57 110
791984.828955984 34 179
795525.948929698 37 183
796433.875067389 55 178
801368.352124004 61 103
801562.609536162 45 157
803950.973418910 57 101
805191.811299275 52 134
806398.488806341 42 149
813805.037886614 58 151
