7 4.343093153 30.000000000 3.952894847 2000 2
813.436553877 155.209624638 0.219681763 0.012738345 3063.180088769 0.750000000 0.250000000
12
1 0.318989981 1.202648423 0.366481012 1.796725576 1.488207059 1.274812134
4 1.036401507 4.810593694 1.190700319 2.984501991 2.472028555 2.117562862
8 1.868114675 9.621187388 2.146238427 3.846510607 3.186020344 2.729174930
16 -1.000000000 -1.000000000 -1.000000000 4.957491702 4.106233163 -1.000000000
32 6.069522486 38.484749550 6.973149223 6.389355570 5.292229480 4.533373444
64 10.940319898 76.969499100 12.569107926 -1.000000000 6.820775089 5.842739959
128 19.719936738 -1.000000000 22.655828666 10.613220335 8.790807918 7.530288570
256 35.545204215 307.877996400 40.837152132 13.678618653 11.329841967 9.705248967
512 64.070263484 615.755992801 73.609004502 17.629390735 14.602220888 12.508399464
1024 115.486709209 1231.511985602 -1.000000000 22.721257575 18.819755427 16.121179135
2048 208.164900201 2463.023971203 -1.000000000 29.283799626 24.255433270 20.777431793
4096 375.217425211 4926.047942407 431.079562338 37.741789498 31.261088669 26.778541961
528
0.000000000 59 121
264.421065847 21 173
10310.687189561 34 187
12284.682806276 32 180
16395.832293354 25 121
18859.337481007 37 113
20642.490381796 45 121
24556.235677798 62 149
24703.445954260 41 182
25420.318665154 18 127
26875.543569899 34 164
33226.202487418 48 159
33404.015971081 41 141
37001.299426773 31 135
37612.265928689 22 181
42321.302194988 48 134
44324.573338025 22 182
45095.125459649 38 184
45491.397426655 59 131
47784.564043020 25 125
48753.841407001 62 192
52643.441198692 29 127
53443.304712642 32 143
56313.048478648 34 137
56417.834819126 59 175
58853.820097114 19 168
60260.051048532 32 160
62985.141178874 55 186
66347.862806701 27 151
70472.302540497 36 127
77545.287334894 51 161
78069.466968617 38 100
78559.509891172 36 164
78708.761471165 62 147
91105.225074659 50 167
91527.956570326 17 193
91570.342384829 17 154
92739.309261076 29 133
96658.122985293 48 132
97530.427522094 31 113
98087.650054403 24 170
101381.890240130 20 151
104999.468700225 51 138
106880.567961439 53 191
110821.682588083 59 178
111986.937307800 32 190
112768.572765929 58 109
114198.568525919 44 104
115595.645917785 40 111
117907.704773219 61 173
118459.474188906 26 194
118604.522482985 36 149
122853.894358995 51 162
125405.876984285 28 120
128549.361288463 53 127
129950.463103232 17 108
131535.639048520 48 164
133194.776590311 46 155
134655.456096090 23 154
135473.110674919 18 134
137540.198925616 30 102
137973.093052253 27 158
141844.866336476 30 124
142150.410225612 25 185
142234.887858497 59 172
143806.946059966 63 105
144053.173858348 41 200
151073.900751141 21 173
151612.556394120 29 127
152275.178363074 44 140
153689.010691858 36 193
154652.839832019 16 169
154926.334912252 20 200
155434.743198634 25 131
157091.778713890 39 160
158180.043360885 23 170
161103.243812483 18 185
163079.302466990 63 149
163366.521843768 30 139
164399.756932588 57 188
164436.676503876 64 140
164706.796744711 26 136
166116.143309031 31 111
167870.455164099 26 104
173058.221503578 46 113
177961.583493247 28 153
179052.897652493 36 184
180110.522061668 31 184
180833.678877440 38 174
183552.968008782 52 118
187918.256910071 61 169
188470.205625201 19 128
189350.545410480 56 139
190426.070058838 38 149
191016.165363728 18 190
191679.619040295 60 191
191981.771046502 21 125
192692.621276254 60 173
193103.419507514 17 107
195207.945971616 45 108
198633.456168070 18 130
203058.839068579 31 102
205779.590241227 55 194
207181.958097483 41 169
208166.057709898 34 102
213561.112775506 48 192
215472.717820489 22 142
223480.603964817 27 168
227920.924649818 34 155
229360.136220976 24 114
230842.766937307 26 129
232126.484407752 35 145
232748.140622605 39 170
236846.070282088 45 150
237353.899494961 26 161
238951.346858126 61 164
240380.028990534 39 130
243151.986598731 63 190
247875.942324846 24 175
249639.828531068 16 106
249659.590757242 34 159
249955.811269327 23 195
250562.156960534 32 150
253828.553851774 34 139
253897.079979150 39 108
255247.387732645 28 161
257160.265993004 33 187
257755.873954584 58 176
257995.538025651 44 142
259485.260082112 49 121
262166.090283821 23 151
263325.997118365 59 158
266509.724047593 64 195
266739.236101776 41 189
269723.097942094 56 168
273129.604366406 56 119
273650.462136888 20 151
274648.660250854 37 151
275727.991210074 54 163
279170.723898385 60 177
282399.377871280 53 120
284378.822802833 48 103
288529.335798747 44 173
292440.204545239 38 117
292841.726018520 25 108
292906.033094933 26 186
298793.569955721 59 122
299555.313753030 21 197
300358.076225614 30 138
302833.549950443 42 140
303265.455932624 48 119
308508.417822503 28 156
310373.618483603 31 104
310843.756463884 28 118
315588.009963899 31 168
316287.141619824 50 104
317809.245582681 62 177
318867.109732901 33 105
319421.748164560 29 174
320637.700563899 38 155
322152.128538904 55 156
322461.099760733 33 156
328265.156816273 25 140
329072.546760522 64 157
330111.525044860 28 198
330879.819309320 17 121
333273.207041314 24 124
333333.013967368 45 175
334026.959379957 42 120
335427.061574601 22 139
337895.520856655 18 166
339399.231325848 51 199
351267.204459991 19 185
353034.261766753 59 144
363058.613745850 20 111
363963.959922914 37 116
369536.897890088 58 174
371278.200178603 35 139
371467.945693992 52 108
377164.155600756 16 103
377234.068026983 61 110
378206.378226036 48 130
380601.744276727 16 122
382842.797466182 60 110
386547.777186780 55 101
386637.211506224 39 160
389427.271517164 62 134
391736.748804191 56 195
396086.308238981 17 121
397155.763726676 46 117
397390.596302206 46 157
399460.527137982 46 133
401718.022975070 42 121
408447.604997767 57 140
412875.460790935 24 187
414912.663724909 58 128
418041.693589869 18 162
428618.552345000 30 200
432862.864015283 51 156
432911.817042933 27 136
435094.345326540 24 163
436901.164431258 38 126
439648.003458760 22 160
448941.256156183 49 128
449720.970613746 54 194
449868.825611585 41 153
453505.101876954 58 106
459962.036386309 19 200
461156.760386132 52 157
462376.389108549 28 145
466231.620870653 43 100
466397.053422338 57 162
472264.357057664 53 199
472688.971355025 39 180
478174.371769720 52 152
484305.026230626 59 167
484813.626245223 52 165
487585.057543770 26 146
496454.455431858 18 187
497255.597128754 59 182
497619.884514888 20 101
498301.321743280 54 110
499325.768704665 62 169
499421.265704573 22 150
500673.490837615 62 141
501515.341439324 39 106
504051.619560740 20 131
504333.086663425 21 125
505994.425720828 46 126
506757.237181838 19 106
508434.599058344 52 160
510655.427064223 54 186
512697.888536706 23 198
516341.627679507 53 145
516999.904033097 41 103
519273.137826446 16 191
521571.405122330 37 158
522226.691663365 46 198
526124.251030975 26 114
528231.041958773 29 143
528383.380393993 43 184
535994.148476310 57 117
539354.470253151 59 168
539765.192170003 47 147
541338.094858760 29 119
541835.428116209 53 170
549885.244832689 37 120
549983.316846507 36 189
552124.238494457 63 122
553345.627983144 24 168
554277.682092241 18 137
554612.126057265 32 134
557087.572889525 18 141
557935.146182573 19 161
565090.470237946 31 147
571683.960448962 45 179
572349.954503418 20 158
572675.400853356 41 194
582460.128608212 51 198
582869.000368203 24 115
586475.536623687 20 116
588734.883903449 29 158
590534.569425343 37 168
592002.766903169 60 159
593257.236702342 50 174
597582.468021704 54 104
598306.122832813 20 175
599367.299621889 44 157
602859.659824006 25 187
607007.348697809 42 158
609975.672978643 39 144
610544.839250007 42 152
613298.153515803 64 198
614417.653412141 48 118
614562.041283216 18 153
614619.835862713 46 132
617722.287235696 38 112
618421.534176619 43 189
619215.486793849 51 161
623688.498860715 26 100
630287.944539392 44 101
630692.209415401 54 185
631417.770236105 50 175
634069.839274717 34 114
637539.191944561 42 195
638601.611479550 23 146
644960.300680746 55 105
649468.072685164 50 143
652324.681691231 51 133
656138.187263278 33 153
656420.568576004 21 115
663103.571103189 30 121
663306.940166130 28 136
667127.094402318 59 113
669800.363579603 44 188
669861.148390604 50 178
672756.685331099 38 177
675507.210631855 64 162
677856.660982106 30 125
681398.716598525 53 167
685125.515527186 61 200
693719.071772582 19 135
693948.855284971 24 158
700339.393350083 47 187
706019.610576442 42 139
706050.860094762 30 192
706580.489657333 62 136
709638.077348530 59 146
710552.035738199 47 148
711519.935040496 51 108
712605.208154538 34 155
717983.511590897 64 137
728083.835162842 29 121
733264.547248258 62 122
741068.164944723 53 166
742230.038956704 37 126
744106.944032145 49 199
744415.388036675 18 200
746214.347567302 16 180
748573.320399820 61 194
755237.732061634 32 194
760108.331193243 24 157
768322.541882800 36 127
769143.900683395 37 133
773523.817917992 49 192
775856.325102245 43 126
776001.185086665 19 146
776027.741765089 64 120
777905.230947440 38 156
778851.573084624 43 183
778986.632528862 41 116
778994.332803237 26 180
780370.533025318 38 138
781123.055006247 16 106
781956.091580398 41 114
783326.907355870 17 199
793516.464306491 17 156
798539.201518119 16 149
800219.549562025 64 195
800699.451129518 47 119
803862.240603652 56 126
804769.660920766 63 101
815662.340203062 58 170
818746.325343656 45 135
821536.318314350 63 121
826644.051009872 60 182
830857.828543929 39 103
831443.791183811 26 178
834124.035401703 18 145
836853.598040432 57 178
839036.734303472 21 103
839152.858522244 26 193
840994.911080870 49 156
841268.964501578 53 172
842484.291770112 19 126
845129.422889679 56 108
846586.571204734 39 159
847355.544295759 41 183
849341.720594586 52 194
849355.229394337 43 130
849959.984273410 46 148
850628.013912047 28 189
859700.748653793 48 178
861481.905804674 18 135
863987.047772208 26 190
864024.587047364 27 101
865368.032216767 45 163
866991.508790784 61 160
867203.368487901 63 178
872156.934802463 59 160
873664.505428122 46 143
880407.246076749 54 114
885305.120475646 20 181
887924.360040406 57 176
889122.155337420 61 199
895218.149612100 23 191
897178.416081014 26 109
897787.482193120 44 181
898507.312899300 44 105
898786.859488407 16 116
899770.092813897 44 152
908638.736124762 61 200
913810.108465576 47 126
916122.780597368 17 128
916161.151087096 62 105
916242.434179026 20 151
918563.760640368 49 100
920247.951741641 43 186
926387.465467367 22 148
927656.383856669 40 171
933001.284081300 38 110
933141.927696670 54 102
934362.471885613 62 172
936045.984935805 27 170
944467.247728034 54 146
947570.177241730 29 140
953518.733524629 45 167
954538.190608480 36 135
955488.853761262 29 103
956275.983605864 40 154
956938.020230009 48 182
958729.357217910 55 165
960675.573114939 48 100
960762.108693211 53 113
963317.324689155 35 135
964068.967356198 24 161
969325.635625301 19 121
971160.086871266 58 180
971607.978809839 19 106
972737.371294979 54 153
979987.429675528 62 153
980958.258447756 39 182
982576.736975420 45 118
985696.136114796 53 145
988243.227732335 62 179
988546.106449799 26 108
988625.624390021 17 185
989036.486702868 55 149
990498.596556304 63 140
992802.256984189 59 195
994339.951290881 32 126
999150.263138735 33 117
1001976.296408983 30 143
1002956.983809685 61 112
1003469.427820011 23 188
1004231.313990631 62 152
1006181.037808473 53 186
1008188.495314832 24 179
1009188.547458888 22 104
1015700.634689088 17 176
1018110.657689155 63 193
1019477.660363391 26 200
1022741.028003811 37 127
1023979.325610298 30 170
1024126.481701780 56 117
1027039.541227911 60 132
1030257.862023120 61 149
1033158.642279029 29 156
1034809.132895368 26 163
1036584.078948396 46 144
1042499.114287257 28 162
1042939.728431061 42 104
1043377.041667740 44 111
1044822.416321349 17 120
1046039.675922108 56 124
1048907.319418955 44 117
1049389.974685804 44 139
1052164.533686221 33 152
1052176.165457282 35 163
1054125.790520097 24 141
1060745.362722110 24 164
1063399.095827582 40 132
1064438.799929305 53 113
1065719.056195887 44 128
1066897.041723188 39 156
1070249.177679366 63 155
1070267.692126428 49 116
1072909.962360969 20 182
1076924.559030344 45 138
1081412.037203264 62 100
1084430.070678706 52 195
1086982.655994206 18 173
1089440.388087715 34 172
1089583.998144404 54 185
1090636.517673921 37 179
1092168.675465077 36 200
1093042.150326154 30 170
1094642.137679386 17 161
1094663.433033247 42 182
1097279.982198480 52 189
1099765.535620705 40 168
1103549.620403938 39 164
1103978.658912477 64 170
1105110.243178444 40 109
1105985.490625816 58 144
1109764.020496374 52 137
1113463.044090663 24 200
1123294.214095189 48 189
1126777.253647158 61 143
1128429.336741853 51 167
1131201.406643603 43 119
1139539.580658457 32 199
1143638.039551470 40 108
1145093.331705238 21 166
1150677.969533453 49 101
1151041.355243897 44 117
1154089.598527305 24 143
1154641.237720893 53 161
1155677.877749908 28 113
1157312.519473986 22 148
1157352.751297614 30 171
1157549.212440880 25 102
1157635.602842954 24 193
1162127.499460278 25 151
1164491.349971050 52 194
1167053.808967948 45 137
1167959.976997799 44 153
1174057.577984840 42 151
1176217.476102500 40 161
1178690.300000486 43 193
1179592.413763189 23 157
1181946.714873126 48 162
1187127.990246393 37 141
1191592.034733834 63 174
1193717.280183940 34 125
1196115.750892416 50 193
1198260.169951585 49 139
1198744.709611519 25 147
1199147.454150730 41 127
1204283.947744054 24 123
1205237.397532366 37 130
1208156.967031329 37 115
1210102.994841725 26 162
1211392.040215698 49 194
1213400.548586259 47 188
1213650.543991445 61 185
1215923.841817551 42 195
1217833.604592317 28 112
1218860.914767180 50 139
1223749.556222576 57 167
1227511.103893300 36 174
1229087.296678619 54 175
1231404.660002414 41 190
1231552.344023851 28 194
1231942.335141347 29 188
1232806.711197335 21 184
1244941.413817507 33 167
1246184.274426754 50 106
