2 8.125781542 0.163110088 77.517220139 351850 21
5810.374347656 103.801403279 0.475518676 0.024943745 21.232230387 0.750000000 0.250000000
10
1 0.198980560 2.454987695 0.162306599 0.495795227 1.601942290 1.875621615
2 0.358662644 4.909975391 0.292557795 0.797140841 2.575606937 3.015629260
4 0.646489747 -1.000000000 0.527335696 1.281645096 4.141067461 4.848536486
16 2.100451386 -1.000000000 1.713318730 -1.000000000 10.704779959 12.533607985
32 3.786065566 78.559606250 3.088258595 5.326794453 17.211172769 20.151567176
128 12.300963315 314.238425001 10.033781778 13.769918756 44.491382728 52.092387882
512 39.965947720 1256.953700003 32.599853175 35.595640909 115.011519761 134.660339394
1024 72.038657743 2513.907400005 58.761265510 -1.000000000 184.915817476 216.507240253
2048 129.849747234 5027.814800010 105.917235449 92.015768151 297.308127254 -1.000000000
4096 234.054289529 10000.000000000 190.915914894 147.943188853 478.012772178 559.677519871
95
0.000000000 495 120
0.000000000 347 51
0.000000000 173 76
0.000000000 316 72
0.000000000 134 101
0.000000000 67 99
0.000000000 421 35
0.000000000 503 44
0.000000000 476 98
0.000000000 493 42
0.000000000 73 21
0.000000000 116 109
0.000000000 440 52
0.000000000 298 94
0.000000000 128 55
0.000000000 258 101
0.000000000 301 113
0.000000000 244 107
0.000000000 366 27
0.000000000 425 78
0.000000000 88 49
0.000000000 104 100
0.000000000 462 95
0.000000000 234 93
0.000000000 248 111
0.000000000 213 47
0.000000000 501 107
0.000000000 507 58
0.000000000 395 45
0.000000000 252 105
0.000000000 225 65
0.000000000 120 107
0.000000000 182 65
0.000000000 74 25
0.000000000 104 76
0.000000000 328 60
0.000000000 254 26
0.000000000 356 21
0.000000000 371 58
0.000000000 225 48
0.000000000 78 42
0.000000000 261 119
0.000000000 117 31
0.000000000 281 87
0.000000000 176 50
0.000000000 278 74
0.000000000 101 57
0.000000000 273 30
0.000000000 198 52
0.000000000 179 77
0.000000000 95 22
0.000000000 75 98
0.000000000 486 48
0.000000000 92 112
0.000000000 86 89
0.000000000 455 48
0.000000000 255 78
0.000000000 97 89
0.000000000 489 66
0.000000000 210 37
0.000000000 484 36
0.000000000 357 94
0.000000000 454 35
0.000000000 429 53
0.000000000 231 118
0.000000000 296 67
0.000000000 170 50
0.000000000 406 63
0.000000000 257 53
0.000000000 106 42
0.000000000 180 30
0.000000000 484 42
0.000000000 337 39
0.000000000 190 21
0.000000000 70 23
0.000000000 322 37
0.000000000 188 50
0.000000000 69 101
0.000000000 251 76
0.000000000 282 60
0.000000000 195 36
0.000000000 236 65
0.000000000 190 55
0.000000000 311 106
0.000000000 488 51
0.000000000 421 91
0.000000000 162 53
0.000000000 265 65
0.000000000 440 92
0.000000000 375 52
0.000000000 237 23
0.000000000 375 107
0.000000000 455 51
0.000000000 224 46
0.000000000 65 108
