4 5.000000000 20.000000000 1.000000000 125000 4
913.203000000 63.058000000 0.005255000 0.003119000 1.210000000 0.300000000 0.700000000
2
1 50.000000000 693.000000000 50.000000000 2.000000000 2.000000000 2.000000000
256 50.000000000 693.000000000 50.000000000 2.000000000 2.000000000 2.000000000
100
889.067326101 256 10
1260.581260418 256 10
3651.851304675 256 10
3822.691602916 256 10
5566.716195542 256 10
6600.966442141 256 10
6736.715858828 256 10
8345.587981986 256 10
8432.416329204 256 10
9724.128749005 256 10
9888.656188815 256 10
10104.710933119 256 10
11360.103158113 256 10
15344.303439799 256 10
15644.578098080 256 10
16218.536471867 256 10
18461.770653783 256 10
25166.283401151 256 10
27121.626824835 256 10
28269.687350172 256 10
36767.848304415 256 10
36876.228544506 256 10
41318.517199120 256 10
42095.405241199 256 10
42449.344085028 256 10
42734.088603479 256 10
43572.151799871 256 10
47419.798548857 256 10
47872.692577463 256 10
49852.326522262 256 10
52166.671265577 256 10
53225.078700373 256 10
55027.928689034 256 10
55175.260638230 256 10
55314.877779245 256 10
55838.846010555 256 10
58430.482287791 256 10
59698.039696771 256 10
60554.793194140 256 10
62556.042507675 256 10
63927.520770737 256 10
64737.130107595 256 10
68330.804655308 256 10
71058.628112863 256 10
71694.428161351 256 10
73635.422873087 256 10
75327.731735395 256 10
80054.723413115 256 10
83024.865717861 256 10
83796.414112725 256 10
92704.480389059 256 10
92989.929480376 256 10
94220.208136814 256 10
97435.710576070 256 10
97810.264330338 256 10
99335.488559094 256 10
99426.360746538 256 10
101932.991758313 256 10
105219.088345600 256 10
107152.633089730 256 10
111885.825621310 256 10
112741.255573147 256 10
115441.328513236 256 10
117491.384926032 256 10
119461.779391641 256 10
120845.844418655 256 10
125009.012033629 256 10
131585.635404713 256 10
133045.715840758 256 10
135524.688711273 256 10
135666.888225682 256 10
138413.642203980 256 10
140780.276265200 256 10
152084.942971546 256 10
156005.390914807 256 10
156766.300088773 256 10
157873.720006026 256 10
160383.344525709 256 10
160435.194668631 256 10
161842.313557387 256 10
162260.318361159 256 10
162543.269996255 256 10
162681.325127261 256 10
166003.040639365 256 10
166317.721702944 256 10
166964.121372755 256 10
168090.702627287 256 10
172751.072998845 256 10
172941.952029299 256 10
174296.883399507 256 10
176108.266807184 256 10
180990.493323964 256 10
184877.443441547 256 10
189410.052102425 256 10
190151.436379104 256 10
191370.706149883 256 10
192380.312266615 256 10
197278.355242207 256 10
204466.295609362 256 10
204838.001478585 256 10
