4 5.000000000 10.000000000 1.000000000 125000 4
169.653000000 166.368000000 0.003578000 0.003560000 0.865000000 0.250000000 0.750000000
2
1 20.000000000 58.489000000 20.000000000 49.126000000 49.126000000 49.126000000
32 20.000000000 58.489000000 20.000000000 49.126000000 49.126000000 49.126000000
200
2245.089802131 32 8
4490.179604262 32 8
6735.269406393 32 8
8980.359208524 32 8
11225.449010654 32 8
13470.538812785 32 8
15715.628614916 32 8
17960.718417047 32 8
20205.808219178 32 8
22450.898021309 32 8
24695.987823440 32 8
26941.077625571 32 8
29186.167427702 32 8
31431.257229833 32 8
33676.347031963 32 8
35921.436834094 32 8
38166.526636225 32 8
40411.616438356 32 8
42656.706240487 32 8
44901.796042618 32 8
47146.885844749 32 8
49391.975646880 32 8
51637.065449011 32 8
53882.155251142 32 8
56127.245053272 32 8
58372.334855403 32 8
60617.424657534 32 8
62862.514459665 32 8
65107.604261796 32 8
67352.694063927 32 8
69597.783866058 32 8
71842.873668189 32 8
74087.963470320 32 8
76333.053272451 32 8
78578.143074581 32 8
80823.232876712 32 8
83068.322678843 32 8
85313.412480974 32 8
87558.502283105 32 8
89803.592085236 32 8
92048.681887367 32 8
94293.771689498 32 8
96538.861491629 32 8
98783.951293759 32 8
101029.041095890 32 8
103274.130898021 32 8
105519.220700152 32 8
107764.310502283 32 8
110009.400304414 32 8
112254.490106545 32 8
114499.579908676 32 8
116744.669710807 32 8
118989.759512938 32 8
121234.849315068 32 8
123479.939117199 32 8
125725.028919330 32 8
127970.118721461 32 8
130215.208523592 32 8
132460.298325723 32 8
134705.388127854 32 8
136950.477929985 32 8
139195.567732116 32 8
141440.657534247 32 8
143685.747336377 32 8
145930.837138508 32 8
148175.926940639 32 8
150421.016742770 32 8
152666.106544901 32 8
154911.196347032 32 8
157156.286149163 32 8
159401.375951294 32 8
161646.465753425 32 8
163891.555555556 32 8
166136.645357687 32 8
168381.735159818 32 8
170626.824961948 32 8
172871.914764079 32 8
175117.004566210 32 8
177362.094368341 32 8
179607.184170472 32 8
181852.273972603 32 8
184097.363774734 32 8
186342.453576865 32 8
188587.543378996 32 8
190832.633181127 32 8
193077.722983258 32 8
195322.812785388 32 8
197567.902587519 32 8
199812.992389650 32 8
202058.082191781 32 8
204303.171993912 32 8
206548.261796043 32 8
208793.351598174 32 8
211038.441400305 32 8
213283.531202436 32 8
215528.621004567 32 8
217773.710806698 32 8
220018.800608828 32 8
222263.890410959 32 8
224508.980213090 32 8
226754.070015221 32 8
228999.159817352 32 8
231244.249619483 32 8
233489.339421614 32 8
235734.429223745 32 8
237979.519025876 32 8
240224.608828007 32 8
242469.698630138 32 8
244714.788432268 32 8
246959.878234399 32 8
249204.968036530 32 8
251450.057838661 32 8
253695.147640792 32 8
255940.237442923 32 8
258185.327245054 32 8
260430.417047185 32 8
262675.506849316 32 8
264920.596651447 32 8
267165.686453578 32 8
269410.776255708 32 8
271655.866057839 32 8
273900.955859970 32 8
276146.045662101 32 8
278391.135464232 32 8
280636.225266363 32 8
282881.315068494 32 8
285126.404870625 32 8
287371.494672755 32 8
289616.584474886 32 8
291861.674277017 32 8
294106.764079148 32 8
296351.853881279 32 8
298596.943683410 32 8
300842.033485541 32 8
303087.123287672 32 8
305332.213089803 32 8
307577.302891933 32 8
309822.392694064 32 8
312067.482496195 32 8
314312.572298326 32 8
316557.662100457 32 8
318802.751902588 32 8
321047.841704719 32 8
323292.931506850 32 8
325538.021308980 32 8
327783.111111111 32 8
330028.200913242 32 8
332273.290715373 32 8
334518.380517504 32 8
336763.470319635 32 8
339008.560121766 32 8
341253.649923897 32 8
343498.739726028 32 8
345743.829528158 32 8
347988.919330289 32 8
350234.009132420 32 8
352479.098934551 32 8
354724.188736682 32 8
356969.278538813 32 8
359214.368340944 32 8
361459.458143075 32 8
363704.547945205 32 8
365949.637747336 32 8
368194.727549467 32 8
370439.817351598 32 8
372684.907153729 32 8
374929.996955860 32 8
377175.086757991 32 8
379420.176560122 32 8
381665.266362253 32 8
383910.356164383 32 8
386155.445966514 32 8
388400.535768645 32 8
390645.625570776 32 8
392890.715372907 32 8
395135.805175038 32 8
397380.894977169 32 8
399625.984779300 32 8
401871.074581430 32 8
404116.164383561 32 8
406361.254185692 32 8
408606.343987823 32 8
410851.433789954 32 8
413096.523592085 32 8
415341.613394216 32 8
417586.703196347 32 8
419831.792998478 32 8
422076.882800608 32 8
424321.972602739 32 8
426567.062404870 32 8
428812.152207001 32 8
431057.242009132 32 8
433302.331811263 32 8
435547.421613394 32 8
437792.511415525 32 8
440037.601217655 32 8
442282.691019786 32 8
444527.780821917 32 8
446772.870624048 32 8
449017.960426179 32 8
