3 2.535348355 2.628616001 7.143161647 135849 14
432.282996220 61.160824480 1.087884117 0.048036223 288.049214441 0.750000000 0.250000000
9
1 0.106902650 0.850319172 0.364357792 1.659298625 3.795223050 1.850242225
2 0.192692126 1.700638344 0.656755257 2.629700330 6.014769830 2.932312796
8 0.626058564 6.802553375 2.133804125 6.604952157 15.107146050 7.365016273
16 1.128471141 -1.000000000 3.846183909 10.467702803 23.942204470 11.672272510
64 3.666413554 -1.000000000 12.496288388 26.291465763 60.135032581 29.316953188
256 11.912212781 217.681707997 40.600560753 66.035613065 151.039648339 73.634653709
1024 38.702893509 870.726831986 131.911611061 -1.000000000 379.362484580 184.946307074
2048 69.762001358 1741.453663973 -1.000000000 262.859293875 601.223695320 293.107797146
4096 125.746071994 3482.907327946 428.582088766 416.586358527 952.835207769 464.524986234
73
0.000000000 34 266
1220.421777624 38 345
2837.529850834 31 458
4217.423123698 34 276
7128.873342937 74 362
11467.639087178 77 196
14334.012268134 98 321
17661.499133244 38 276
20309.712590112 117 485
28930.291717103 48 251
43120.795998302 100 188
45458.483832263 66 183
53093.356330329 101 329
56121.475737762 119 502
56451.669984757 55 410
61338.707267762 24 165
63547.778173316 31 484
65369.494822729 91 247
65432.504483342 22 279
67102.903403793 58 460
67671.575116585 107 430
73370.962492224 123 389
77282.524130171 44 366
81559.006991953 73 173
89337.521489585 25 196
89553.660675809 112 220
91315.262893338 72 501
91647.111705024 100 441
91650.474389269 98 400
95088.064285743 118 185
98846.952236061 124 348
101823.459678972 80 286
103532.403862230 119 356
106679.291968973 55 154
108285.139382451 116 184
111983.707691524 117 413
112230.619035118 18 504
113672.656932994 72 333
127086.048119182 45 512
127916.684288378 80 478
131657.180087700 56 252
132053.050516084 54 181
137129.857927645 110 509
138239.540002890 34 507
138926.935625300 31 187
139809.937639043 125 231
142005.675574818 61 371
156124.917056958 94 434
167651.159495065 16 311
168545.766197159 68 460
170478.979962296 86 188
173004.338238232 97 503
175233.358607672 75 262
177179.649530309 121 455
182562.815366839 91 239
184103.817846145 95 493
196969.855505262 18 305
204120.167272802 58 277
209118.014045263 109 274
210968.818672279 36 261
213325.314459692 16 160
213340.924287293 86 448
213676.175472372 93 397
213704.891118321 64 198
214537.985204313 124 421
217121.862045439 66 224
240497.486135336 36 273
241922.714980504 96 451
242495.301246515 128 471
246625.990069486 114 469
248336.852673852 73 239
250126.993032978 26 353
251950.264162760 74 283
