4 1.843857448 3.581082819 0.099000320 440160 8
149017.678973236 101.892674116 0.028956752 0.001501021 0.000000000 0.800000000 0.200000000
13
1 0.202130306 2.012857409 0.309727484 0.665337481 4.450352058 0.676334324
2 0.364340064 4.025714817 0.558284076 0.934623568 6.251570128 0.950071231
4 0.656723303 8.051429634 1.006307563 1.312899452 8.781806148 -1.000000000
8 1.183744361 16.102859268 1.813870314 1.844277237 12.336119991 1.874759854
16 2.133700305 32.205718536 3.269502920 2.590722786 -1.000000000 2.633542818
32 3.845996774 64.411437072 5.893282038 3.639281785 24.342661653 3.699432629
64 6.932412744 128.822874144 10.622646325 5.112230448 34.195015236 5.196726509
128 12.495680385 257.645748288 19.147329830 7.181334586 48.034971839 7.300029253
256 22.523475455 515.291496576 -1.000000000 10.087879834 67.476458298 10.254614515
512 40.598585346 1030.582993153 62.209858152 -1.000000000 94.786615878 14.405027050
1024 73.178987649 2061.165986305 112.133326877 19.906246517 133.150179727 -1.000000000
2048 131.905192944 4122.331972611 202.120425444 27.963022804 187.040862225 28.425201753
4096 237.759232323 8244.663945222 364.322253868 39.280667187 262.743048591 39.929906635
1412
0.000000000 495 82
24680.960346137 430 66
81585.311991224 112 71
237695.446150621 342 82
456223.877241120 453 67
472598.598249912 184 98
530291.588633472 309 63
640831.920290433 140 88
694652.727762815 315 99
744215.715635016 345 68
752180.462427632 224 88
792151.424044131 429 61
799476.775158303 125 80
828334.673696063 89 92
841696.042554120 409 96
993913.556007763 487 66
1029878.705561188 108 98
1036855.481003992 168 89
1082159.545144042 334 90
1118450.000692431 353 89
1160613.571183730 407 62
1191399.147038021 159 72
1223138.260281315 472 71
1230204.186413383 128 78
1243108.919193061 285 82
1244651.329605146 423 83
1293593.325344191 385 99
1347342.297619811 101 69
1376456.901928550 104 66
1412822.016263536 83 81
1450999.206756627 277 73
1502165.693699161 263 62
1584980.449950672 418 87
1585975.970938990 358 87
1727019.945531277 176 80
1731915.130529267 369 99
1740697.552862018 163 96
1765842.975447678 97 78
1784497.371272494 125 67
2001218.552788819 456 66
2106490.960787270 187 62
2132713.961228011 298 65
2165650.500730724 102 95
2230053.616995457 129 66
2272813.363233242 92 78
2320373.890346200 257 78
2407011.511035331 322 80
2437297.279577549 143 68
2543236.361760933 102 66
2604640.679935841 360 86
2654370.822421481 168 81
2720788.173714059 275 96
2722543.381294295 336 62
2759405.863890640 205 79
2857223.888400143 233 69
2875422.651055740 125 83
2919209.765635978 154 96
3038215.959502373 360 90
3070979.945946931 418 91
3102330.940601894 509 73
3102369.164131891 155 93
3195986.792797788 300 92
3204159.028334374 160 73
3222964.322164593 338 99
3285110.094268751 405 89
3346679.991613291 253 93
3347731.585195952 122 95
3439440.507009154 51 86
3448836.687176378 400 61
3449474.378668741 388 60
3456237.282928165 480 82
3545943.935784299 312 77
3583258.864326867 122 98
3697188.316848019 461 86
3717603.290912916 88 91
3776639.187803230 97 90
3876247.437813531 211 96
3884285.091944833 401 100
3966027.755820970 431 100
4037975.401319349 45 76
4083971.452256880 80 60
4131846.841498895 201 98
4132675.082151813 230 88
4142869.110429092 373 87
4217301.355044855 121 83
4317696.774737337 356 97
4322355.573457208 413 80
4355311.485053730 467 97
4372961.723112932 179 67
4399165.711949741 252 90
4445226.275823322 245 66
4462748.540234818 333 69
4625932.498656888 298 73
4733839.809305652 374 75
4769759.680417863 252 97
4771694.497797254 258 70
4772584.037032898 130 64
4791768.149698179 76 77
4892524.142238736 198 68
4971925.185689389 486 67
5064261.183018803 128 94
5070339.533041334 81 63
5127302.771764013 339 89
5293194.901830740 416 64
5300158.589359405 298 100
5359882.463988969 106 61
5419400.914487160 490 84
5467363.229088653 360 67
5595511.644508216 475 70
5756789.994649097 418 68
5804858.402603364 236 68
5856521.611408784 92 80
5884758.882821772 165 64
5951826.872330641 480 99
5961376.160896544 234 96
6004248.763787346 159 93
6102615.941285375 419 97
6127025.560671347 340 73
6260052.374295596 457 78
6314697.040512368 215 63
6331718.651466196 382 95
6370479.973987847 467 68
6397648.530282808 83 100
6428086.264317847 141 83
6659733.429446041 460 64
6673384.715613648 241 89
6721091.869004693 357 71
6815555.926424851 483 87
6854216.966045387 412 75
6920395.528649550 357 94
6934384.117844326 210 74
6973278.833386144 457 71
6980134.374805745 202 77
7000092.350871974 340 68
7003557.556449241 48 63
7063079.547371562 187 84
7068001.036943384 120 75
7112837.459220426 274 83
7174873.694990406 219 73
7508068.921591214 383 63
7609733.420172848 397 72
7664958.078977083 360 60
7697605.798983629 175 74
7775900.483295592 132 79
7911927.157795676 141 96
7963163.470504866 143 65
8094978.010968411 222 77
8208471.543762639 131 68
8247567.469485638 131 91
8351866.792872421 205 69
8406871.686509898 177 73
8434195.620328588 73 69
8478732.489783544 212 63
8478932.073591365 298 99
8499547.406801879 146 80
8505561.485014630 44 89
8532160.254226802 332 74
8592295.840189546 105 60
8604307.073349478 398 83
8709839.208200792 222 95
8719566.654548747 419 92
8750677.654969968 144 85
8911563.937964795 289 78
8984533.045555849 157 84
8999481.575199448 77 76
9125445.439715672 131 65
9172968.563292239 65 75
9191701.033959927 173 82
9196707.417359121 231 85
9267874.815426238 428 67
9283335.616275527 137 82
9294119.104734709 304 82
9377741.458949305 256 63
9381591.287586696 435 88
9443606.354384094 363 74
9470815.730011661 323 93
9490382.204843519 210 64
9589338.822287062 112 89
9624394.940920113 293 73
9627454.572967906 94 87
9669436.907304900 318 77
9760726.686759016 173 73
9823272.018874394 102 70
9888326.158142962 431 93
9920273.819665106 291 100
9984657.257520376 391 83
10020637.802452100 125 74
10036270.582135525 190 94
10038911.961911939 495 94
10116807.462269921 80 65
10186759.694129033 314 90
10407361.241912136 127 77
10409587.572803227 258 88
10536669.468736753 190 63
10621558.780725833 270 76
10741390.043711618 277 67
10765114.588160137 90 82
10774191.409260698 462 83
10821644.491616165 304 95
10928829.889998652 219 90
10938560.908356668 159 83
10939119.796778241 341 71
11043430.694229910 281 88
11115429.675888188 365 95
11166645.719330005 427 76
11182616.824792003 365 79
11222386.425709158 74 82
11287082.165262202 431 93
11359446.919051668 489 69
11372188.211740719 460 80
11383430.748645067 152 77
11409778.760335559 90 83
11491966.395408349 207 74
11607302.771380270 411 72
11740074.958389187 170 67
11781553.957455359 135 68
11786727.702939119 170 90
11977999.665559407 257 81
12137325.762520455 140 91
12161819.565461334 124 76
12185307.633573381 154 84
12238054.159399547 73 92
12269791.259021381 131 62
12351961.505913729 492 97
12432086.645767992 207 94
12599005.612364721 177 61
12631204.352594888 436 89
12689127.996731425 55 63
12695287.069576504 490 61
12697268.863403061 122 92
12749509.844847590 464 67
12814610.188845495 88 76
12868521.172181843 165 79
12879095.012812454 486 95
12883753.167520730 424 62
12944007.957990697 64 82
12954288.969036205 35 62
12961155.244738240 449 89
13054592.253302773 77 68
13079131.635090644 363 60
13129933.144971993 114 88
13139330.129287997 297 61
13199144.105515912 146 62
13224626.233935837 269 95
13278967.510983231 271 80
13469246.943754766 78 61
13524324.835024236 284 89
13525017.953007070 317 75
13569060.527204113 315 61
13572096.564569956 417 87
13592182.307485601 347 98
13632064.459321635 35 85
13653146.517121967 207 67
13665777.916595941 438 84
13698419.585738437 260 95
13753195.301867651 283 87
13763058.952198884 126 94
13764273.606916273 448 60
13796547.029252315 244 72
13807098.636061523 425 94
13821735.424386403 309 82
13866846.641305301 396 66
13978515.713836119 443 76
14006115.843624773 39 95
14040376.577343250 169 79
14049136.300310116 155 75
14127092.184824988 239 77
14129900.714291653 468 84
14157667.938900620 359 67
14336188.145508880 78 68
14337876.310164632 70 78
14344267.714169847 110 64
14401737.443769125 288 78
14429891.091677442 476 100
14473339.447252031 127 75
14624003.338041225 310 91
14644653.565880731 299 78
14672106.990907669 319 65
14691306.289573252 176 63
14701908.515569467 40 79
14839129.185183479 32 63
14857129.447122859 70 80
14968286.929380784 403 75
15020453.529915417 346 90
15041397.049683502 451 74
15203509.568573471 35 94
15227722.294051204 92 86
15424730.287551546 35 89
15509734.558281373 297 78
15541913.229574651 232 62
15646963.637415126 145 82
15741137.991833439 200 80
15791143.331529796 471 77
15811189.015014004 372 90
15811718.466392510 297 89
15863518.972528452 89 89
15884701.421817560 446 80
15988169.381360400 363 91
16075584.361130739 327 82
16193380.641185520 197 72
16194652.003127631 254 63
16262026.944602594 215 95
16269855.036079604 120 78
16289416.234688383 394 85
16319985.774884731 114 79
16337216.884348268 74 74
16412004.194483969 295 78
16502452.938724698 450 65
16624344.922206737 111 76
16707702.868040567 117 85
16729583.569248421 229 92
16734297.060779758 127 64
16734647.259987351 149 65
16735267.473757043 276 95
16739330.760141443 139 99
16779487.625888277 252 96
16789935.603959501 442 71
16791314.152394932 299 67
16836525.761625804 360 70
16884258.498920012 32 68
16922122.105201922 363 93
16948760.466256548 293 60
16992663.693142503 301 64
17039649.944214191 452 97
17040447.095715266 387 99
17043086.489127927 408 88
17095455.085439458 399 92
17097535.028401796 313 92
17164809.521764696 348 93
17212176.476248708 137 79
17279950.669218682 427 85
17337038.255327877 68 94
17485146.269751962 415 79
17536059.518367954 128 76
17557835.934072733 297 100
17599250.382630248 66 82
17626425.247908484 444 95
17671176.094503019 204 91
17824336.226269539 420 73
17845713.095583748 381 84
17871859.959024854 179 87
17911496.031912863 468 89
17926886.383197475 149 86
18092141.885960508 113 65
18120193.464544989 62 94
18146783.359740674 89 85
18237912.974470615 60 92
18315120.265518177 161 88
18381998.027628567 190 65
18407238.553045712 320 97
18436638.881018531 483 68
18519710.180555291 302 94
18571577.036244873 190 82
18665036.616143513 112 100
18729837.065313909 285 95
18745777.039898071 221 85
18773135.518836338 427 64
18806375.271679834 486 93
18893750.420265537 337 97
19090300.717146214 129 68
19114585.857086957 118 76
19127226.711696386 255 95
19267432.390691966 270 85
19282974.899426688 48 76
19361789.711380750 236 98
19494432.708068181 326 65
19502155.508647084 64 91
19523056.369983274 227 77
19658663.036346760 180 78
19673389.860385872 51 67
19786862.871265844 441 82
19871974.293017719 146 69
19881967.880920898 316 97
19906643.112930696 236 88
20031480.936380915 324 62
20047412.142373294 388 79
20117267.325724963 144 66
20132775.218065955 349 99
20153154.644963935 416 76
20155034.412653793 402 88
20159179.236811474 299 95
20206327.504475400 459 64
20216923.100102521 448 73
20227845.946712878 415 74
20245958.669989672 97 99
20322466.939788487 210 98
20465866.613094918 32 78
20483877.241303723 458 64
20504797.621415786 123 94
20720828.197362710 131 72
20756037.506558932 123 90
20863197.663242705 263 67
20889887.740932271 114 76
20962721.021293078 198 63
20996744.605817232 189 78
21026614.937904224 351 90
21064415.955473728 171 92
21115772.375744943 400 72
21116724.585259739 93 98
21136828.662095096 274 65
21159145.821978044 379 79
21235573.679381657 39 92
21269459.816442955 156 89
21341806.810807392 259 85
21344790.759661745 436 72
21376309.179969896 219 90
21447253.405058783 361 69
21473630.321899697 340 95
21480719.759875819 277 97
21485657.580973614 350 76
21640927.901494589 438 93
21657434.798238367 302 78
21744577.033109460 386 85
21747249.388460357 136 89
21901729.001844324 65 84
21951967.092232902 436 66
21952501.039299790 274 86
22030100.841170501 147 85
22051956.937781952 392 69
22068654.548440572 198 82
22078657.725335602 68 91
22120880.470484085 335 84
22122458.372655611 297 91
22142218.840799436 461 84
22167948.033199824 87 60
22168112.902799901 454 62
22191378.424739145 360 67
22242585.663591277 328 88
22263484.416298755 414 85
22302506.120744023 180 67
22352637.495033391 339 75
22357474.270060819 306 97
22450088.195841543 423 73
22510923.749911867 512 92
22527261.076575719 197 60
22542894.585029032 381 94
22565435.284206733 337 84
22590827.268815849 458 91
22653037.993629649 408 84
22759116.796642911 236 74
22789922.053210542 495 87
22789935.317249537 342 70
22884693.772566188 272 74
22894949.317264695 451 62
23115174.765177261 340 83
23126726.131417088 63 91
23164604.258652847 475 97
23206790.473927423 344 77
23312265.284337845 55 91
23323520.430730380 214 60
23337574.741622671 104 63
23348890.567608569 39 88
23369349.804281592 59 99
23447504.253089190 256 98
23480767.223366223 142 93
23581796.530100524 105 80
23599031.791795615 308 87
23754803.003532469 374 75
23825655.053175028 191 64
23859234.156372197 318 61
23915551.748707026 146 79
23972767.222626798 387 76
24034128.949094594 425 97
24069471.007421888 422 100
24169220.337046735 451 87
24205031.315936811 424 88
24206238.258239221 315 68
24212854.876460511 413 90
24349245.580323722 477 76
24467000.769237068 279 79
24680242.202737682 44 86
24688698.066351358 168 74
24692978.901425809 369 61
24697659.644372262 363 92
24709437.967136361 354 78
24721004.889204785 366 89
24803240.043059755 268 76
24909089.639989492 233 67
24991471.207754087 89 100
25035702.259117957 452 90
25040406.512544528 122 85
25052218.109486356 477 68
25120666.838716175 141 64
25225664.967821617 217 100
25228003.975655094 78 69
25234532.977552377 502 79
25272434.608379256 231 82
25321813.459500510 53 63
25326206.252570514 421 87
25373661.063259769 296 78
25378166.582395375 349 76
25521860.376235344 91 87
25600062.262300462 61 80
25658974.688558057 300 97
25716768.534719642 247 81
25718458.327810090 373 64
25810889.122666568 243 86
25841031.707424428 397 85
25848608.023571011 268 68
25862018.494751934 281 85
25919597.882786606 365 87
26011975.537547242 142 80
26012593.658088323 475 79
26195831.574085742 78 80
26201537.010444142 277 61
26221403.988806926 154 72
26236102.951708026 217 86
26319906.741779421 508 98
26370149.644499749 215 74
26413009.433889523 335 81
26457994.266491331 497 80
26484336.164621945 215 87
26492249.727890600 260 61
26510470.286158733 401 92
26548774.209928319 246 94
26659294.382452991 247 65
26692784.539673489 225 91
26845599.960857045 302 92
26869448.429833896 56 88
26945842.105826572 271 60
27004829.470437471 356 91
27037660.341104552 470 93
27147615.411209501 300 96
27229269.781195048 430 99
27250798.599836625 33 65
27255557.141604450 315 68
27287024.126970906 226 74
27314549.055405952 468 78
27388479.674269803 314 74
27395721.471192867 136 61
27407817.454084478 81 88
27415003.008654390 324 94
27448304.566512957 374 63
27505764.153313257 209 74
27511859.268173050 63 79
27626696.017167237 120 100
27772876.643400125 163 88
27796978.635986313 67 68
27841336.512925956 345 90
27885842.162823141 467 88
27997585.634772748 223 64
28020579.451732665 63 79
28097388.549553711 227 75
28169589.794001337 102 95
28179027.681025073 212 95
28275222.098099578 314 74
28299566.935477208 246 60
28377404.472979341 279 62
28384760.879145958 309 63
28408540.548212733 473 81
28409417.669249486 447 89
28514223.193405632 206 87
28527654.542925272 361 84
28661133.467876617 149 74
28781670.764259662 410 99
28890514.070642188 395 68
29018699.143222980 77 97
29069718.586855520 323 90
29238476.943338443 378 60
29326811.656741448 205 71
29327561.229697831 322 72
29332060.385572739 384 65
29340351.395910095 307 66
29524737.239318926 424 63
29546983.716867112 169 73
29580815.557506911 508 87
29666948.536949433 232 71
29707204.317652270 207 81
29813009.414864745 247 70
29921351.171145961 253 96
29929425.082944300 335 92
29960779.798273046 96 99
30020558.007221594 103 100
30038913.423524447 318 60
30124577.487245858 108 85
30207024.084539536 242 67
30329466.840070501 211 74
30355222.020751085 241 92
30373177.316157162 394 66
30603259.370311361 165 64
30691797.335883822 456 74
30734639.199418228 470 66
30740007.549302522 176 63
30801695.489196859 58 92
30816501.203196026 310 60
30871173.944842245 151 93
30889277.064726695 389 86
31047736.952015813 109 88
31066585.808641717 459 73
31104865.012536578 509 66
31125633.520114552 263 78
31255285.563545033 424 70
31413413.050726522 456 98
31417422.696069535 321 88
31445922.274498571 451 79
31469601.855528802 476 85
31480124.412779916 452 80
31537776.021054510 399 81
31581707.441617057 58 73
31634386.264085460 391 98
31647398.482974537 186 94
31695920.828904897 190 83
31784931.384151425 62 80
31792431.884083565 48 74
31813739.758141469 278 79
31876687.214240003 404 93
32063448.127751738 186 72
32084786.651287191 188 68
32156396.322351519 335 77
32191101.143206205 83 80
32210773.559596717 273 73
32287811.229229666 471 88
32339529.307895083 356 67
32422082.281185284 113 80
32515058.569951266 407 82
32560467.087602850 345 93
32674058.391848434 370 81
32692969.548367444 436 82
32734430.767984450 190 95
32767011.919583764 359 76
32768750.597898047 242 68
32842384.595962923 40 73
32844777.516653687 476 68
32868396.862439949 332 89
32926488.554789059 313 87
32965980.102049794 386 75
33042900.850889251 434 69
33083211.602324270 267 94
33172977.201387964 386 84
33291918.152862575 409 78
33304054.476354051 437 81
33333863.874266356 160 66
33466087.862142634 506 87
33639751.421839505 290 94
33690239.116817407 440 83
33751266.419076249 222 81
33862256.156026661 434 80
33886136.221769467 358 86
33919185.179175630 92 77
33940073.848366268 331 72
33964039.190969042 309 86
33995125.843899816 363 77
33998435.473874062 207 82
34139271.723995045 438 62
34162652.665921070 63 65
34175968.563157797 217 75
34254651.768341891 403 89
34274609.979840659 339 95
34296967.224726625 472 95
34306831.515318736 395 96
34326501.326323457 363 94
34461072.640096694 352 76
34532151.046776429 503 69
34600781.851970918 499 70
35027249.040986367 68 71
35044115.822634555 35 84
35059152.087282367 351 62
35105449.497956514 177 94
35116420.898192085 453 79
35153566.709380358 134 77
35160962.858388811 512 70
35231141.099703863 298 60
35232184.847354703 87 90
35258466.318647400 241 71
35323102.754455261 302 79
35369914.578112379 351 84
35386822.886602618 108 84
35438525.033723027 485 82
35563078.514208853 439 100
35579230.406226479 376 80
35705218.316027150 227 90
35843715.850374803 190 97
35884711.878797047 373 97
35970535.654692791 270 69
36097999.759057939 70 76
36211095.519345179 222 88
36274858.104414254 71 88
36315024.557855703 167 70
36326197.267001912 367 83
36398213.690132625 320 85
36507889.505818851 121 94
36530213.620095089 151 60
36563705.000662133 276 100
36565951.175601110 361 68
36617716.504716605 427 86
36671115.642750353 469 97
36687280.362840101 463 91
36718433.517517529 95 63
36786430.974534661 88 82
36808079.525088653 101 89
36851589.796211064 134 69
36860717.037032112 326 94
37030493.419696540 410 83
37038202.112402737 124 94
37137553.273485303 403 78
37139163.782285899 267 69
37229526.342732042 461 89
37234178.872448951 277 77
37279261.984758437 74 67
37339594.799941428 221 77
37401638.737416752 236 80
37458606.841673315 489 66
37493907.788429834 65 62
37721357.037368089 137 71
37869467.336442202 130 89
38014949.966254935 447 92
38028355.779081322 259 72
38034871.102907702 442 76
38061215.691489868 380 91
38193750.455912799 450 72
38260608.223208964 327 90
38293017.457548700 458 60
38373317.316483967 331 61
38586901.800911076 59 85
38770169.720821671 380 96
38901423.797929831 133 83
38911267.858154722 430 91
38973446.698406734 240 76
39010988.183284044 58 66
39011699.296453297 278 71
39049825.940629773 121 83
39098085.469773181 177 63
39100085.026128903 398 92
39128280.302968040 461 81
39140732.836539119 63 77
39164767.117818065 305 100
39218781.286552913 463 79
39300106.480923198 412 68
39365713.412219234 46 69
39378456.727202781 384 69
39440449.327775918 165 65
39493107.598724864 411 86
39560783.324125975 461 89
39561575.499300651 215 63
39591507.473253131 181 80
39680809.193662055 422 63
39806689.007058270 485 63
39876425.618429236 362 73
39902922.161812216 305 67
40011385.680631101 486 98
40022491.077207275 397 63
40129025.037656613 331 76
40222190.528177403 351 90
40295989.956072301 357 71
40349796.344722368 400 81
40393330.563856781 406 64
40397496.188524276 341 65
40431940.244134672 159 93
40486910.235706680 122 70
40496645.945063554 58 60
40543359.899659291 464 91
40550198.008630157 439 86
40649492.088841505 62 74
40650419.232133389 307 73
40687414.425419301 166 72
40689083.228118621 403 86
40702001.656884357 318 92
40726556.566720925 155 67
40772393.335038751 386 65
40837374.367686473 372 65
40851045.296296462 166 75
40866128.955422990 266 88
40975748.978529342 136 93
40995340.546155140 246 68
41058471.514929213 428 96
41101241.335423335 40 93
41112750.221107632 435 74
41182588.971727952 41 99
41253236.333369136 218 81
41257008.828948207 257 84
41306028.468351722 351 72
41334691.509409919 324 87
41364319.533946626 137 94
41415006.041491173 246 78
41452827.109891579 212 74
41484863.726088040 190 85
41568694.427545004 315 81
41684609.121449441 490 82
41770125.261880085 86 67
41810892.270856641 34 76
41907796.630939171 72 96
41922078.872441851 181 71
41929363.546988949 35 80
41957033.927900657 323 76
42000495.695521183 148 95
42040397.515308022 171 71
42052994.115634710 346 84
42056595.833767518 343 61
42079762.459126912 137 78
42083798.479670294 211 87
42088214.197574653 222 89
42127747.550314330 79 71
42229720.555443779 153 89
42314662.079460576 120 65
42339014.900852330 119 98
42375316.694101155 249 82
42470235.056863509 375 63
42493151.668757565 333 98
42556621.020374663 427 95
42600808.570776202 56 84
42603742.323920369 403 96
42603953.631041013 500 77
42644376.624248661 94 93
42681199.497386806 156 89
42706601.448087074 238 85
42755877.129930593 488 68
42781992.182116590 308 65
42790712.761157177 188 66
42795076.615080409 388 90
42898510.461493790 400 86
42970018.571276627 408 75
42982873.125717722 229 88
43001600.804782391 479 73
43004309.557690062 447 81
43092320.247283764 297 74
43136252.357877798 469 80
43147999.332555182 81 97
43275969.810434461 454 76
43424563.160029694 361 62
43454811.037240751 229 93
43523280.666018896 430 70
43666519.668479055 130 85
43741580.101771638 262 82
43958733.315025561 417 76
44036712.394915029 232 64
44108449.367531694 453 95
44263800.700405128 46 77
44447707.558656730 457 72
44461692.331983782 314 73
44517520.066955149 202 73
44639258.915887706 211 97
44665146.616829753 351 72
44695883.463883482 212 99
44782027.035648346 458 71
44825217.235714309 422 81
44881595.361977592 404 63
44887813.041653089 300 65
44928728.797055654 334 78
45057041.342415623 108 67
45083988.418835282 221 79
45361674.745525531 150 68
45365131.452812500 427 68
45368761.792844675 275 61
45401187.458654493 338 60
45429551.318385378 466 87
45513346.890779860 395 84
45513464.415815160 456 70
45570140.721547820 340 86
45573411.551739365 471 87
45615952.401646689 409 61
45624185.128245376 142 71
45740189.361411795 98 98
45784631.116977967 237 62
45816103.505395852 340 99
45822200.773951918 248 83
45828180.112960927 369 97
45888546.128862903 173 90
45925482.792437397 290 90
46064911.905962177 195 94
46103551.847948596 498 97
46159794.401036672 319 98
46187030.998384096 431 99
46386455.274817035 56 79
46464649.499760970 101 84
46482229.239333473 381 68
46541431.145664699 163 88
46542370.309197173 75 64
46565780.331761047 222 79
46592745.404672898 449 73
46670630.462594010 467 80
46696500.557926558 458 69
46719229.549797893 138 99
46774976.764867321 482 79
46790394.697195739 506 91
46970389.302450791 270 99
46971674.011591874 147 68
47043632.095492207 445 91
47044815.646550976 212 88
47065296.703474820 456 77
47158024.504097909 487 78
47211048.186498366 36 88
47211089.371256523 392 91
47276350.653958172 192 94
47310745.154009126 252 81
47320688.117298640 72 75
47360592.951529838 371 61
47401086.512891635 296 61
47411635.472907037 68 75
47434455.970580257 316 67
47435711.606531478 281 69
47444175.054984659 212 100
47471047.055699289 512 66
47478807.244553111 162 65
47502920.659985520 83 78
47511231.637832001 386 86
47630407.122575991 42 76
47631524.087102346 38 78
47668805.225780174 48 97
47701523.508890323 62 89
47720909.319551609 208 77
47740302.455723785 356 80
47776248.463710949 233 63
47943485.808111548 351 61
48006281.631966807 249 96
48033101.054449923 503 98
48042066.962547541 112 74
48290502.550444208 49 83
48313144.735498957 127 97
48318029.226193860 32 98
48325322.731173947 455 99
48356797.645696588 78 71
48357876.614439845 221 75
48395365.444728613 349 64
48397106.796459034 243 75
48403341.151360571 420 83
48419144.014738239 193 92
48422591.928589404 473 98
48433599.071105905 34 94
48853828.282614410 505 66
48899575.350997627 35 87
48915526.158462413 375 73
48921244.425791048 123 93
48986618.034601107 186 64
49106463.056451835 377 89
49128854.966591142 274 95
49132067.779827453 381 72
49202663.718696296 74 85
49301259.118813939 108 62
49312631.202335551 124 60
49338260.741473123 252 91
49461155.399295054 368 86
49610937.481914788 403 86
49629744.290662348 158 93
49691889.335829906 163 74
49699690.438958175 412 71
49703852.789496742 176 80
49724001.902652800 85 94
49891164.920095973 96 85
49913780.476724267 210 81
49948273.951418146 178 64
49997044.007546715 327 83
49998931.858470298 493 92
50138909.697260089 318 78
50148560.563696131 340 64
50245041.049204610 180 100
50287238.081760369 252 70
50301139.534188896 342 80
50393901.594514310 325 67
50413437.834848911 187 73
50583961.996232763 159 91
50623929.165301047 295 90
50662933.907584570 46 96
50686287.779809728 258 68
50691587.166603349 365 82
50790000.323592082 80 66
51000303.413196787 267 81
51050216.997050337 38 87
51090990.509576425 178 84
51148510.390607581 380 75
51210173.598439842 403 75
51280230.863628983 484 93
51354836.525168255 155 96
51373778.760184206 351 68
51374447.221966952 41 94
51414334.969805703 382 66
51481326.518802918 207 62
51495809.904909126 318 67
51532361.777316973 463 67
51599027.374538548 187 79
51621213.096708782 210 96
51721581.615096629 353 72
51845835.036086187 95 87
51908236.717856258 430 69
51952060.362445869 461 98
52020794.107113115 371 73
52191838.358828425 483 95
52308491.312778324 500 65
52490416.730209954 441 84
52547080.283400670 369 89
52631608.426811673 95 76
52631902.035435587 301 81
52726158.821704775 504 84
52728570.831001125 342 99
52810324.025476925 153 64
52959277.724218033 274 93
52973120.022663563 126 74
53011503.655393235 216 74
53015190.820738442 46 80
53034005.266710490 225 90
53057461.322823964 314 73
53146638.967515670 413 92
53212236.037981369 247 69
53214544.424539991 322 60
53241873.877531759 192 64
53320799.350077376 397 89
53456195.839522049 114 100
53487495.235860072 42 96
53636126.592660829 481 78
53751105.354421124 365 81
53772772.493955202 330 70
53891224.727057859 315 74
53960281.860108994 60 68
53973842.162131965 417 89
53980412.046826415 107 67
54206142.555971771 39 66
54212931.274184585 53 66
54243927.850937463 462 61
54248966.158627957 328 67
54261925.688013509 286 60
54287926.871047847 259 84
54333752.842847228 163 83
54372491.077361889 107 100
54412401.644575439 62 64
54472294.495005414 134 66
54522577.894520856 71 78
54539833.308140509 407 90
54600540.938462593 87 60
54638123.830242127 415 95
54651369.025310196 45 71
54666480.619954593 88 100
54727178.648972452 323 74
54746621.594166301 454 95
54797271.915643610 238 81
54820498.674331091 39 95
54824633.162839025 508 71
54879663.244947687 191 97
54900593.801038399 331 64
55029647.976740114 307 85
55083053.970591828 240 74
55126876.789246328 309 84
55144821.945581555 374 95
55180487.300712585 296 74
55209920.852270447 319 71
55259202.114074469 494 63
55407075.454882890 163 81
55590100.064372808 56 82
55613301.045578219 483 82
55627272.666990496 323 63
55760879.006154083 320 71
55788148.501624331 293 71
55861256.342204593 469 97
55869642.160086684 133 99
55929488.061794207 433 99
55951176.272281788 204 79
56007776.458049163 509 69
56098946.542412899 318 85
56100080.045026645 144 60
56116309.909728155 226 92
56165030.550571464 120 75
56247178.800071158 470 95
56275993.851240478 496 70
56306693.790194564 476 85
56397022.832147665 109 71
56411663.098530009 254 81
56456796.402727135 505 68
56481575.573058151 229 99
56662462.109110057 386 70
56728837.456644304 273 65
56784159.127343692 459 82
56831820.063219242 71 73
56834681.830347754 252 62
56873090.842375740 498 68
56936161.314831734 234 66
56957250.290747672 506 77
56965208.625621192 278 80
57033312.852735490 175 82
57103242.085723594 437 68
57117965.980169334 229 72
57257105.488123417 331 62
57313520.243692920 112 93
57454588.089550063 246 65
57473763.206028089 392 76
57535056.553640522 259 83
57557973.772957712 50 92
57615384.648722358 280 62
57623367.295460880 40 80
57631962.515890405 146 85
57729429.798552699 37 75
57735450.164423987 303 94
57765432.432331048 428 72
57817142.099839590 164 75
57859282.904533044 63 69
57931973.260065280 148 62
57951200.220357761 442 81
58021178.202514783 378 62
58084452.728910834 211 81
58105415.851793632 76 73
58143691.304997519 503 78
58196751.724640742 461 74
58201835.512766607 84 94
58207770.956899323 123 72
58223115.902553841 47 79
58272552.695721239 274 79
58301213.940656520 273 100
58326656.596487433 433 96
58509505.386274613 321 86
58604682.527924508 188 78
58635004.323376276 125 70
58718169.148734018 65 60
58804029.296243250 199 79
58995123.792604946 46 77
59009648.342976585 494 75
59145467.017350033 259 79
59476820.586547613 159 78
59480860.661591247 286 67
59494080.164470896 460 99
59529878.082195789 407 82
59676579.537491120 468 76
59685341.005294539 218 60
59834777.315962777 303 67
59846848.405346543 280 66
59858566.752153307 85 69
59893832.309931971 314 63
60025292.091796525 385 100
60062772.560672246 343 74
60092346.692374974 444 79
60117674.192184299 473 67
60221529.374425180 58 99
60424547.514177524 476 74
60473301.777683742 128 72
60498892.404386967 190 89
60512030.811482087 290 76
60576804.780050799 452 67
60594439.622497544 120 96
60647199.581158832 490 73
60674500.148487560 258 82
60724293.507009953 329 90
60763230.501251787 380 100
60827988.271366686 178 85
60859611.926675916 400 90
60927720.152254537 188 92
61101223.010381922 424 69
61181758.827245377 426 96
61245970.475405596 170 85
61311292.395823784 133 77
61330204.244311668 59 63
61373078.760250710 458 86
61392357.137089252 161 78
61417566.421668544 48 70
61420802.318771362 37 67
61511234.070515655 182 86
61515536.191903561 151 97
61523763.793225773 75 76
61527800.696786359 223 94
61541951.009193361 68 84
61618611.672919363 113 88
61623479.793578930 73 89
61631026.902981721 129 60
61748970.378360957 158 66
61781691.192564346 228 76
61790782.804807104 168 62
61828036.835821435 295 77
61846654.335310094 148 73
61924663.889958084 137 61
62085340.482847527 77 68
62135588.549105272 385 63
62146563.502900377 333 86
62157313.244090937 176 62
62192141.847068198 76 75
62245767.444843769 362 93
62268032.724471480 506 68
62275407.296669513 75 61
62382881.039944783 404 63
62413658.280580513 473 87
62429209.235257998 38 62
62431126.092522308 102 80
62495659.444219552 146 81
62537170.352336563 373 91
62571191.221431710 129 80
62622079.296293288 408 63
62755350.511017732 356 74
62865680.141150177 335 99
62994832.347958930 367 85
63093259.262867428 414 92
63116739.987687029 88 65
63139153.561845899 228 60
63199379.974552512 358 81
63218742.316014603 416 74
63337226.440158837 187 78
63393490.955313437 318 89
63400620.456131898 259 63
63686927.791143902 121 92
63737495.305921391 106 99
63768162.553569168 113 60
63849015.611653149 48 88
63885277.983113326 413 87
63927106.042673528 32 78
63929856.679272793 115 89
64020054.501726657 275 95
64066180.351959191 72 91
64068423.708528034 215 71
64264252.102943905 434 81
64309764.987483025 346 60
64332725.272421114 439 68
64353542.144894898 392 96
64423391.554051310 434 71
64437635.202163622 422 97
64439872.037439950 86 92
64509642.515912533 488 65
64557399.191809952 135 93
64646334.195873439 449 74
64691960.305917233 103 82
64710171.343707472 504 78
64757842.901793279 130 88
64792763.138965555 126 64
64850986.606546447 340 86
64862102.123656422 155 72
64975766.222673617 119 75
65175971.709717259 85 78
65272513.896047667 135 86
65319684.350325100 153 85
65342160.282943472 38 98
65457112.774542265 444 92
65501333.595675834 323 88
65569044.725032359 95 91
65604464.818599746 354 86
65672277.938068487 171 98
65704426.910647377 153 91
65722846.142044984 268 65
65751518.996607430 417 60
65788064.273451023 278 85
65802715.127724975 305 80
65822580.748677522 164 90
66071796.959495336 38 60
66126807.496395662 302 70
66130233.385938331 377 66
66130444.142955564 446 79
66338363.591513462 154 76
66381822.721813001 122 88
66405328.951093897 155 75
66441033.837303273 64 88
66514711.756208271 477 89
66532142.127673425 202 64
66565893.126985103 375 60
66646449.140766606 109 79
66652310.811598890 332 81
66664942.031668417 384 83
66745599.750376455 436 80
66768263.193547256 76 76
66793064.026195541 474 78
66872454.069413289 112 89
66921912.659972720 480 91
66946946.291865453 203 78
67104953.251114257 506 73
67110015.844156295 189 93
67158656.849948138 485 94
67166696.225102022 155 67
67232508.632639512 265 62
67251408.362012088 403 86
67268267.017195642 82 95
67294254.824764475 222 94
67346234.346432731 448 91
67350827.951483563 495 72
67382555.758031204 483 73
67396179.367886379 275 84
67399641.878553554 299 97
67510504.487067923 250 98
67552987.050526246 307 84
67562273.795033082 144 68
67595452.944111183 257 61
67642057.111962005 334 60
67645591.196722135 333 98
67776839.950607732 342 95
67842729.245727509 330 69
67868885.122159675 397 61
67903474.776184782 189 92
67965746.356874213 247 81
67979938.398234025 58 93
67993265.543319255 121 81
68025244.688813388 428 62
68074870.581962243 157 89
68121632.292913467 465 97
68233644.124843895 285 96
68270191.535282835 206 89
68306582.788713574 242 82
68613542.023731858 198 97
68615514.252695873 496 92
68698380.700665250 38 83
68800191.822586596 211 93
68816807.996910691 43 95
68934999.946272463 71 96
68965097.836904570 289 79
68969662.457716927 117 81
69013179.105095237 54 63
69036824.886743143 396 71
69081189.595491499 476 90
69100460.964331776 189 94
69186644.291324034 235 89
69202331.422594473 197 93
69202848.711134434 59 91
69222544.550257817 168 87
69224754.178058505 341 91
69279633.635340199 397 64
69292293.174261987 512 60
69434052.680985019 124 82
69482694.363850489 286 82
69611273.417592704 216 86
69686001.687949702 263 95
69697811.943587542 322 62
69820469.331351832 180 77
69829201.022701889 342 92
69840258.900582567 50 64
69871132.812525630 369 60
69878000.371762365 412 98
69911868.539687589 53 93
69987500.678181902 55 75
70041626.314909145 143 77
70114426.087898508 381 95
70145184.805970907 193 76
70217726.636674136 117 84
70235319.404555574 141 75
70288295.369153380 404 98
70320658.240787625 188 100
70399372.519205764 273 69
70419323.207348570 295 83
70470667.210088685 44 96
70489675.619092897 295 86
70498828.431025892 73 73
70506904.759622663 37 66
70534539.117904782 490 76
70602415.000103101 71 63
70606561.355061799 424 84
70643336.817144722 422 68
70656520.236954153 137 63
70660955.593196198 124 73
70694931.819882378 73 95
70708249.982042968 62 95
70710604.057966635 304 85
70910549.880539000 192 97
71025386.240553737 400 99
71133867.131787226 332 68
71140607.755777270 33 87
71199582.728179336 227 62
71205643.577569664 484 89
71259688.224199712 90 69
71361594.129049733 64 81
71390250.255083010 59 91
71404359.460361212 224 97
71502090.480622515 64 72
71543568.882263690 119 65
71652016.457633093 294 73
71676234.802518070 103 71
71757275.155614868 183 61
71808582.421158940 472 71
71869940.185411155 251 93
71919477.263834834 96 61
71924010.922602698 279 80
72039239.080512777 473 75
72075267.840754390 451 98
72079710.571151257 404 63
72129970.149870336 269 99
72232649.088253021 72 81
72252189.024153620 37 88
72286764.573337540 47 82
72304574.113567397 112 85
72319768.644099876 132 72
72363522.997578338 211 91
72421118.327684566 174 76
72422049.971627221 183 77
72426861.321389616 280 81
72466520.018076912 283 65
72548309.149321705 75 87
72552427.488632128 488 96
72585029.119122267 367 88
72629980.440259114 168 66
72661487.219375089 277 94
72732357.220111668 473 85
72800715.907445565 211 99
72814758.872305781 169 90
72876140.382122964 304 68
72934902.361365721 450 74
72972707.862597033 160 91
72983547.233043358 466 79
72993382.626503631 85 81
73089994.904996321 60 80
73384406.849715576 287 78
73405837.151012436 275 68
73502900.441149190 163 68
73517229.198748544 341 96
73520339.467174381 89 93
73538467.140353963 167 79
73614167.768473715 67 82
73660208.614925236 69 64
73731967.299785465 512 78
73817741.279940918 359 66
73819727.978877723 144 95
73900935.054995418 496 96
73908223.196237281 507 87
73913357.003810972 241 65
74021747.136073381 394 87
74038786.306971371 401 68
74092047.493091345 195 73
74112712.673019603 167 86
74122088.923832029 393 66
74143871.171815455 491 89
74147188.792979956 462 78
74150466.346261069 340 95
74209536.810513407 35 97
74214732.798213229 430 63
74225898.100634098 434 81
74335600.799887329 146 73
74369897.718809828 42 73
74445986.831780270 45 73
74446547.157881260 448 83
74484058.788927451 102 60
74653994.855774909 49 65
74738442.055895850 338 62
74775340.138496950 110 73
74817497.829160482 60 92
74890473.539906859 470 77
74977907.644635007 120 64
75118396.925861090 277 98
