8 1.302940980 4.295705259 18.703374701 203548 32
8536.232501220 34.149431423 0.110761729 0.007218893 0.000000000 0.300000000 0.700000000
13
1 0.047362109 0.411316382 0.128012040 1.667669079 4.615449729 0.590053210
2 0.085370245 0.822632763 0.230741821 2.232686795 6.179195736 0.789967282
4 0.153879945 -1.000000000 0.415912346 2.989136386 8.272749610 1.057613613
8 0.277368743 -1.000000000 0.749682389 4.001876284 11.075613887 1.415940355
16 0.499957416 6.581062105 1.351303199 5.357739402 14.828107794 1.895670653
32 0.901173706 13.162124210 2.435725266 7.172978239 19.851972361 2.537936865
64 1.624366438 26.324248420 4.390397046 9.603232436 26.577956680 -1.000000000
128 2.927922008 52.648496840 -1.000000000 12.856873415 35.582750594 4.549007668
256 5.277582129 105.296993679 14.264442088 17.212870262 47.638430413 6.090242650
512 9.512846670 210.593987359 25.711670061 23.044708700 63.778657195 8.153658608
1024 17.146914924 -1.000000000 46.345309073 30.852413977 85.387303452 -1.000000000
2048 30.907330015 842.375949435 83.537462484 41.305423324 114.317107187 14.614648630
4096 55.710490948 1684.751898870 150.576353419 55.299983892 153.048526738 19.566191768
50
0.000000000 1382 23
892.491755266 2181 19
5549.341973640 2040 14
6187.853418753 2084 18
8378.021094341 2852 8
17377.701087153 1151 19
17648.009097843 2570 7
18584.752184628 3444 6
18679.891348874 3081 23
20784.047352314 2619 17
22633.522696609 3521 9
24155.315639029 3454 6
27651.769320655 1364 13
27969.958488190 1954 8
29308.980413416 4060 23
29678.724629402 1495 15
31763.928181872 1267 21
32481.448704022 1997 14
35282.777033212 3424 6
39016.284160537 3122 11
39282.755543845 1654 17
42757.170177870 1671 7
46012.068416197 1495 23
46107.454227345 1178 23
46877.989484617 1198 19
48145.973711241 1207 23
49406.833286849 4084 7
50162.456358021 2996 19
51943.799611633 3060 10
53307.030691286 1528 18
54463.263915984 2870 23
54560.153774258 2442 9
54845.131770961 3764 17
61300.062265068 2106 12
64605.990739937 3207 16
66559.599346273 2960 10
66971.355252264 2394 15
68919.204558152 2338 16
70655.527462257 2303 12
72843.215951517 2214 6
75076.174297645 3633 15
79273.426263282 1913 19
81251.178552496 1144 13
82461.783850491 3974 8
83098.001242255 1531 7
84730.660003713 3572 19
86412.369366524 2789 19
88193.021933756 3561 22
88569.821481003 1334 13
89174.205552153 2454 17
