2 6.929456400 22.737493898 51.460509275 238386 1
518.729067362 253.559124050 0.023512903 0.011125636 0.000000000 0.980000000 0.020000000
13
1 0.158940892 2.936627628 0.387998736 1.342274990 1.913544625 0.600620221
2 0.286491105 5.873255256 0.699368081 2.056880350 2.932284642 0.920380652
4 0.516400482 11.746510512 1.260611613 3.151929974 4.493385265 1.410376333
8 0.930812347 23.493021024 -1.000000000 4.829966197 6.885590454 2.161237740
16 1.677790116 46.986042049 4.095739215 7.401361597 10.551366755 3.311845541
32 3.024218236 93.972084097 7.382573725 11.341726060 16.168742701 5.075018210
64 5.451156169 187.944168194 13.307095970 17.379876437 24.776718182 7.776875313
128 9.825714038 375.888336389 23.986052798 26.632639810 37.967439722 11.917157167
256 17.710858645 751.776672777 -1.000000000 40.811423821 58.180686742 -1.000000000
512 31.923839094 1503.553345554 77.930915458 62.538761692 89.155137522 27.983867068
1024 57.542749504 -1.000000000 140.470547216 95.833380651 136.619881815 42.882022481
2048 103.720859221 6014.213382216 253.198291324 146.853512902 209.354083520 65.711713382
4096 186.956944710 10000.000000000 456.390154376 225.035933254 320.810790525 100.695560184
2
0.000000000 3 7
157.243541120 16 3
