2 7.158305242 0.700851371 9.301401017 586087 17
1135.687792184 44.787013788 0.044306392 0.003373936 0.000000000 0.250000000 0.750000000
13
1 0.347010225 0.402589609 0.369014374 1.247789238 2.449472549 1.763369400
2 0.625486251 0.805179218 0.665148750 1.844403756 3.620656622 2.606502000
4 1.127439547 1.610358437 1.198931237 2.726281899 -1.000000000 3.852767703
8 2.032210826 3.220716873 2.161074664 4.029818835 7.910735491 5.694919465
16 3.663061894 6.441433747 3.895339082 5.956625339 11.693152821 8.417872609
32 6.602672454 12.882867494 7.021352299 8.804709809 17.284084778 12.442771086
64 11.901323207 25.765734987 12.655994016 13.014569563 25.548249578 18.392123461
128 21.452146092 51.531469975 22.812440924 19.237320090 37.763819425 27.186082832
256 38.667513179 103.062939949 41.119445871 28.435399454 55.820108271 40.184761772
512 69.698228281 206.125879898 74.117839228 42.031423209 82.509781448 -1.000000000
1024 125.631120964 412.251759796 133.597473784 62.128212402 121.960781616 87.799273532
2048 226.450211773 824.503519592 240.809570103 91.834025154 180.274774594 129.779376910
4096 408.176716238 1649.007039185 434.059472912 135.743293584 266.470859930 191.831731557
126
0.000000000 137 47
3505.872510956 187 34
9393.873684926 143 31
19272.427444798 234 19
37654.209550488 249 15
45546.079605133 58 14
46141.364708837 63 18
50867.364345191 135 28
52006.938874832 71 36
60475.254655431 114 31
63093.561393377 239 28
73348.706072143 142 59
75552.229250021 63 34
89886.071666099 61 56
95415.496271347 211 39
112993.158533170 130 23
119548.268569034 85 15
123842.485399062 149 59
126990.224174060 145 42
133351.241713214 101 45
139363.856698520 72 14
190481.367681776 58 19
210798.261383673 87 38
215831.529542940 240 52
218750.630151194 235 46
222078.567194667 245 30
238033.817216170 82 47
238620.944583966 111 36
254420.771744258 39 29
257134.507348719 174 10
257174.176237053 50 45
261517.057152682 67 38
273476.708272131 142 60
279039.920798906 209 47
283066.141508762 188 36
289507.335453543 121 31
292535.602634247 89 35
292583.046273821 210 12
294537.012778990 43 25
295738.449530357 157 31
322545.989273448 120 31
329091.349991266 195 45
348565.775892250 171 60
349061.214942123 161 54
361047.998479070 206 49
361205.687846660 178 27
379464.762200860 236 16
382807.882616234 223 37
386462.745087497 138 32
396106.322158688 212 30
399988.025134173 183 36
401145.956291038 165 37
402934.157699328 117 12
408249.913624879 198 34
417702.572172736 111 41
422445.449866810 190 21
428026.160527116 87 40
437384.422687747 230 24
451991.126631477 95 58
455276.559600055 152 18
460188.972753999 143 18
474618.152102570 81 51
482575.850015880 255 29
518624.128390252 60 29
548073.145355501 64 15
569849.120833568 164 18
618628.929604229 232 29
626383.022167705 73 22
648184.602448503 235 24
650611.639916088 239 14
651067.965418877 169 16
652580.874911031 191 31
653680.718838853 60 27
655143.767395759 223 12
683470.426869968 97 59
691998.691968249 216 53
696861.325501242 57 32
706924.137065965 100 36
723842.098290699 164 36
745459.476580866 229 39
749010.511584486 40 41
750591.611489360 250 53
763433.815395839 78 10
770856.106382366 199 16
775561.249170531 46 22
782997.919804762 162 49
797367.134057908 237 30
806119.856477898 193 28
806915.040609813 127 48
830800.196402853 231 58
833591.866447201 34 54
851535.578116676 204 36
854633.884281121 136 35
857674.786461294 72 16
867274.107189791 130 32
867338.741595883 78 14
875506.708527782 45 34
929615.223279017 241 22
958163.861541083 209 14
967591.757037731 255 17
967963.197377335 110 49
979829.566907010 127 50
983573.255073333 155 45
996551.268907975 148 25
1001039.249074428 39 27
1005954.725235652 124 22
1010961.677308592 230 51
1035162.985354561 172 48
1035305.748376276 167 13
1040040.848467523 217 20
1070459.766761081 75 14
1087820.368345110 113 12
1093573.222489322 105 51
1099870.409339283 43 25
1109556.605047365 40 51
1110076.351164587 72 41
1113445.413916267 225 21
1141224.499388354 152 38
1143689.373241490 230 60
1147977.845643745 160 24
1179174.044855153 230 57
1182928.022183355 35 27
1197548.525355676 252 43
1197677.924833253 231 49
1237832.464029308 122 26
1249473.837741517 247 59
