2 10.000000000 0.500000000 5.000000000 20000 8
1258.915000000 64.848000000 0.007655700 0.002543681 248.349004056 0.800000000 0.200000000
4
1 20.000000000 200.000000000 20.000000000 15.000000000 15.000000000 15.000000000
4 20.000000000 200.000000000 20.000000000 18.000000000 18.000000000 18.000000000
64 20.000000000 800.000000000 20.000000000 24.000000000 24.000000000 24.000000000
1024 20.000000000 2400.000000000 20.000000000 33.000000000 33.000000000 33.000000000
200
0.000000000 1024 8
15.675240000 1024 8
31.350480000 1024 8
47.025720000 1024 8
62.700960000 1024 8
78.376200000 1024 8
94.051440000 1024 8
109.726680000 1024 8
125.401920000 1024 8
141.077160000 1024 8
156.752400000 1024 8
172.427640000 1024 8
188.102880000 1024 8
203.778120000 1024 8
219.453360000 1024 8
235.128600000 1024 8
250.803840000 1024 8
266.479080000 1024 8
282.154320000 1024 8
297.829560000 1024 8
313.504800000 1024 8
329.180040000 1024 8
344.855280000 1024 8
360.530520000 1024 8
376.205760000 1024 8
391.881000000 1024 8
407.556240000 1024 8
423.231480000 1024 8
438.906720000 1024 8
454.581960000 1024 8
470.257200000 1024 8
485.932440000 1024 8
501.607680000 1024 8
517.282920000 1024 8
532.958160000 1024 8
548.633400000 1024 8
564.308640000 1024 8
579.983880000 1024 8
595.659120000 1024 8
611.334360000 1024 8
627.009600000 1024 8
642.684840000 1024 8
658.360080000 1024 8
674.035320000 1024 8
689.710560000 1024 8
705.385800000 1024 8
721.061040000 1024 8
736.736280000 1024 8
752.411520000 1024 8
768.086760000 1024 8
783.762000000 1024 8
799.437240000 1024 8
815.112480000 1024 8
830.787720000 1024 8
846.462960000 1024 8
862.138200000 1024 8
877.813440000 1024 8
893.488680000 1024 8
909.163920000 1024 8
924.839160000 1024 8
940.514400000 1024 8
956.189640000 1024 8
971.864880000 1024 8
987.540120000 1024 8
1003.215360000 1024 8
1018.890600000 1024 8
1034.565840000 1024 8
1050.241080000 1024 8
1065.916320000 1024 8
1081.591560000 1024 8
1097.266800000 1024 8
1112.942040000 1024 8
1128.617280000 1024 8
1144.292520000 1024 8
1159.967760000 1024 8
1175.643000000 1024 8
1191.318240000 1024 8
1206.993480000 1024 8
1222.668720000 1024 8
1238.343960000 1024 8
1254.019200000 1024 8
1269.694440000 1024 8
1285.369680000 1024 8
1301.044920000 1024 8
1316.720160000 1024 8
1332.395400000 1024 8
1348.070640000 1024 8
1363.745880000 1024 8
1379.421120000 1024 8
1395.096360000 1024 8
1410.771600000 1024 8
1426.446840000 1024 8
1442.122080000 1024 8
1457.797320000 1024 8
1473.472560000 1024 8
1489.147800000 1024 8
1504.823040000 1024 8
1520.498280000 1024 8
1536.173520000 1024 8
1551.848760000 1024 8
1567.524000000 1024 8
1583.199240000 1024 8
1598.874480000 1024 8
1614.549720000 1024 8
1630.224960000 1024 8
1645.900200000 1024 8
1661.575440000 1024 8
1677.250680000 1024 8
1692.925920000 1024 8
1708.601160000 1024 8
1724.276400000 1024 8
1739.951640000 1024 8
1755.626880000 1024 8
1771.302120000 1024 8
1786.977360000 1024 8
1802.652600000 1024 8
1818.327840000 1024 8
1834.003080000 1024 8
1849.678320000 1024 8
1865.353560000 1024 8
1881.028800000 1024 8
1896.704040000 1024 8
1912.379280000 1024 8
1928.054520000 1024 8
1943.729760000 1024 8
1959.405000000 1024 8
1975.080240000 1024 8
1990.755480000 1024 8
2006.430720000 1024 8
2022.105960000 1024 8
2037.781200000 1024 8
2053.456440000 1024 8
2069.131680000 1024 8
2084.806920000 1024 8
2100.482160000 1024 8
2116.157400000 1024 8
2131.832640000 1024 8
2147.507880000 1024 8
2163.183120000 1024 8
2178.858360000 1024 8
2194.533600000 1024 8
2210.208840000 1024 8
2225.884080000 1024 8
2241.559320000 1024 8
2257.234560000 1024 8
2272.909800000 1024 8
2288.585040000 1024 8
2304.260280000 1024 8
2319.935520000 1024 8
2335.610760000 1024 8
2351.286000000 1024 8
2366.961240000 1024 8
2382.636480000 1024 8
2398.311720000 1024 8
2413.986960000 1024 8
2429.662200000 1024 8
2445.337440000 1024 8
2461.012680000 1024 8
2476.687920000 1024 8
2492.363160000 1024 8
2508.038400000 1024 8
2523.713640000 1024 8
2539.388880000 1024 8
2555.064120000 1024 8
2570.739360000 1024 8
2586.414600000 1024 8
2602.089840000 1024 8
2617.765080000 1024 8
2633.440320000 1024 8
2649.115560000 1024 8
2664.790800000 1024 8
2680.466040000 1024 8
2696.141280000 1024 8
2711.816520000 1024 8
2727.491760000 1024 8
2743.167000000 1024 8
2758.842240000 1024 8
2774.517480000 1024 8
2790.192720000 1024 8
2805.867960000 1024 8
2821.543200000 1024 8
2837.218440000 1024 8
2852.893680000 1024 8
2868.568920000 1024 8
2884.244160000 1024 8
2899.919400000 1024 8
2915.594640000 1024 8
2931.269880000 1024 8
2946.945120000 1024 8
2962.620360000 1024 8
2978.295600000 1024 8
2993.970840000 1024 8
3009.646080000 1024 8
3025.321320000 1024 8
3040.996560000 1024 8
3056.671800000 1024 8
3072.347040000 1024 8
3088.022280000 1024 8
3103.697520000 1024 8
3119.372760000 1024 8
