8 2.000000000 0.050000000 40.000000000 50 8
1275.378922553 20.000000000 0.056720659 0.002130121 16.888000000 0.750000000 0.250000000
4
1 10.000000000 1651.690982829 10.000000000 15.861856320 31.791765268 3.426630362
4 10.000000000 1651.690982829 10.000000000 21.787203788 63.147559363 6.091650514
64 10.000000000 1651.690982829 10.000000000 45.488593659 188.570735742 16.751731122
2048 10.000000000 1651.690982829 10.000000000 89.928699669 423.739191453 36.739382261
150
132.680107013 126 5
265.360214027 172 15
398.040321040 48 24
530.720428054 10 13
663.400535067 132 45
796.080642081 50 7
928.760749094 95 19
1061.440856108 46 23
6302.487215667 72 77
6435.167322681 45 6
6567.847429694 8 30
6700.527536708 41 30
6833.207643721 100 31
6965.887750735 34 31
7098.567857748 44 31
7231.247964762 126 50
12472.294324321 22 14
12604.974431335 116 2
12737.654538348 35 13
12870.334645362 12 2
13003.014752375 7 17
13135.694859389 214 3
13268.374966402 128 2
13401.055073415 31 14
18642.101432975 80 64
18774.781539989 11 42
18907.461647002 73 30
19040.141754015 49 3
19172.821861029 135 20
19305.501968042 85 3
19438.182075056 71 13
19570.862182069 228 15
24811.908541629 22 5
24944.588648642 79 5
25077.268755656 103 3
25209.948862669 79 42
25342.628969683 68 107
25475.309076696 154 2
25607.989183710 211 11
25740.669290723 45 18
30981.715650283 5 16
31114.395757296 76 38
31247.075864310 45 50
31379.755971323 32 1
31512.436078337 572 18
31645.116185350 78 9
31777.796292364 33 14
31910.476399377 29 87
37151.522758937 49 26
37284.202865950 8 24
37416.882972964 13 2
37549.563079977 137 11
37682.243186991 100 11
37814.923294004 30 2
37947.603401017 39 9
38080.283508031 92 15
43321.329867591 46 18
43454.009974604 63 1
43586.690081618 58 27
43719.370188631 36 9
43852.050295644 120 3
43984.730402658 177 10
44117.410509671 85 8
44250.090616685 114 21
49491.136976244 152 5
49623.817083258 58 8
49756.497190271 45 37
49889.177297285 173 8
50021.857404298 197 3
50154.537511312 63 23
50287.217618325 91 2
50419.897725339 619 25
55660.944084898 36 9
55793.624191912 93 20
55926.304298925 766 2
56058.984405939 73 28
56191.664512952 28 12
56324.344619966 287 9
56457.024726979 94 6
56589.704833993 229 3
61830.751193552 56 8
61963.431300566 149 94
62096.111407579 14 20
62228.791514593 59 8
62361.471621606 99 17
62494.151728619 112 21
62626.831835633 59 11
62759.511942646 325 7
68000.558302206 23 12
68133.238409220 202 72
68265.918516233 16 2
68398.598623246 62 18
68531.278730260 21 20
68663.958837273 79 9
68796.638944287 96 23
68929.319051300 138 9
74170.365410860 40 4
74303.045517873 30 12
74435.725624887 40 15
74568.405731900 12 17
74701.085838914 27 17
74833.765945927 41 5
74966.446052941 30 32
75099.126159954 43 35
80340.172519514 47 21
80472.852626527 90 9
80605.532733541 38 6
80738.212840554 104 4
80870.892947568 73 10
81003.573054581 13 4
81136.253161595 106 11
81268.933268608 54 52
86509.979628168 37 9
86642.659735181 97 7
86775.339842195 16 9
86908.019949208 55 7
87040.700056221 664 2
87173.380163235 328 55
87306.060270248 31 10
87438.740377262 9 19
92679.786736821 10 23
92812.466843835 20 35
92945.146950848 18 9
93077.827057862 673 106
93210.507164875 8 24
93343.187271889 110 31
93475.867378902 11 127
93608.547485916 37 8
98849.593845475 14 24
98982.273952489 34 49
99114.954059502 29 113
99247.634166516 22 8
99380.314273529 5 31
99512.994380543 162 13
99645.674487556 18 95
99778.354594570 129 14
105019.400954129 171 2
105152.081061143 548 1
105284.761168156 33 18
105417.441275170 79 7
105550.121382183 267 3
105682.801489196 44 45
105815.481596210 114 5
105948.161703223 197 1
111189.208062783 13 21
111321.888169797 29 1
111454.568276810 451 11
111587.248383823 247 5
111719.928490837 42 4
111852.608597850 182 6
