8 2.000000000 0.050000000 40.000000000 200 8
554.030000000 116.161398053 0.011731295 0.000095655 33.850000000 0.750000000 0.250000000
4
1 10.000000000 1891.189735725 10.000000000 21.945937618 22.497842651 4.703605743
4 10.000000000 1891.189735725 10.000000000 34.894297165 37.172125716 4.703605743
64 10.000000000 1891.189735725 10.000000000 86.687735351 95.869257976 4.703605743
2048 10.000000000 1891.189735725 10.000000000 183.800431950 205.926380965 4.703605743
350
57.608563441 75 1
115.217126881 12 1
172.825690322 110 1
230.434253762 40 1
288.042817203 23 1
345.651380643 66 1
403.259944084 3 1
460.868507524 35 1
1784.494162123 79 1
1842.102725563 126 1
1899.711289004 24 1
1957.319852445 18 1
2014.928415885 52 1
2072.536979326 53 1
2130.145542766 21 1
2187.754106207 62 1
3511.379760805 37 1
3568.988324246 217 1
3626.596887686 20 1
3684.205451127 14 1
3741.814014567 2 1
3799.422578008 81 1
3857.031141449 18 1
3914.639704889 82 1
5238.265359488 56 1
5295.873922928 86 1
5353.482486369 15 1
5411.091049809 86 1
5468.699613250 20 1
5526.308176690 85 1
5583.916740131 74 1
5641.525303571 141 1
6965.150958170 8 1
7022.759521611 36 1
7080.368085051 67 1
7137.976648492 5 1
7195.585211932 15 1
7253.193775373 35 1
7310.802338813 4 1
7368.410902254 5 1
8692.036556853 2 1
8749.645120293 45 1
8807.253683734 144 1
8864.862247174 8 1
8922.470810615 76 1
8980.079374055 6 1
9037.687937496 13 1
9095.296500936 39 1
10418.922155535 43 1
10476.530718976 180 1
10534.139282416 4 1
10591.747845857 116 1
10649.356409297 38 1
10706.964972738 81 1
10764.573536178 23 1
10822.182099619 7 1
12145.807754217 81 1
12203.416317658 55 1
12261.024881098 46 1
12318.633444539 7 1
12376.242007980 37 1
12433.850571420 35 1
12491.459134861 156 1
12549.067698301 40 1
13872.693352900 8 1
13930.301916340 12 1
13987.910479781 41 1
14045.519043221 13 1
14103.127606662 58 1
14160.736170102 8 1
14218.344733543 42 1
14275.953296983 116 1
15599.578951582 35 1
15657.187515023 308 1
15714.796078463 96 1
15772.404641904 4 1
15830.013205344 141 1
15887.621768785 28 1
15945.230332225 21 1
16002.838895666 49 1
17326.464550265 1 1
17384.073113705 43 1
17441.681677146 39 1
17499.290240586 106 1
17556.898804027 20 1
17614.507367467 141 1
17672.115930908 13 1
17729.724494348 3 1
19053.350148947 490 1
19110.958712388 50 1
19168.567275828 41 1
19226.175839269 23 1
19283.784402709 14 1
19341.392966150 39 1
19399.001529590 12 1
19456.610093031 249 1
20780.235747629 23 1
20837.844311070 70 1
20895.452874510 2 1
20953.061437951 65 1
21010.670001392 4 1
21068.278564832 5 1
21125.887128273 82 1
21183.495691713 30 1
22507.121346312 56 1
22564.729909752 29 1
22622.338473193 13 1
22679.947036633 6 1
22737.555600074 17 1
22795.164163514 23 1
22852.772726955 50 1
22910.381290396 40 1
24234.006944994 21 1
24291.615508435 49 1
24349.224071875 32 1
24406.832635316 3 1
24464.441198756 28 1
24522.049762197 73 1
24579.658325637 16 1
24637.266889078 25 1
25960.892543677 70 1
26018.501107117 8 1
26076.109670558 114 1
26133.718233998 28 1
26191.326797439 46 1
26248.935360879 20 1
26306.543924320 65 1
26364.152487760 58 1
27687.778142359 94 1
27745.386705800 12 1
27802.995269240 28 1
27860.603832681 21 1
27918.212396121 21 1
27975.820959562 103 1
28033.429523002 110 1
28091.038086443 20 1
29414.663741041 130 1
29472.272304482 7 1
29529.880867923 32 1
29587.489431363 62 1
29645.097994804 49 1
29702.706558244 5 1
29760.315121685 541 1
29817.923685125 68 1
31141.549339724 16 1
31199.157903164 24 1
31256.766466605 51 1
31314.375030045 53 1
31371.983593486 706 1
31429.592156926 4 1
31487.200720367 38 1
31544.809283808 77 1
32868.434938406 11 1
32926.043501847 33 1
32983.652065287 208 1
33041.260628728 25 1
33098.869192168 52 1
33156.477755609 14 1
33214.086319049 157 1
33271.694882490 9 1
34595.320537089 27 1
34652.929100529 22 1
34710.537663970 92 1
34768.146227410 268 1
34825.754790851 5 1
34883.363354291 53 1
34940.971917732 29 1
34998.580481172 20 1
36322.206135771 55 1
36379.814699212 46 1
36437.423262652 65 1
36495.031826093 56 1
36552.640389533 29 1
36610.248952974 29 1
36667.857516414 242 1
36725.466079855 17 1
38049.091734453 9 1
38106.700297894 33 1
38164.308861335 134 1
38221.917424775 203 1
38279.525988216 6 1
38337.134551656 4 1
38394.743115097 31 1
38452.351678537 49 1
39775.977333136 8 1
39833.585896576 53 1
39891.194460017 42 1
39948.803023457 25 1
40006.411586898 53 1
40064.020150339 63 1
40121.628713779 84 1
40179.237277220 25 1
41502.862931818 18 1
41560.471495259 10 1
41618.080058699 13 1
41675.688622140 32 1
41733.297185580 18 1
41790.905749021 41 1
41848.514312461 4 1
41906.122875902 47 1
43229.748530501 11 1
43287.357093941 47 1
43344.965657382 18 1
43402.574220822 14 1
43460.182784263 13 1
43517.791347703 87 1
43575.399911144 20 1
43633.008474584 97 1
44956.634129183 22 1
45014.242692624 57 1
45071.851256064 49 1
45129.459819505 23 1
45187.068382945 16 1
45244.676946386 15 1
45302.285509826 59 1
45359.894073267 9 1
46683.519727866 37 1
46741.128291306 26 1
46798.736854747 5 1
46856.345418187 9 1
46913.953981628 60 1
46971.562545068 29 1
47029.171108509 26 1
47086.779671949 146 1
48410.405326548 16 1
48468.013889988 23 1
48525.622453429 54 1
48583.231016870 18 1
48640.839580310 5 1
48698.448143751 23 1
48756.056707191 27 1
48813.665270632 20 1
50137.290925230 590 1
50194.899488671 4 1
50252.508052111 245 1
50310.116615552 153 1
50367.725178992 13 1
50425.333742433 26 1
50482.942305873 3 1
50540.550869314 53 1
51864.176523913 3 1
51921.785087353 62 1
51979.393650794 8 1
52037.002214234 97 1
52094.610777675 7 1
52152.219341115 25 1
52209.827904556 601 1
52267.436467996 303 1
53591.062122595 2 1
53648.670686036 65 1
53706.279249476 63 1
53763.887812917 84 1
53821.496376357 4 1
53879.104939798 368 1
53936.713503238 16 1
53994.322066679 21 1
55317.947721278 5 1
55375.556284718 67 1
55433.164848159 15 1
55490.773411599 138 1
55548.381975040 12 1
55605.990538480 324 1
55663.599101921 9 1
55721.207665361 22 1
57044.833319960 1 1
57102.441883400 86 1
57160.050446841 102 1
57217.659010282 34 1
57275.267573722 7 1
57332.876137163 273 1
57390.484700603 77 1
57448.093264044 38 1
58771.718918642 109 1
58829.327482083 4 1
58886.936045523 464 1
58944.544608964 2 1
59002.153172404 14 1
59059.761735845 49 1
59117.370299286 42 1
59174.978862726 18 1
60498.604517325 190 1
60556.213080765 7 1
60613.821644206 20 1
60671.430207646 126 1
60729.038771087 66 1
60786.647334527 14 1
60844.255897968 130 1
60901.864461408 2 1
62225.490116007 4 1
62283.098679448 58 1
62340.707242888 12 1
62398.315806329 3 1
62455.924369769 365 1
62513.532933210 30 1
62571.141496650 172 1
62628.750060091 14 1
63952.375714690 19 1
64009.984278130 10 1
64067.592841571 117 1
64125.201405011 15 1
64182.809968452 901 1
64240.418531892 20 1
64298.027095333 49 1
64355.635658773 11 1
65679.261313372 54 1
65736.869876813 49 1
65794.478440253 51 1
65852.087003694 3 1
65909.695567134 38 1
65967.304130575 8 1
66024.912694015 107 1
66082.521257456 14 1
67406.146912054 20 1
67463.755475495 23 1
67521.364038936 29 1
67578.972602376 24 1
67636.581165817 1 1
67694.189729257 15 1
67751.798292698 85 1
67809.406856138 25 1
69133.032510737 15 1
69190.641074177 13 1
69248.249637618 3 1
69305.858201059 24 1
69363.466764499 32 1
69421.075327940 8 1
69478.683891380 9 1
69536.292454821 2 1
70859.918109419 39 1
70917.526672860 22 1
70975.135236300 30 1
71032.743799741 29 1
71090.352363182 30 1
71147.960926622 23 1
71205.569490063 15 1
71263.178053503 3 1
72586.803708102 43 1
72644.412271542 297 1
72702.020834983 1 1
72759.629398423 194 1
72817.237961864 32 1
72874.846525304 45 1
72932.455088745 18 1
72990.063652186 71 1
74313.689306784 5 1
74371.297870225 23 1
74428.906433665 114 1
74486.514997106 63 1
74544.123560546 21 1
74601.732123987 32 1
